3 0.3020833333333333 0.2351851851851852 0.32916666666666666 0.2351851851851852 0.32916666666666666 0.2833333333333333 0.3020833333333333 0.2833333333333333
1 0.3347222222222222 0.2351851851851852 0.3520833333333333 0.2351851851851852 0.3520833333333333 0.2833333333333333 0.3347222222222222 0.2833333333333333
37 0.36041666666666666 0.2351851851851852 0.38263888888888886 0.2351851851851852 0.38263888888888886 0.26481481481481484 0.36041666666666666 0.26481481481481484
0 0.38958333333333334 0.2351851851851852 0.4166666666666667 0.2351851851851852 0.4166666666666667 0.2833333333333333 0.38958333333333334 0.2833333333333333
5 0.42430555555555555 0.2351851851851852 0.4513888888888889 0.2351851851851852 0.4513888888888889 0.2833333333333333 0.42430555555555555 0.2833333333333333
37 0.4597222222222222 0.2351851851851852 0.48680555555555555 0.2351851851851852 0.48680555555555555 0.2712962962962963 0.4597222222222222 0.2712962962962963
2 0.49166666666666664 0.2351851851851852 0.5111111111111111 0.2351851851851852 0.5111111111111111 0.2851851851851852 0.49166666666666664 0.2851851851851852
0 0.51875 0.2351851851851852 0.5458333333333334 0.2351851851851852 0.5458333333333334 0.2833333333333333 0.51875 0.2833333333333333
2 0.5541666666666667 0.2351851851851852 0.58125 0.2351851851851852 0.58125 0.28425925925925927 0.5541666666666667 0.28425925925925927
5 0.5888888888888889 0.2351851851851852 0.6159722222222223 0.2351851851851852 0.6159722222222223 0.2833333333333333 0.5888888888888889 0.2833333333333333
0 0.6576388888888889 0.2351851851851852 0.6847222222222222 0.2351851851851852 0.6847222222222222 0.2833333333333333 0.6576388888888889 0.2833333333333333
4 0.6916666666666667 0.2351851851851852 0.7111111111111111 0.2351851851851852 0.7111111111111111 0.28425925925925927 0.6916666666666667 0.28425925925925927
36 0.7194444444444444 0.2351851851851852 0.7263888888888889 0.2351851851851852 0.7263888888888889 0.26481481481481484 0.7194444444444444 0.26481481481481484
5 0.7333333333333333 0.2351851851851852 0.7604166666666666 0.2351851851851852 0.7604166666666666 0.2833333333333333 0.7333333333333333 0.2833333333333333
0 0.7652777777777777 0.2351851851851852 0.7847222222222222 0.2351851851851852 0.7847222222222222 0.28425925925925927 0.7652777777777777 0.28425925925925927
2 0.3784722222222222 0.3 0.39791666666666664 0.3 0.39791666666666664 0.3490740740740741 0.3784722222222222 0.3490740740740741
0 0.4041666666666667 0.3 0.4236111111111111 0.3 0.4236111111111111 0.3490740740740741 0.4041666666666667 0.3490740740740741
37 0.42986111111111114 0.3 0.4569444444444445 0.3 0.4569444444444445 0.3361111111111111 0.42986111111111114 0.3361111111111111
1 0.46458333333333335 0.3 0.47708333333333336 0.3 0.47708333333333336 0.3490740740740741 0.46458333333333335 0.3490740740740741
0 0.48333333333333334 0.3 0.5104166666666666 0.3 0.5104166666666666 0.34814814814814815 0.48333333333333334 0.34814814814814815
37 0.5166666666666667 0.3 0.5437500000000001 0.3 0.5437500000000001 0.3361111111111111 0.5166666666666667 0.3361111111111111
2 0.5513888888888889 0.3 0.5784722222222223 0.3 0.5784722222222223 0.34814814814814815 0.5513888888888889 0.34814814814814815
0 0.5833333333333334 0.3 0.6104166666666667 0.3 0.6104166666666667 0.34814814814814815 0.5833333333333334 0.34814814814814815
2 0.6166666666666667 0.3 0.64375 0.3 0.64375 0.34814814814814815 0.6166666666666667 0.34814814814814815
5 0.6513888888888889 0.3 0.6708333333333334 0.3 0.6708333333333334 0.3490740740740741 0.6513888888888889 0.3490740740740741
1 0.3784722222222222 0.3648148148148148 0.3958333333333333 0.3648148148148148 0.3958333333333333 0.41388888888888886 0.3784722222222222 0.41388888888888886
4 0.4027777777777778 0.3648148148148148 0.42986111111111114 0.3648148148148148 0.42986111111111114 0.412962962962963 0.4027777777777778 0.412962962962963
7 0.43819444444444444 0.3648148148148148 0.4576388888888889 0.3648148148148148 0.4576388888888889 0.412962962962963 0.43819444444444444 0.412962962962963
4 0.46597222222222223 0.3648148148148148 0.4930555555555556 0.3648148148148148 0.4930555555555556 0.412962962962963 0.46597222222222223 0.412962962962963
7 0.5013888888888889 0.3648148148148148 0.5208333333333334 0.3648148148148148 0.5208333333333334 0.41388888888888886 0.5013888888888889 0.41388888888888886
1 0.5256944444444445 0.3648148148148148 0.5430555555555556 0.3648148148148148 0.5430555555555556 0.412962962962963 0.5256944444444445 0.412962962962963
7 0.5493055555555556 0.3648148148148148 0.576388888888889 0.3648148148148148 0.576388888888889 0.412962962962963 0.5493055555555556 0.412962962962963
2 0.58125 0.3648148148148148 0.6083333333333334 0.3648148148148148 0.6083333333333334 0.41388888888888886 0.58125 0.41388888888888886
18 0.6145833333333334 0.3648148148148148 0.6270833333333333 0.3648148148148148 0.6270833333333333 0.4148148148148148 0.6145833333333334 0.4148148148148148
10 0.6347222222222222 0.3648148148148148 0.6618055555555555 0.3648148148148148 0.6618055555555555 0.412962962962963 0.6347222222222222 0.412962962962963
