0 0.3020833333333333 0.23148148148148148 0.32916666666666666 0.23148148148148148 0.32916666666666666 0.2796296296296296 0.3020833333333333 0.2796296296296296
2 0.3347222222222222 0.23148148148148148 0.36180555555555555 0.23148148148148148 0.36180555555555555 0.2796296296296296 0.3347222222222222 0.2796296296296296
37 0.36944444444444446 0.23148148148148148 0.3965277777777778 0.23148148148148148 0.3965277777777778 0.2675925925925926 0.36944444444444446 0.2675925925925926
1 0.4013888888888889 0.23148148148148148 0.41875 0.23148148148148148 0.41875 0.2796296296296296 0.4013888888888889 0.2796296296296296
2 0.425 0.23148148148148148 0.45208333333333334 0.23148148148148148 0.45208333333333334 0.28055555555555556 0.425 0.28055555555555556
37 0.45902777777777776 0.23148148148148148 0.4861111111111111 0.23148148148148148 0.4861111111111111 0.2675925925925926 0.45902777777777776 0.2675925925925926
2 0.49375 0.23148148148148148 0.5208333333333334 0.23148148148148148 0.5208333333333334 0.2796296296296296 0.49375 0.2796296296296296
0 0.5284722222222222 0.23148148148148148 0.5479166666666667 0.23148148148148148 0.5479166666666667 0.28055555555555556 0.5284722222222222 0.28055555555555556
2 0.5527777777777778 0.23148148148148148 0.5798611111111112 0.23148148148148148 0.5798611111111112 0.28055555555555556 0.5527777777777778 0.28055555555555556
4 0.5881944444444445 0.23148148148148148 0.607638888888889 0.23148148148148148 0.607638888888889 0.28055555555555556 0.5881944444444445 0.28055555555555556
0 0.6520833333333333 0.23148148148148148 0.6791666666666667 0.23148148148148148 0.6791666666666667 0.2796296296296296 0.6520833333333333 0.2796296296296296
7 0.6854166666666667 0.23148148148148148 0.7125 0.23148148148148148 0.7125 0.2796296296296296 0.6854166666666667 0.2796296296296296
36 0.7201388888888889 0.23148148148148148 0.73125 0.23148148148148148 0.73125 0.2675925925925926 0.7201388888888889 0.2675925925925926
2 0.7395833333333334 0.23148148148148148 0.7666666666666667 0.23148148148148148 0.7666666666666667 0.2796296296296296 0.7395833333333334 0.2796296296296296
7 0.7722222222222223 0.23148148148148148 0.7993055555555556 0.23148148148148148 0.7993055555555556 0.2796296296296296 0.7722222222222223 0.2796296296296296
0 0.3784722222222222 0.2962962962962963 0.40555555555555556 0.2962962962962963 0.40555555555555556 0.34444444444444444 0.3784722222222222 0.34444444444444444
7 0.4111111111111111 0.2962962962962963 0.43819444444444444 0.2962962962962963 0.43819444444444444 0.34444444444444444 0.4111111111111111 0.34444444444444444
37 0.44375 0.2962962962962963 0.4708333333333333 0.2962962962962963 0.4708333333333333 0.3324074074074074 0.44375 0.3324074074074074
1 0.4756944444444444 0.2962962962962963 0.48819444444444443 0.2962962962962963 0.48819444444444443 0.3453703703703703 0.4756944444444444 0.3453703703703703
2 0.4951388888888889 0.2962962962962963 0.5222222222222223 0.2962962962962963 0.5222222222222223 0.3453703703703703 0.4951388888888889 0.3453703703703703
37 0.5291666666666667 0.2962962962962963 0.5513888888888889 0.2962962962962963 0.5513888888888889 0.3259259259259259 0.5291666666666667 0.3259259259259259
2 0.55625 0.2962962962962963 0.5756944444444445 0.2962962962962963 0.5756944444444445 0.3453703703703703 0.55625 0.3453703703703703
0 0.58125 0.2962962962962963 0.6083333333333334 0.2962962962962963 0.6083333333333334 0.34444444444444444 0.58125 0.34444444444444444
2 0.6159722222222223 0.2962962962962963 0.6430555555555556 0.2962962962962963 0.6430555555555556 0.34444444444444444 0.6159722222222223 0.34444444444444444
4 0.6486111111111111 0.2962962962962963 0.6756944444444445 0.2962962962962963 0.6756944444444445 0.34444444444444444 0.6486111111111111 0.34444444444444444
1 0.3784722222222222 0.3611111111111111 0.3909722222222222 0.3611111111111111 0.3909722222222222 0.4101851851851852 0.3784722222222222 0.4101851851851852
0 0.3958333333333333 0.3611111111111111 0.42291666666666666 0.3611111111111111 0.42291666666666666 0.40925925925925927 0.3958333333333333 0.40925925925925927
5 0.42986111111111114 0.3611111111111111 0.4569444444444445 0.3611111111111111 0.4569444444444445 0.40925925925925927 0.42986111111111114 0.40925925925925927
0 0.46458333333333335 0.3611111111111111 0.4916666666666667 0.3611111111111111 0.4916666666666667 0.40925925925925927 0.46458333333333335 0.40925925925925927
6 0.4979166666666667 0.3611111111111111 0.5173611111111112 0.3611111111111111 0.5173611111111112 0.4101851851851852 0.4979166666666667 0.4101851851851852
8 0.5256944444444445 0.3611111111111111 0.5527777777777778 0.3611111111111111 0.5527777777777778 0.40925925925925927 0.5256944444444445 0.40925925925925927
6 0.5597222222222222 0.3611111111111111 0.5868055555555556 0.3611111111111111 0.5868055555555556 0.40925925925925927 0.5597222222222222 0.40925925925925927
9 0.5916666666666667 0.3611111111111111 0.6111111111111112 0.3611111111111111 0.6111111111111112 0.4101851851851852 0.5916666666666667 0.4101851851851852
15 0.6194444444444445 0.3611111111111111 0.6465277777777778 0.3611111111111111 0.6465277777777778 0.40925925925925927 0.6194444444444445 0.40925925925925927
26 0.6513888888888889 0.3611111111111111 0.6708333333333334 0.3611111111111111 0.6708333333333334 0.4101851851851852 0.6513888888888889 0.4101851851851852
