0 0.30486111111111114 0.2351851851851852 0.3319444444444445 0.2351851851851852 0.3319444444444445 0.2833333333333333 0.30486111111111114 0.2833333333333333
6 0.3375 0.2351851851851852 0.35694444444444445 0.2351851851851852 0.35694444444444445 0.28425925925925927 0.3375 0.28425925925925927
37 0.3625 0.2351851851851852 0.38958333333333334 0.2351851851851852 0.38958333333333334 0.2712962962962963 0.3625 0.2712962962962963
0 0.39791666666666664 0.2351851851851852 0.425 0.2351851851851852 0.425 0.2833333333333333 0.39791666666666664 0.2833333333333333
5 0.4326388888888889 0.2351851851851852 0.45972222222222225 0.2351851851851852 0.45972222222222225 0.28425925925925927 0.4326388888888889 0.28425925925925927
37 0.4666666666666667 0.2351851851851852 0.49375 0.2351851851851852 0.49375 0.2712962962962963 0.4666666666666667 0.2712962962962963
2 0.5006944444444444 0.2351851851851852 0.5277777777777778 0.2351851851851852 0.5277777777777778 0.2833333333333333 0.5006944444444444 0.2833333333333333
0 0.5361111111111111 0.2351851851851852 0.5555555555555556 0.2351851851851852 0.5555555555555556 0.28425925925925927 0.5361111111111111 0.28425925925925927
2 0.5611111111111111 0.2351851851851852 0.5805555555555556 0.2351851851851852 0.5805555555555556 0.28425925925925927 0.5611111111111111 0.28425925925925927
5 0.5868055555555556 0.2351851851851852 0.6062500000000001 0.2351851851851852 0.6062500000000001 0.2851851851851852 0.5868055555555556 0.2851851851851852
0 0.6520833333333333 0.2351851851851852 0.6791666666666667 0.2351851851851852 0.6791666666666667 0.2833333333333333 0.6520833333333333 0.2833333333333333
0 0.6854166666666667 0.2351851851851852 0.7125 0.2351851851851852 0.7125 0.28425925925925927 0.6854166666666667 0.28425925925925927
36 0.7173611111111111 0.2351851851851852 0.7298611111111111 0.2351851851851852 0.7298611111111111 0.2712962962962963 0.7173611111111111 0.2712962962962963
1 0.7361111111111112 0.2351851851851852 0.7493055555555556 0.2351851851851852 0.7493055555555556 0.28425925925925927 0.7361111111111112 0.28425925925925927
5 0.75625 0.2351851851851852 0.7833333333333333 0.2351851851851852 0.7833333333333333 0.2833333333333333 0.75625 0.2833333333333333
0 0.38125 0.3 0.4006944444444444 0.3 0.4006944444444444 0.3490740740740741 0.38125 0.3490740740740741
2 0.4076388888888889 0.3 0.43472222222222223 0.3 0.43472222222222223 0.34814814814814815 0.4076388888888889 0.34814814814814815
37 0.4409722222222222 0.3 0.46805555555555556 0.3 0.46805555555555556 0.3361111111111111 0.4409722222222222 0.3361111111111111
0 0.47291666666666665 0.3 0.5 0.3 0.5 0.34814814814814815 0.47291666666666665 0.34814814814814815
6 0.5083333333333333 0.3 0.5277777777777778 0.3 0.5277777777777778 0.3490740740740741 0.5083333333333333 0.3490740740740741
37 0.5326388888888889 0.3 0.5597222222222222 0.3 0.5597222222222222 0.3361111111111111 0.5326388888888889 0.3361111111111111
2 0.5680555555555555 0.3 0.5951388888888889 0.3 0.5951388888888889 0.34814814814814815 0.5680555555555555 0.34814814814814815
0 0.6034722222222222 0.3 0.6229166666666667 0.3 0.6229166666666667 0.3490740740740741 0.6034722222222222 0.3490740740740741
2 0.6305555555555555 0.3 0.65 0.3 0.65 0.35 0.6305555555555555 0.35
5 0.65625 0.3 0.6833333333333333 0.3 0.6833333333333333 0.34814814814814815 0.65625 0.34814814814814815
2 0.38125 0.3648148148148148 0.4083333333333333 0.3648148148148148 0.4083333333333333 0.412962962962963 0.38125 0.412962962962963
8 0.41597222222222224 0.3648148148148148 0.4354166666666667 0.3648148148148148 0.4354166666666667 0.41388888888888886 0.41597222222222224 0.41388888888888886
6 0.44305555555555554 0.3648148148148148 0.4701388888888889 0.3648148148148148 0.4701388888888889 0.412962962962963 0.44305555555555554 0.412962962962963
3 0.475 0.3648148148148148 0.5020833333333333 0.3648148148148148 0.5020833333333333 0.412962962962963 0.475 0.412962962962963
8 0.5069444444444444 0.3648148148148148 0.5263888888888889 0.3648148148148148 0.5263888888888889 0.4148148148148148 0.5069444444444444 0.4148148148148148
8 0.53125 0.3648148148148148 0.5506944444444445 0.3648148148148148 0.5506944444444445 0.41388888888888886 0.53125 0.41388888888888886
7 0.5555555555555556 0.3648148148148148 0.5750000000000001 0.3648148148148148 0.5750000000000001 0.412962962962963 0.5555555555555556 0.412962962962963
8 0.5833333333333334 0.3648148148148148 0.6104166666666667 0.3648148148148148 0.6104166666666667 0.412962962962963 0.5833333333333334 0.412962962962963
11 0.6152777777777778 0.3648148148148148 0.6347222222222223 0.3648148148148148 0.6347222222222223 0.41388888888888886 0.6152777777777778 0.41388888888888886
27 0.6395833333333333 0.3648148148148148 0.6666666666666666 0.3648148148148148 0.6666666666666666 0.412962962962963 0.6395833333333333 0.412962962962963
