0 0.29375 0.23055555555555557 0.32083333333333336 0.23055555555555557 0.32083333333333336 0.27870370370370373 0.29375 0.27870370370370373
2 0.32569444444444445 0.23055555555555557 0.3451388888888889 0.23055555555555557 0.3451388888888889 0.2796296296296297 0.32569444444444445 0.2796296296296297
37 0.3506944444444444 0.23055555555555557 0.37777777777777777 0.23055555555555557 0.37777777777777777 0.26666666666666666 0.3506944444444444 0.26666666666666666
1 0.38263888888888886 0.23055555555555557 0.39999999999999997 0.23055555555555557 0.39999999999999997 0.27870370370370373 0.38263888888888886 0.27870370370370373
0 0.40625 0.23055555555555557 0.42569444444444443 0.23055555555555557 0.42569444444444443 0.2796296296296297 0.40625 0.2796296296296297
37 0.43333333333333335 0.23055555555555557 0.4604166666666667 0.23055555555555557 0.4604166666666667 0.26666666666666666 0.43333333333333335 0.26666666666666666
2 0.46805555555555556 0.23055555555555557 0.4951388888888889 0.23055555555555557 0.4951388888888889 0.2796296296296297 0.46805555555555556 0.2796296296296297
0 0.5034722222222222 0.23055555555555557 0.5305555555555556 0.23055555555555557 0.5305555555555556 0.27870370370370373 0.5034722222222222 0.27870370370370373
2 0.5368055555555555 0.23055555555555557 0.5638888888888889 0.23055555555555557 0.5638888888888889 0.27870370370370373 0.5368055555555555 0.27870370370370373
5 0.5708333333333333 0.23055555555555557 0.5979166666666667 0.23055555555555557 0.5979166666666667 0.27870370370370373 0.5708333333333333 0.27870370370370373
1 0.6409722222222223 0.23055555555555557 0.6583333333333334 0.23055555555555557 0.6583333333333334 0.2796296296296297 0.6409722222222223 0.2796296296296297
9 0.6659722222222222 0.23055555555555557 0.6930555555555555 0.23055555555555557 0.6930555555555555 0.27870370370370373 0.6659722222222222 0.27870370370370373
36 0.6993055555555555 0.23055555555555557 0.7062499999999999 0.23055555555555557 0.7062499999999999 0.2611111111111111 0.6993055555555555 0.2611111111111111
5 0.7111111111111111 0.23055555555555557 0.7305555555555556 0.23055555555555557 0.7305555555555556 0.28055555555555556 0.7111111111111111 0.28055555555555556
6 0.7354166666666667 0.23055555555555557 0.7548611111111112 0.23055555555555557 0.7548611111111112 0.2796296296296297 0.7354166666666667 0.2796296296296297
1 0.3701388888888889 0.2953703703703704 0.3826388888888889 0.2953703703703704 0.3826388888888889 0.34444444444444444 0.3701388888888889 0.34444444444444444
0 0.38958333333333334 0.2953703703703704 0.4166666666666667 0.2953703703703704 0.4166666666666667 0.34351851851851856 0.38958333333333334 0.34351851851851856
37 0.42291666666666666 0.2953703703703704 0.45 0.2953703703703704 0.45 0.3314814814814815 0.42291666666666666 0.3314814814814815
0 0.4576388888888889 0.2953703703703704 0.4847222222222222 0.2953703703703704 0.4847222222222222 0.34351851851851856 0.4576388888888889 0.34351851851851856
9 0.49236111111111114 0.2953703703703704 0.5118055555555556 0.2953703703703704 0.5118055555555556 0.34444444444444444 0.49236111111111114 0.34444444444444444
37 0.5166666666666667 0.2953703703703704 0.5437500000000001 0.2953703703703704 0.5437500000000001 0.3314814814814815 0.5166666666666667 0.3314814814814815
2 0.5520833333333334 0.2953703703703704 0.5715277777777779 0.2953703703703704 0.5715277777777779 0.34444444444444444 0.5520833333333334 0.34444444444444444
0 0.5763888888888888 0.2953703703703704 0.5958333333333333 0.2953703703703704 0.5958333333333333 0.34444444444444444 0.5763888888888888 0.34444444444444444
2 0.6020833333333333 0.2953703703703704 0.6291666666666667 0.2953703703703704 0.6291666666666667 0.34444444444444444 0.6020833333333333 0.34444444444444444
5 0.6347222222222222 0.2953703703703704 0.6618055555555555 0.2953703703703704 0.6618055555555555 0.34351851851851856 0.6347222222222222 0.34351851851851856
7 0.3701388888888889 0.36018518518518516 0.39722222222222225 0.36018518518518516 0.39722222222222225 0.4092592592592592 0.3701388888888889 0.4092592592592592
2 0.40555555555555556 0.36018518518518516 0.4326388888888889 0.36018518518518516 0.4326388888888889 0.4083333333333333 0.40555555555555556 0.4083333333333333
2 0.4375 0.36018518518518516 0.46458333333333335 0.36018518518518516 0.46458333333333335 0.4083333333333333 0.4375 0.4083333333333333
9 0.46944444444444444 0.36018518518518516 0.4965277777777778 0.36018518518518516 0.4965277777777778 0.4083333333333333 0.46944444444444444 0.4083333333333333
1 0.5034722222222222 0.36018518518518516 0.5208333333333334 0.36018518518518516 0.5208333333333334 0.4083333333333333 0.5034722222222222 0.4083333333333333
3 0.5270833333333333 0.36018518518518516 0.5465277777777778 0.36018518518518516 0.5465277777777778 0.41018518518518515 0.5270833333333333 0.41018518518518515
0 0.5520833333333334 0.36018518518518516 0.5715277777777779 0.36018518518518516 0.5715277777777779 0.41018518518518515 0.5520833333333334 0.41018518518518515
6 0.5784722222222223 0.36018518518518516 0.5979166666666668 0.36018518518518516 0.5979166666666668 0.4092592592592592 0.5784722222222223 0.4092592592592592
29 0.60625 0.36018518518518516 0.6256944444444444 0.36018518518518516 0.6256944444444444 0.4092592592592592 0.60625 0.4092592592592592
13 0.6326388888888889 0.36018518518518516 0.6597222222222222 0.36018518518518516 0.6597222222222222 0.4083333333333333 0.6326388888888889 0.4083333333333333
