1 0.2986111111111111 0.23333333333333334 0.3111111111111111 0.23333333333333334 0.3111111111111111 0.2833333333333333 0.2986111111111111 0.2833333333333333
4 0.31805555555555554 0.23333333333333334 0.3451388888888889 0.23333333333333334 0.3451388888888889 0.2814814814814815 0.31805555555555554 0.2814814814814815
37 0.3527777777777778 0.23333333333333334 0.37986111111111115 0.23333333333333334 0.37986111111111115 0.26944444444444443 0.3527777777777778 0.26944444444444443
1 0.3875 0.23333333333333334 0.4 0.23333333333333334 0.4 0.28240740740740744 0.3875 0.28240740740740744
0 0.40694444444444444 0.23333333333333334 0.4263888888888889 0.23333333333333334 0.4263888888888889 0.28240740740740744 0.40694444444444444 0.28240740740740744
37 0.4340277777777778 0.23333333333333334 0.46111111111111114 0.23333333333333334 0.46111111111111114 0.26944444444444443 0.4340277777777778 0.26944444444444443
2 0.46805555555555556 0.23333333333333334 0.4951388888888889 0.23333333333333334 0.4951388888888889 0.2814814814814815 0.46805555555555556 0.2814814814814815
0 0.5027777777777778 0.23333333333333334 0.5298611111111111 0.23333333333333334 0.5298611111111111 0.2814814814814815 0.5027777777777778 0.2814814814814815
2 0.5381944444444444 0.23333333333333334 0.5576388888888889 0.23333333333333334 0.5576388888888889 0.28240740740740744 0.5381944444444444 0.28240740740740744
5 0.5638888888888889 0.23333333333333334 0.5909722222222222 0.23333333333333334 0.5909722222222222 0.2814814814814815 0.5638888888888889 0.2814814814814815
2 0.6305555555555555 0.23333333333333334 0.6576388888888889 0.23333333333333334 0.6576388888888889 0.2814814814814815 0.6305555555555555 0.2814814814814815
3 0.6625 0.23333333333333334 0.6895833333333333 0.23333333333333334 0.6895833333333333 0.2814814814814815 0.6625 0.2814814814814815
36 0.6958333333333333 0.23333333333333334 0.7069444444444444 0.23333333333333334 0.7069444444444444 0.26944444444444443 0.6958333333333333 0.26944444444444443
0 0.7131944444444445 0.23333333333333334 0.7402777777777778 0.23333333333333334 0.7402777777777778 0.2814814814814815 0.7131944444444445 0.2814814814814815
6 0.7451388888888889 0.23333333333333334 0.7645833333333334 0.23333333333333334 0.7645833333333334 0.2833333333333333 0.7451388888888889 0.2833333333333333
2 0.375 0.29814814814814816 0.40208333333333335 0.29814814814814816 0.40208333333333335 0.3462962962962963 0.375 0.3462962962962963
7 0.40902777777777777 0.29814814814814816 0.4361111111111111 0.29814814814814816 0.4361111111111111 0.3462962962962963 0.40902777777777777 0.3462962962962963
37 0.44166666666666665 0.29814814814814816 0.46875 0.29814814814814816 0.46875 0.33425925925925926 0.44166666666666665 0.33425925925925926
0 0.47430555555555554 0.29814814814814816 0.49374999999999997 0.29814814814814816 0.49374999999999997 0.3472222222222222 0.47430555555555554 0.3472222222222222
5 0.5006944444444444 0.29814814814814816 0.5277777777777778 0.29814814814814816 0.5277777777777778 0.3462962962962963 0.5006944444444444 0.3462962962962963
37 0.5326388888888889 0.29814814814814816 0.5597222222222222 0.29814814814814816 0.5597222222222222 0.33425925925925926 0.5326388888888889 0.33425925925925926
2 0.5652777777777778 0.29814814814814816 0.5923611111111111 0.29814814814814816 0.5923611111111111 0.3472222222222222 0.5652777777777778 0.3472222222222222
0 0.6 0.29814814814814816 0.6270833333333333 0.29814814814814816 0.6270833333333333 0.3462962962962963 0.6 0.3462962962962963
2 0.6326388888888889 0.29814814814814816 0.6520833333333333 0.29814814814814816 0.6520833333333333 0.3472222222222222 0.6326388888888889 0.3472222222222222
5 0.6569444444444444 0.29814814814814816 0.6763888888888889 0.29814814814814816 0.6763888888888889 0.3472222222222222 0.6569444444444444 0.3472222222222222
4 0.375 0.362962962962963 0.39444444444444443 0.362962962962963 0.39444444444444443 0.41111111111111115 0.375 0.41111111111111115
7 0.4013888888888889 0.362962962962963 0.42083333333333334 0.362962962962963 0.42083333333333334 0.4120370370370371 0.4013888888888889 0.4120370370370371
3 0.4270833333333333 0.362962962962963 0.45416666666666666 0.362962962962963 0.45416666666666666 0.41111111111111115 0.4270833333333333 0.41111111111111115
4 0.4618055555555556 0.362962962962963 0.48888888888888893 0.362962962962963 0.48888888888888893 0.4120370370370371 0.4618055555555556 0.4120370370370371
7 0.49444444444444446 0.362962962962963 0.5215277777777778 0.362962962962963 0.5215277777777778 0.41111111111111115 0.49444444444444446 0.41111111111111115
7 0.5291666666666667 0.362962962962963 0.55625 0.362962962962963 0.55625 0.41111111111111115 0.5291666666666667 0.41111111111111115
6 0.5638888888888889 0.362962962962963 0.5833333333333334 0.362962962962963 0.5833333333333334 0.412962962962963 0.5638888888888889 0.412962962962963
8 0.5902777777777778 0.362962962962963 0.6173611111111111 0.362962962962963 0.6173611111111111 0.4120370370370371 0.5902777777777778 0.4120370370370371
26 0.6222222222222222 0.362962962962963 0.6416666666666667 0.362962962962963 0.6416666666666667 0.4120370370370371 0.6222222222222222 0.4120370370370371
23 0.6479166666666667 0.362962962962963 0.675 0.362962962962963 0.675 0.4120370370370371 0.6479166666666667 0.4120370370370371
