1 0.2902777777777778 0.23425925925925925 0.3076388888888889 0.23425925925925925 0.3076388888888889 0.2824074074074074 0.2902777777777778 0.2824074074074074
2 0.31319444444444444 0.23425925925925925 0.3326388888888889 0.23425925925925925 0.3326388888888889 0.2833333333333333 0.31319444444444444 0.2833333333333333
37 0.34097222222222223 0.23425925925925925 0.3680555555555556 0.23425925925925925 0.3680555555555556 0.27037037037037037 0.34097222222222223 0.27037037037037037
0 0.3763888888888889 0.23425925925925925 0.40347222222222223 0.23425925925925925 0.40347222222222223 0.2824074074074074 0.3763888888888889 0.2824074074074074
9 0.41041666666666665 0.23425925925925925 0.4298611111111111 0.23425925925925925 0.4298611111111111 0.2833333333333333 0.41041666666666665 0.2833333333333333
37 0.4361111111111111 0.23425925925925925 0.46319444444444446 0.23425925925925925 0.46319444444444446 0.27037037037037037 0.4361111111111111 0.27037037037037037
2 0.46875 0.23425925925925925 0.49583333333333335 0.23425925925925925 0.49583333333333335 0.2824074074074074 0.46875 0.2824074074074074
0 0.5041666666666667 0.23425925925925925 0.53125 0.23425925925925925 0.53125 0.2824074074074074 0.5041666666666667 0.2824074074074074
2 0.5375 0.23425925925925925 0.5569444444444445 0.23425925925925925 0.5569444444444445 0.28425925925925927 0.5375 0.28425925925925927
5 0.5652777777777778 0.23425925925925925 0.5923611111111111 0.23425925925925925 0.5923611111111111 0.2824074074074074 0.5652777777777778 0.2824074074074074
0 0.6326388888888889 0.23425925925925925 0.6597222222222222 0.23425925925925925 0.6597222222222222 0.2824074074074074 0.6326388888888889 0.2824074074074074
9 0.6673611111111111 0.23425925925925925 0.6868055555555556 0.23425925925925925 0.6868055555555556 0.2833333333333333 0.6673611111111111 0.2833333333333333
36 0.6951388888888889 0.23425925925925925 0.7062499999999999 0.23425925925925925 0.7062499999999999 0.27037037037037037 0.6951388888888889 0.27037037037037037
5 0.7118055555555556 0.23425925925925925 0.7312500000000001 0.23425925925925925 0.7312500000000001 0.2833333333333333 0.7118055555555556 0.2833333333333333
0 0.7368055555555556 0.23425925925925925 0.763888888888889 0.23425925925925925 0.763888888888889 0.2824074074074074 0.7368055555555556 0.2824074074074074
1 0.36666666666666664 0.29907407407407405 0.38402777777777775 0.29907407407407405 0.38402777777777775 0.3472222222222222 0.36666666666666664 0.3472222222222222
1 0.3902777777777778 0.29907407407407405 0.4027777777777778 0.29907407407407405 0.4027777777777778 0.3481481481481481 0.3902777777777778 0.3481481481481481
37 0.41041666666666665 0.29907407407407405 0.4375 0.29907407407407405 0.4375 0.33425925925925926 0.41041666666666665 0.33425925925925926
0 0.44305555555555554 0.29907407407407405 0.4701388888888889 0.29907407407407405 0.4701388888888889 0.3472222222222222 0.44305555555555554 0.3472222222222222
5 0.47708333333333336 0.29907407407407405 0.5041666666666667 0.29907407407407405 0.5041666666666667 0.3472222222222222 0.47708333333333336 0.3472222222222222
37 0.5125 0.29907407407407405 0.5395833333333333 0.29907407407407405 0.5395833333333333 0.33518518518518514 0.5125 0.33518518518518514
2 0.5451388888888888 0.29907407407407405 0.5645833333333333 0.29907407407407405 0.5645833333333333 0.3481481481481481 0.5451388888888888 0.3481481481481481
0 0.5701388888888889 0.29907407407407405 0.5972222222222222 0.29907407407407405 0.5972222222222222 0.3472222222222222 0.5701388888888889 0.3472222222222222
2 0.6027777777777777 0.29907407407407405 0.6298611111111111 0.29907407407407405 0.6298611111111111 0.3472222222222222 0.6027777777777777 0.3472222222222222
5 0.6347222222222222 0.29907407407407405 0.6618055555555555 0.29907407407407405 0.6618055555555555 0.3472222222222222 0.6347222222222222 0.3472222222222222
1 0.36666666666666664 0.3638888888888889 0.38402777777777775 0.3638888888888889 0.38402777777777775 0.41203703703703703 0.36666666666666664 0.41203703703703703
5 0.39166666666666666 0.3638888888888889 0.4111111111111111 0.3638888888888889 0.4111111111111111 0.412962962962963 0.39166666666666666 0.412962962962963
0 0.41597222222222224 0.3638888888888889 0.4430555555555556 0.3638888888888889 0.4430555555555556 0.41203703703703703 0.41597222222222224 0.41203703703703703
7 0.4513888888888889 0.3638888888888889 0.4708333333333333 0.3638888888888889 0.4708333333333333 0.412962962962963 0.4513888888888889 0.412962962962963
0 0.4791666666666667 0.3638888888888889 0.4986111111111111 0.3638888888888889 0.4986111111111111 0.412962962962963 0.4791666666666667 0.412962962962963
2 0.5055555555555555 0.3638888888888889 0.5326388888888889 0.3638888888888889 0.5326388888888889 0.41203703703703703 0.5055555555555555 0.41203703703703703
0 0.5409722222222222 0.3638888888888889 0.5680555555555555 0.3638888888888889 0.5680555555555555 0.41203703703703703 0.5409722222222222 0.41203703703703703
3 0.5736111111111111 0.3638888888888889 0.6006944444444444 0.3638888888888889 0.6006944444444444 0.41203703703703703 0.5736111111111111 0.41203703703703703
15 0.6076388888888888 0.3638888888888889 0.6347222222222222 0.3638888888888889 0.6347222222222222 0.412962962962963 0.6076388888888888 0.412962962962963
15 0.6423611111111112 0.3638888888888889 0.6694444444444445 0.3638888888888889 0.6694444444444445 0.41203703703703703 0.6423611111111112 0.41203703703703703
