2 0.29097222222222224 0.23148148148148148 0.3180555555555556 0.23148148148148148 0.3180555555555556 0.28055555555555556 0.29097222222222224 0.28055555555555556
8 0.32569444444444445 0.23148148148148148 0.3451388888888889 0.23148148148148148 0.3451388888888889 0.28055555555555556 0.32569444444444445 0.28055555555555556
37 0.3506944444444444 0.23148148148148148 0.37777777777777777 0.23148148148148148 0.37777777777777777 0.2675925925925926 0.3506944444444444 0.2675925925925926
0 0.3854166666666667 0.23148148148148148 0.41250000000000003 0.23148148148148148 0.41250000000000003 0.2796296296296296 0.3854166666666667 0.2796296296296296
3 0.4201388888888889 0.23148148148148148 0.44722222222222224 0.23148148148148148 0.44722222222222224 0.28055555555555556 0.4201388888888889 0.28055555555555556
37 0.45416666666666666 0.23148148148148148 0.48125 0.23148148148148148 0.48125 0.2675925925925926 0.45416666666666666 0.2675925925925926
2 0.48819444444444443 0.23148148148148148 0.5076388888888889 0.23148148148148148 0.5076388888888889 0.28055555555555556 0.48819444444444443 0.28055555555555556
0 0.5145833333333333 0.23148148148148148 0.5416666666666666 0.23148148148148148 0.5416666666666666 0.2796296296296296 0.5145833333333333 0.2796296296296296
2 0.5493055555555556 0.23148148148148148 0.576388888888889 0.23148148148148148 0.576388888888889 0.2796296296296296 0.5493055555555556 0.2796296296296296
5 0.5819444444444445 0.23148148148148148 0.6090277777777778 0.23148148148148148 0.6090277777777778 0.2796296296296296 0.5819444444444445 0.2796296296296296
0 0.6527777777777778 0.23148148148148148 0.6798611111111111 0.23148148148148148 0.6798611111111111 0.2796296296296296 0.6527777777777778 0.2796296296296296
9 0.6875 0.23148148148148148 0.7145833333333333 0.23148148148148148 0.7145833333333333 0.2796296296296296 0.6875 0.2796296296296296
36 0.7194444444444444 0.23148148148148148 0.7305555555555555 0.23148148148148148 0.7305555555555555 0.2675925925925926 0.7194444444444444 0.2675925925925926
1 0.7388888888888889 0.23148148148148148 0.7513888888888889 0.23148148148148148 0.7513888888888889 0.28055555555555556 0.7388888888888889 0.28055555555555556
6 0.7569444444444444 0.23148148148148148 0.7840277777777778 0.23148148148148148 0.7840277777777778 0.2796296296296296 0.7569444444444444 0.2796296296296296
2 0.36736111111111114 0.2962962962962963 0.3944444444444445 0.2962962962962963 0.3944444444444445 0.34444444444444444 0.36736111111111114 0.34444444444444444
7 0.3993055555555556 0.2962962962962963 0.41875 0.2962962962962963 0.41875 0.3453703703703703 0.3993055555555556 0.3453703703703703
37 0.425 0.2962962962962963 0.4472222222222222 0.2962962962962963 0.4472222222222222 0.3259259259259259 0.425 0.3259259259259259
0 0.45416666666666666 0.2962962962962963 0.48125 0.2962962962962963 0.48125 0.34444444444444444 0.45416666666666666 0.34444444444444444
5 0.4875 0.2962962962962963 0.5145833333333333 0.2962962962962963 0.5145833333333333 0.34444444444444444 0.4875 0.34444444444444444
37 0.5208333333333334 0.2962962962962963 0.5479166666666667 0.2962962962962963 0.5479166666666667 0.3324074074074074 0.5208333333333334 0.3324074074074074
2 0.5555555555555556 0.2962962962962963 0.5826388888888889 0.2962962962962963 0.5826388888888889 0.34444444444444444 0.5555555555555556 0.34444444444444444
0 0.5875 0.2962962962962963 0.6069444444444445 0.2962962962962963 0.6069444444444445 0.3453703703703703 0.5875 0.3453703703703703
2 0.6152777777777778 0.2962962962962963 0.6423611111111112 0.2962962962962963 0.6423611111111112 0.34444444444444444 0.6152777777777778 0.34444444444444444
5 0.6479166666666667 0.2962962962962963 0.675 0.2962962962962963 0.675 0.3453703703703703 0.6479166666666667 0.3453703703703703
7 0.36736111111111114 0.3611111111111111 0.3944444444444445 0.3611111111111111 0.3944444444444445 0.40925925925925927 0.36736111111111114 0.40925925925925927
1 0.4013888888888889 0.3611111111111111 0.41875 0.3611111111111111 0.41875 0.40925925925925927 0.4013888888888889 0.40925925925925927
4 0.4263888888888889 0.3611111111111111 0.4534722222222222 0.3611111111111111 0.4534722222222222 0.40925925925925927 0.4263888888888889 0.40925925925925927
4 0.4597222222222222 0.3611111111111111 0.47916666666666663 0.3611111111111111 0.47916666666666663 0.4111111111111111 0.4597222222222222 0.4111111111111111
6 0.4875 0.3611111111111111 0.5069444444444444 0.3611111111111111 0.5069444444444444 0.4101851851851852 0.4875 0.4101851851851852
5 0.5118055555555555 0.3611111111111111 0.5388888888888889 0.3611111111111111 0.5388888888888889 0.40925925925925927 0.5118055555555555 0.40925925925925927
4 0.54375 0.3611111111111111 0.5631944444444444 0.3611111111111111 0.5631944444444444 0.4101851851851852 0.54375 0.4101851851851852
0 0.5694444444444444 0.3611111111111111 0.5888888888888889 0.3611111111111111 0.5888888888888889 0.4101851851851852 0.5694444444444444 0.4101851851851852
19 0.5944444444444444 0.3611111111111111 0.6215277777777778 0.3611111111111111 0.6215277777777778 0.4101851851851852 0.5944444444444444 0.4101851851851852
33 0.6298611111111111 0.3611111111111111 0.6569444444444444 0.3611111111111111 0.6569444444444444 0.40925925925925927 0.6298611111111111 0.40925925925925927
