2 0.29375 0.23148148148148148 0.31319444444444444 0.23148148148148148 0.31319444444444444 0.28055555555555556 0.29375 0.28055555555555556
6 0.3194444444444444 0.23148148148148148 0.33888888888888885 0.23148148148148148 0.33888888888888885 0.28055555555555556 0.3194444444444444 0.28055555555555556
37 0.3458333333333333 0.23148148148148148 0.37222222222222223 0.23148148148148148 0.37222222222222223 0.26666666666666666 0.3458333333333333 0.26666666666666666
0 0.37777777777777777 0.23148148148148148 0.4048611111111111 0.23148148148148148 0.4048611111111111 0.2796296296296296 0.37777777777777777 0.2796296296296296
2 0.41041666666666665 0.23148148148148148 0.4375 0.23148148148148148 0.4375 0.2796296296296296 0.41041666666666665 0.2796296296296296
37 0.4423611111111111 0.23148148148148148 0.46944444444444444 0.23148148148148148 0.46944444444444444 0.2675925925925926 0.4423611111111111 0.2675925925925926
2 0.4777777777777778 0.23148148148148148 0.5048611111111111 0.23148148148148148 0.5048611111111111 0.2796296296296296 0.4777777777777778 0.2796296296296296
0 0.5125 0.23148148148148148 0.5395833333333333 0.23148148148148148 0.5395833333333333 0.28055555555555556 0.5125 0.28055555555555556
2 0.5458333333333333 0.23148148148148148 0.5729166666666666 0.23148148148148148 0.5729166666666666 0.2796296296296296 0.5458333333333333 0.2796296296296296
5 0.5791666666666667 0.23148148148148148 0.6062500000000001 0.23148148148148148 0.6062500000000001 0.2796296296296296 0.5791666666666667 0.2796296296296296
1 0.65 0.23148148148148148 0.6625 0.23148148148148148 0.6625 0.2814814814814815 0.65 0.2814814814814815
0 0.6694444444444444 0.23148148148148148 0.6965277777777777 0.23148148148148148 0.6965277777777777 0.2796296296296296 0.6694444444444444 0.2796296296296296
36 0.7041666666666667 0.23148148148148148 0.7152777777777778 0.23148148148148148 0.7152777777777778 0.2675925925925926 0.7041666666666667 0.2675925925925926
1 0.7236111111111111 0.23148148148148148 0.736111111111111 0.23148148148148148 0.736111111111111 0.28055555555555556 0.7236111111111111 0.28055555555555556
0 0.74375 0.23148148148148148 0.7708333333333334 0.23148148148148148 0.7708333333333334 0.2796296296296296 0.74375 0.2796296296296296
0 0.3701388888888889 0.2962962962962963 0.38958333333333334 0.2962962962962963 0.38958333333333334 0.3453703703703703 0.3701388888888889 0.3453703703703703
8 0.39444444444444443 0.2962962962962963 0.41388888888888886 0.2962962962962963 0.41388888888888886 0.3453703703703703 0.39444444444444443 0.3453703703703703
37 0.41944444444444445 0.2962962962962963 0.4465277777777778 0.2962962962962963 0.4465277777777778 0.3324074074074074 0.41944444444444445 0.3324074074074074
0 0.4534722222222222 0.2962962962962963 0.47291666666666665 0.2962962962962963 0.47291666666666665 0.3453703703703703 0.4534722222222222 0.3453703703703703
2 0.4791666666666667 0.2962962962962963 0.4986111111111111 0.2962962962962963 0.4986111111111111 0.3453703703703703 0.4791666666666667 0.3453703703703703
37 0.5055555555555555 0.2962962962962963 0.5326388888888889 0.2962962962962963 0.5326388888888889 0.3324074074074074 0.5055555555555555 0.3324074074074074
2 0.5395833333333333 0.2962962962962963 0.5666666666666667 0.2962962962962963 0.5666666666666667 0.3453703703703703 0.5395833333333333 0.3453703703703703
0 0.5715277777777777 0.2962962962962963 0.5986111111111111 0.2962962962962963 0.5986111111111111 0.34444444444444444 0.5715277777777777 0.34444444444444444
2 0.6069444444444444 0.2962962962962963 0.6340277777777777 0.2962962962962963 0.6340277777777777 0.34444444444444444 0.6069444444444444 0.34444444444444444
5 0.6402777777777777 0.2962962962962963 0.6673611111111111 0.2962962962962963 0.6673611111111111 0.34444444444444444 0.6402777777777777 0.34444444444444444
5 0.3701388888888889 0.3611111111111111 0.39722222222222225 0.3611111111111111 0.39722222222222225 0.40925925925925927 0.3701388888888889 0.40925925925925927
2 0.40208333333333335 0.3611111111111111 0.4291666666666667 0.3611111111111111 0.4291666666666667 0.4101851851851852 0.40208333333333335 0.4101851851851852
9 0.43472222222222223 0.3611111111111111 0.45416666666666666 0.3611111111111111 0.45416666666666666 0.4101851851851852 0.43472222222222223 0.4101851851851852
6 0.46041666666666664 0.3611111111111111 0.47986111111111107 0.3611111111111111 0.47986111111111107 0.4101851851851852 0.46041666666666664 0.4101851851851852
4 0.4847222222222222 0.3611111111111111 0.5041666666666667 0.3611111111111111 0.5041666666666667 0.4101851851851852 0.4847222222222222 0.4101851851851852
6 0.5118055555555555 0.3611111111111111 0.53125 0.3611111111111111 0.53125 0.4101851851851852 0.5118055555555555 0.4101851851851852
4 0.5375 0.3611111111111111 0.5645833333333333 0.3611111111111111 0.5645833333333333 0.40925925925925927 0.5375 0.40925925925925927
4 0.5694444444444444 0.3611111111111111 0.5888888888888889 0.3611111111111111 0.5888888888888889 0.4101851851851852 0.5694444444444444 0.4101851851851852
11 0.5944444444444444 0.3611111111111111 0.6215277777777778 0.3611111111111111 0.6215277777777778 0.40925925925925927 0.5944444444444444 0.40925925925925927
12 0.6298611111111111 0.3611111111111111 0.6569444444444444 0.3611111111111111 0.6569444444444444 0.4101851851851852 0.6298611111111111 0.4101851851851852
