1 0.3034722222222222 0.23333333333333334 0.3208333333333333 0.23333333333333334 0.3208333333333333 0.2814814814814815 0.3034722222222222 0.2814814814814815
4 0.3263888888888889 0.23333333333333334 0.35347222222222224 0.23333333333333334 0.35347222222222224 0.2814814814814815 0.3263888888888889 0.2814814814814815
37 0.36180555555555555 0.23333333333333334 0.3888888888888889 0.23333333333333334 0.3888888888888889 0.26944444444444443 0.36180555555555555 0.26944444444444443
0 0.39375 0.23333333333333334 0.42083333333333334 0.23333333333333334 0.42083333333333334 0.2814814814814815 0.39375 0.2814814814814815
6 0.42916666666666664 0.23333333333333334 0.44861111111111107 0.23333333333333334 0.44861111111111107 0.2833333333333333 0.42916666666666664 0.2833333333333333
37 0.45555555555555555 0.23333333333333334 0.4826388888888889 0.23333333333333334 0.4826388888888889 0.26851851851851855 0.45555555555555555 0.26851851851851855
2 0.4888888888888889 0.23333333333333334 0.5159722222222222 0.23333333333333334 0.5159722222222222 0.2814814814814815 0.4888888888888889 0.2814814814814815
0 0.5243055555555556 0.23333333333333334 0.5437500000000001 0.23333333333333334 0.5437500000000001 0.28240740740740744 0.5243055555555556 0.28240740740740744
2 0.55 0.23333333333333334 0.5770833333333334 0.23333333333333334 0.5770833333333334 0.2814814814814815 0.55 0.2814814814814815
5 0.5847222222222223 0.23333333333333334 0.6118055555555556 0.23333333333333334 0.6118055555555556 0.2814814814814815 0.5847222222222223 0.2814814814814815
1 0.6493055555555556 0.23333333333333334 0.6625 0.23333333333333334 0.6625 0.28240740740740744 0.6493055555555556 0.28240740740740744
2 0.6673611111111111 0.23333333333333334 0.6944444444444444 0.23333333333333334 0.6944444444444444 0.2814814814814815 0.6673611111111111 0.2814814814814815
36 0.7006944444444444 0.23333333333333334 0.7131944444444444 0.23333333333333334 0.7131944444444444 0.26944444444444443 0.7006944444444444 0.26944444444444443
0 0.7201388888888889 0.23333333333333334 0.7472222222222222 0.23333333333333334 0.7472222222222222 0.28240740740740744 0.7201388888888889 0.28240740740740744
1 0.7548611111111111 0.23333333333333334 0.767361111111111 0.23333333333333334 0.767361111111111 0.28240740740740744 0.7548611111111111 0.28240740740740744
0 0.3798611111111111 0.29814814814814816 0.3993055555555555 0.29814814814814816 0.3993055555555555 0.3472222222222222 0.3798611111111111 0.3472222222222222
2 0.40625 0.29814814814814816 0.43333333333333335 0.29814814814814816 0.43333333333333335 0.3472222222222222 0.40625 0.3472222222222222
37 0.4395833333333333 0.29814814814814816 0.4666666666666667 0.29814814814814816 0.4666666666666667 0.33425925925925926 0.4395833333333333 0.33425925925925926
0 0.47430555555555554 0.29814814814814816 0.49374999999999997 0.29814814814814816 0.49374999999999997 0.3472222222222222 0.47430555555555554 0.3472222222222222
9 0.5013888888888889 0.29814814814814816 0.5284722222222222 0.29814814814814816 0.5284722222222222 0.3462962962962963 0.5013888888888889 0.3462962962962963
37 0.5361111111111111 0.29814814814814816 0.5631944444444444 0.29814814814814816 0.5631944444444444 0.33425925925925926 0.5361111111111111 0.33425925925925926
2 0.5715277777777777 0.29814814814814816 0.5909722222222222 0.29814814814814816 0.5909722222222222 0.3472222222222222 0.5715277777777777 0.3472222222222222
0 0.5965277777777778 0.29814814814814816 0.6159722222222223 0.29814814814814816 0.6159722222222223 0.34814814814814815 0.5965277777777778 0.34814814814814815
2 0.6243055555555556 0.29814814814814816 0.6513888888888889 0.29814814814814816 0.6513888888888889 0.3462962962962963 0.6243055555555556 0.3462962962962963
5 0.6576388888888889 0.29814814814814816 0.6847222222222222 0.29814814814814816 0.6847222222222222 0.3462962962962963 0.6576388888888889 0.3462962962962963
9 0.3798611111111111 0.362962962962963 0.3993055555555555 0.362962962962963 0.3993055555555555 0.412962962962963 0.3798611111111111 0.412962962962963
2 0.40694444444444444 0.362962962962963 0.4340277777777778 0.362962962962963 0.4340277777777778 0.4120370370370371 0.40694444444444444 0.4120370370370371
0 0.44166666666666665 0.362962962962963 0.46875 0.362962962962963 0.46875 0.41111111111111115 0.44166666666666665 0.41111111111111115
9 0.47638888888888886 0.362962962962963 0.5034722222222222 0.362962962962963 0.5034722222222222 0.41111111111111115 0.47638888888888886 0.41111111111111115
0 0.5083333333333333 0.362962962962963 0.5354166666666667 0.362962962962963 0.5354166666666667 0.41111111111111115 0.5083333333333333 0.41111111111111115
6 0.54375 0.362962962962963 0.5631944444444444 0.362962962962963 0.5631944444444444 0.4120370370370371 0.54375 0.4120370370370371
8 0.56875 0.362962962962963 0.5958333333333333 0.362962962962963 0.5958333333333333 0.41111111111111115 0.56875 0.41111111111111115
2 0.6006944444444444 0.362962962962963 0.6201388888888889 0.362962962962963 0.6201388888888889 0.4120370370370371 0.6006944444444444 0.4120370370370371
18 0.6270833333333333 0.362962962962963 0.6444444444444445 0.362962962962963 0.6444444444444445 0.4120370370370371 0.6270833333333333 0.4120370370370371
28 0.6513888888888889 0.362962962962963 0.6708333333333334 0.362962962962963 0.6708333333333334 0.4120370370370371 0.6513888888888889 0.4120370370370371
