1 0.3 0.22592592592592592 0.3173611111111111 0.22592592592592592 0.3173611111111111 0.2740740740740741 0.3 0.2740740740740741
8 0.32430555555555557 0.22592592592592592 0.3513888888888889 0.22592592592592592 0.3513888888888889 0.2740740740740741 0.32430555555555557 0.2740740740740741
37 0.3597222222222222 0.22592592592592592 0.38680555555555557 0.22592592592592592 0.38680555555555557 0.262037037037037 0.3597222222222222 0.262037037037037
0 0.39375 0.22592592592592592 0.42083333333333334 0.22592592592592592 0.42083333333333334 0.2740740740740741 0.39375 0.2740740740740741
4 0.42777777777777776 0.22592592592592592 0.4548611111111111 0.22592592592592592 0.4548611111111111 0.275 0.42777777777777776 0.275
37 0.46041666666666664 0.22592592592592592 0.4875 0.22592592592592592 0.4875 0.262037037037037 0.46041666666666664 0.262037037037037
2 0.49375 0.22592592592592592 0.5208333333333334 0.22592592592592592 0.5208333333333334 0.275 0.49375 0.275
0 0.5256944444444445 0.22592592592592592 0.5527777777777778 0.22592592592592592 0.5527777777777778 0.275 0.5256944444444445 0.275
2 0.5597222222222222 0.22592592592592592 0.5868055555555556 0.22592592592592592 0.5868055555555556 0.2740740740740741 0.5597222222222222 0.2740740740740741
5 0.5916666666666667 0.22592592592592592 0.61875 0.22592592592592592 0.61875 0.2740740740740741 0.5916666666666667 0.2740740740740741
2 0.6652777777777777 0.22592592592592592 0.6923611111111111 0.22592592592592592 0.6923611111111111 0.2740740740740741 0.6652777777777777 0.2740740740740741
3 0.7006944444444444 0.22592592592592592 0.7277777777777777 0.22592592592592592 0.7277777777777777 0.2740740740740741 0.7006944444444444 0.2740740740740741
36 0.7354166666666667 0.22592592592592592 0.7465277777777778 0.22592592592592592 0.7465277777777778 0.262037037037037 0.7354166666666667 0.262037037037037
1 0.7527777777777778 0.22592592592592592 0.7701388888888889 0.22592592592592592 0.7701388888888889 0.2740740740740741 0.7527777777777778 0.2740740740740741
2 0.7777777777777778 0.22592592592592592 0.7972222222222223 0.22592592592592592 0.7972222222222223 0.275 0.7777777777777778 0.275
1 0.3763888888888889 0.29074074074074074 0.39375 0.29074074074074074 0.39375 0.3388888888888889 0.3763888888888889 0.3388888888888889
1 0.39861111111111114 0.29074074074074074 0.41597222222222224 0.29074074074074074 0.41597222222222224 0.3398148148148148 0.39861111111111114 0.3398148148148148
37 0.4215277777777778 0.29074074074074074 0.4486111111111111 0.29074074074074074 0.4486111111111111 0.32685185185185184 0.4215277777777778 0.32685185185185184
0 0.45625 0.29074074074074074 0.4756944444444444 0.29074074074074074 0.4756944444444444 0.3398148148148148 0.45625 0.3398148148148148
4 0.48333333333333334 0.29074074074074074 0.5027777777777778 0.29074074074074074 0.5027777777777778 0.3398148148148148 0.48333333333333334 0.3398148148148148
37 0.5097222222222222 0.29074074074074074 0.5368055555555555 0.29074074074074074 0.5368055555555555 0.32685185185185184 0.5097222222222222 0.32685185185185184
2 0.5444444444444444 0.29074074074074074 0.5715277777777777 0.29074074074074074 0.5715277777777777 0.3388888888888889 0.5444444444444444 0.3388888888888889
0 0.5763888888888888 0.29074074074074074 0.6034722222222222 0.29074074074074074 0.6034722222222222 0.3388888888888889 0.5763888888888888 0.3388888888888889
2 0.6111111111111112 0.29074074074074074 0.6381944444444445 0.29074074074074074 0.6381944444444445 0.3388888888888889 0.6111111111111112 0.3388888888888889
5 0.6465277777777778 0.29074074074074074 0.6659722222222223 0.29074074074074074 0.6659722222222223 0.3398148148148148 0.6465277777777778 0.3398148148148148
6 0.3763888888888889 0.35555555555555557 0.3958333333333333 0.35555555555555557 0.3958333333333333 0.4046296296296297 0.3763888888888889 0.4046296296296297
1 0.4041666666666667 0.35555555555555557 0.4215277777777778 0.35555555555555557 0.4215277777777778 0.4046296296296297 0.4041666666666667 0.4046296296296297
6 0.4270833333333333 0.35555555555555557 0.44652777777777775 0.35555555555555557 0.44652777777777775 0.4046296296296297 0.4270833333333333 0.4046296296296297
0 0.4513888888888889 0.35555555555555557 0.47847222222222224 0.35555555555555557 0.47847222222222224 0.40370370370370373 0.4513888888888889 0.40370370370370373
5 0.4861111111111111 0.35555555555555557 0.5131944444444444 0.35555555555555557 0.5131944444444444 0.40370370370370373 0.4861111111111111 0.40370370370370373
0 0.5180555555555556 0.35555555555555557 0.545138888888889 0.35555555555555557 0.545138888888889 0.40370370370370373 0.5180555555555556 0.40370370370370373
3 0.5513888888888889 0.35555555555555557 0.5784722222222223 0.35555555555555557 0.5784722222222223 0.4046296296296297 0.5513888888888889 0.4046296296296297
1 0.5847222222222223 0.35555555555555557 0.5972222222222222 0.35555555555555557 0.5972222222222222 0.4046296296296297 0.5847222222222223 0.4046296296296297
23 0.6027777777777777 0.35555555555555557 0.6298611111111111 0.35555555555555557 0.6298611111111111 0.4046296296296297 0.6027777777777777 0.4046296296296297
13 0.6368055555555555 0.35555555555555557 0.65625 0.35555555555555557 0.65625 0.4046296296296297 0.6368055555555555 0.4046296296296297
