1 0.2861111111111111 0.22962962962962963 0.2986111111111111 0.22962962962962963 0.2986111111111111 0.2787037037037037 0.2861111111111111 0.2787037037037037
1 0.30486111111111114 0.22962962962962963 0.31736111111111115 0.22962962962962963 0.31736111111111115 0.2796296296296296 0.30486111111111114 0.2796296296296296
37 0.325 0.22962962962962963 0.35208333333333336 0.22962962962962963 0.35208333333333336 0.26481481481481484 0.325 0.26481481481481484
0 0.3590277777777778 0.22962962962962963 0.3784722222222222 0.22962962962962963 0.3784722222222222 0.2787037037037037 0.3590277777777778 0.2787037037037037
9 0.3861111111111111 0.22962962962962963 0.40555555555555556 0.22962962962962963 0.40555555555555556 0.2787037037037037 0.3861111111111111 0.2787037037037037
37 0.41388888888888886 0.22962962962962963 0.4409722222222222 0.22962962962962963 0.4409722222222222 0.2657407407407407 0.41388888888888886 0.2657407407407407
2 0.44583333333333336 0.22962962962962963 0.4652777777777778 0.22962962962962963 0.4652777777777778 0.2796296296296296 0.44583333333333336 0.2796296296296296
0 0.4701388888888889 0.22962962962962963 0.49722222222222223 0.22962962962962963 0.49722222222222223 0.2777777777777778 0.4701388888888889 0.2777777777777778
2 0.5034722222222222 0.22962962962962963 0.5305555555555556 0.22962962962962963 0.5305555555555556 0.2777777777777778 0.5034722222222222 0.2777777777777778
5 0.5381944444444444 0.22962962962962963 0.5652777777777778 0.22962962962962963 0.5652777777777778 0.2777777777777778 0.5381944444444444 0.2777777777777778
2 0.60625 0.22962962962962963 0.6333333333333333 0.22962962962962963 0.6333333333333333 0.2787037037037037 0.60625 0.2787037037037037
0 0.6409722222222223 0.22962962962962963 0.6680555555555556 0.22962962962962963 0.6680555555555556 0.2777777777777778 0.6409722222222223 0.2777777777777778
36 0.675 0.22962962962962963 0.6819444444444445 0.22962962962962963 0.6819444444444445 0.2601851851851852 0.675 0.2601851851851852
5 0.6902777777777778 0.22962962962962963 0.7173611111111111 0.22962962962962963 0.7173611111111111 0.2777777777777778 0.6902777777777778 0.2777777777777778
6 0.7256944444444444 0.22962962962962963 0.7451388888888889 0.22962962962962963 0.7451388888888889 0.2787037037037037 0.7256944444444444 0.2787037037037037
2 0.3625 0.29444444444444445 0.38958333333333334 0.29444444444444445 0.38958333333333334 0.34351851851851856 0.3625 0.34351851851851856
1 0.3951388888888889 0.29444444444444445 0.4125 0.29444444444444445 0.4125 0.3425925925925926 0.3951388888888889 0.3425925925925926
37 0.4173611111111111 0.29444444444444445 0.4444444444444445 0.29444444444444445 0.4444444444444445 0.32962962962962966 0.4173611111111111 0.32962962962962966
0 0.45208333333333334 0.29444444444444445 0.4791666666666667 0.29444444444444445 0.4791666666666667 0.3425925925925926 0.45208333333333334 0.3425925925925926
1 0.48680555555555555 0.29444444444444445 0.5041666666666667 0.29444444444444445 0.5041666666666667 0.3425925925925926 0.48680555555555555 0.3425925925925926
37 0.5125 0.29444444444444445 0.5347222222222222 0.29444444444444445 0.5347222222222222 0.32407407407407407 0.5125 0.32407407407407407
2 0.5409722222222222 0.29444444444444445 0.5604166666666667 0.29444444444444445 0.5604166666666667 0.34351851851851856 0.5409722222222222 0.34351851851851856
0 0.5659722222222222 0.29444444444444445 0.5854166666666667 0.29444444444444445 0.5854166666666667 0.34444444444444444 0.5659722222222222 0.34444444444444444
2 0.5902777777777778 0.29444444444444445 0.6097222222222223 0.29444444444444445 0.6097222222222223 0.34444444444444444 0.5902777777777778 0.34444444444444444
5 0.6145833333333334 0.29444444444444445 0.6340277777777779 0.29444444444444445 0.6340277777777779 0.34351851851851856 0.6145833333333334 0.34351851851851856
6 0.3625 0.3592592592592593 0.38958333333333334 0.3592592592592593 0.38958333333333334 0.4083333333333333 0.3625 0.4083333333333333
4 0.39444444444444443 0.3592592592592593 0.41388888888888886 0.3592592592592593 0.41388888888888886 0.40740740740740744 0.39444444444444443 0.40740740740740744
2 0.41944444444444445 0.3592592592592593 0.4388888888888889 0.3592592592592593 0.4388888888888889 0.40925925925925927 0.41944444444444445 0.40925925925925927
6 0.4465277777777778 0.3592592592592593 0.46597222222222223 0.3592592592592593 0.46597222222222223 0.4083333333333333 0.4465277777777778 0.4083333333333333
1 0.4708333333333333 0.3592592592592593 0.48333333333333334 0.3592592592592593 0.48333333333333334 0.4083333333333333 0.4708333333333333 0.4083333333333333
3 0.4895833333333333 0.3592592592592593 0.5166666666666666 0.3592592592592593 0.5166666666666666 0.40740740740740744 0.4895833333333333 0.40740740740740744
1 0.5243055555555556 0.3592592592592593 0.5375 0.3592592592592593 0.5375 0.40925925925925927 0.5243055555555556 0.40925925925925927
9 0.5423611111111111 0.3592592592592593 0.5694444444444444 0.3592592592592593 0.5694444444444444 0.40740740740740744 0.5423611111111111 0.40740740740740744
31 0.5770833333333333 0.3592592592592593 0.5965277777777778 0.3592592592592593 0.5965277777777778 0.4083333333333333 0.5770833333333333 0.4083333333333333
22 0.6048611111111111 0.3592592592592593 0.6319444444444444 0.3592592592592593 0.6319444444444444 0.4083333333333333 0.6048611111111111 0.4083333333333333
