1 0.2875 0.2324074074074074 0.3048611111111111 0.2324074074074074 0.3048611111111111 0.28055555555555556 0.2875 0.28055555555555556
5 0.3111111111111111 0.2324074074074074 0.33055555555555555 0.2324074074074074 0.33055555555555555 0.28148148148148144 0.3111111111111111 0.28148148148148144
37 0.3375 0.2324074074074074 0.36458333333333337 0.2324074074074074 0.36458333333333337 0.2685185185185185 0.3375 0.2685185185185185
0 0.37222222222222223 0.2324074074074074 0.3993055555555556 0.2324074074074074 0.3993055555555556 0.28055555555555556 0.37222222222222223 0.28055555555555556
8 0.40694444444444444 0.2324074074074074 0.4340277777777778 0.2324074074074074 0.4340277777777778 0.28148148148148144 0.40694444444444444 0.28148148148148144
37 0.4388888888888889 0.2324074074074074 0.46597222222222223 0.2324074074074074 0.46597222222222223 0.2685185185185185 0.4388888888888889 0.2685185185185185
2 0.47152777777777777 0.2324074074074074 0.4909722222222222 0.2324074074074074 0.4909722222222222 0.28148148148148144 0.47152777777777777 0.28148148148148144
0 0.4979166666666667 0.2324074074074074 0.525 0.2324074074074074 0.525 0.28055555555555556 0.4979166666666667 0.28055555555555556
2 0.5319444444444444 0.2324074074074074 0.5513888888888889 0.2324074074074074 0.5513888888888889 0.28148148148148144 0.5319444444444444 0.28148148148148144
5 0.5590277777777778 0.2324074074074074 0.5861111111111111 0.2324074074074074 0.5861111111111111 0.28055555555555556 0.5590277777777778 0.28055555555555556
0 0.6284722222222222 0.2324074074074074 0.6555555555555556 0.2324074074074074 0.6555555555555556 0.28055555555555556 0.6284722222222222 0.28055555555555556
7 0.6631944444444444 0.2324074074074074 0.6826388888888889 0.2324074074074074 0.6826388888888889 0.28148148148148144 0.6631944444444444 0.28148148148148144
36 0.6888888888888889 0.2324074074074074 0.7 0.2324074074074074 0.7 0.2685185185185185 0.6888888888888889 0.2685185185185185
3 0.7076388888888889 0.2324074074074074 0.7347222222222223 0.2324074074074074 0.7347222222222223 0.28055555555555556 0.7076388888888889 0.28055555555555556
8 0.7402777777777778 0.2324074074074074 0.7673611111111112 0.2324074074074074 0.7673611111111112 0.28055555555555556 0.7402777777777778 0.28055555555555556
1 0.3638888888888889 0.2972222222222222 0.3798611111111111 0.2972222222222222 0.3798611111111111 0.3453703703703704 0.3638888888888889 0.3453703703703704
6 0.38472222222222224 0.2972222222222222 0.4118055555555556 0.2972222222222222 0.4118055555555556 0.3453703703703704 0.38472222222222224 0.3453703703703704
37 0.4173611111111111 0.2972222222222222 0.4395833333333333 0.2972222222222222 0.4395833333333333 0.32685185185185184 0.4173611111111111 0.32685185185185184
0 0.4444444444444444 0.2972222222222222 0.46388888888888885 0.2972222222222222 0.46388888888888885 0.3472222222222222 0.4444444444444444 0.3472222222222222
7 0.4701388888888889 0.2972222222222222 0.49722222222222223 0.2972222222222222 0.49722222222222223 0.3453703703703704 0.4701388888888889 0.3453703703703704
37 0.5034722222222222 0.2972222222222222 0.5305555555555556 0.2972222222222222 0.5305555555555556 0.3333333333333333 0.5034722222222222 0.3333333333333333
2 0.5388888888888889 0.2972222222222222 0.5659722222222222 0.2972222222222222 0.5659722222222222 0.3453703703703704 0.5388888888888889 0.3453703703703704
0 0.5715277777777777 0.2972222222222222 0.5986111111111111 0.2972222222222222 0.5986111111111111 0.3453703703703704 0.5715277777777777 0.3453703703703704
2 0.6055555555555555 0.2972222222222222 0.6326388888888889 0.2972222222222222 0.6326388888888889 0.3453703703703704 0.6055555555555555 0.3453703703703704
5 0.6381944444444444 0.2972222222222222 0.6652777777777777 0.2972222222222222 0.6652777777777777 0.3453703703703704 0.6381944444444444 0.3453703703703704
6 0.3638888888888889 0.36203703703703705 0.3909722222222222 0.36203703703703705 0.3909722222222222 0.4111111111111111 0.3638888888888889 0.4111111111111111
8 0.3958333333333333 0.36203703703703705 0.41527777777777775 0.36203703703703705 0.41527777777777775 0.41203703703703703 0.3958333333333333 0.41203703703703703
9 0.4201388888888889 0.36203703703703705 0.4395833333333333 0.36203703703703705 0.4395833333333333 0.4111111111111111 0.4201388888888889 0.4111111111111111
1 0.4444444444444444 0.36203703703703705 0.4576388888888889 0.36203703703703705 0.4576388888888889 0.41203703703703703 0.4444444444444444 0.41203703703703703
8 0.4625 0.36203703703703705 0.48958333333333337 0.36203703703703705 0.48958333333333337 0.4101851851851852 0.4625 0.4101851851851852
0 0.4979166666666667 0.36203703703703705 0.525 0.36203703703703705 0.525 0.4101851851851852 0.4979166666666667 0.4101851851851852
6 0.5298611111111111 0.36203703703703705 0.5493055555555556 0.36203703703703705 0.5493055555555556 0.4111111111111111 0.5298611111111111 0.4111111111111111
5 0.5548611111111111 0.36203703703703705 0.5819444444444445 0.36203703703703705 0.5819444444444445 0.4101851851851852 0.5548611111111111 0.4101851851851852
17 0.5895833333333333 0.36203703703703705 0.6090277777777778 0.36203703703703705 0.6090277777777778 0.4111111111111111 0.5895833333333333 0.4111111111111111
11 0.6166666666666667 0.36203703703703705 0.6361111111111112 0.36203703703703705 0.6361111111111112 0.41203703703703703 0.6166666666666667 0.41203703703703703
