2 0.2923611111111111 0.22962962962962963 0.3194444444444445 0.22962962962962963 0.3194444444444445 0.2787037037037037 0.2923611111111111 0.2787037037037037
9 0.32569444444444445 0.22962962962962963 0.3527777777777778 0.22962962962962963 0.3527777777777778 0.2777777777777778 0.32569444444444445 0.2777777777777778
37 0.3590277777777778 0.22962962962962963 0.3861111111111111 0.22962962962962963 0.3861111111111111 0.2657407407407407 0.3590277777777778 0.2657407407407407
0 0.39375 0.22962962962962963 0.42083333333333334 0.22962962962962963 0.42083333333333334 0.2777777777777778 0.39375 0.2777777777777778
1 0.4284722222222222 0.22962962962962963 0.4458333333333333 0.22962962962962963 0.4458333333333333 0.2777777777777778 0.4284722222222222 0.2777777777777778
37 0.4513888888888889 0.22962962962962963 0.47847222222222224 0.22962962962962963 0.47847222222222224 0.2657407407407407 0.4513888888888889 0.2657407407407407
2 0.4861111111111111 0.22962962962962963 0.5055555555555555 0.22962962962962963 0.5055555555555555 0.2796296296296296 0.4861111111111111 0.2796296296296296
0 0.5111111111111111 0.22962962962962963 0.5381944444444444 0.22962962962962963 0.5381944444444444 0.2777777777777778 0.5111111111111111 0.2777777777777778
2 0.5444444444444444 0.22962962962962963 0.5638888888888889 0.22962962962962963 0.5638888888888889 0.2787037037037037 0.5444444444444444 0.2787037037037037
5 0.5708333333333333 0.22962962962962963 0.5979166666666667 0.22962962962962963 0.5979166666666667 0.2777777777777778 0.5708333333333333 0.2777777777777778
1 0.6416666666666667 0.22962962962962963 0.6555555555555556 0.22962962962962963 0.6555555555555556 0.2787037037037037 0.6416666666666667 0.2787037037037037
9 0.6618055555555555 0.22962962962962963 0.6888888888888889 0.22962962962962963 0.6888888888888889 0.2777777777777778 0.6618055555555555 0.2777777777777778
36 0.69375 0.22962962962962963 0.704861111111111 0.22962962962962963 0.704861111111111 0.2657407407407407 0.69375 0.2657407407407407
0 0.7097222222222223 0.22962962962962963 0.7368055555555556 0.22962962962962963 0.7368055555555556 0.2777777777777778 0.7097222222222223 0.2777777777777778
5 0.7416666666666667 0.22962962962962963 0.76875 0.22962962962962963 0.76875 0.2777777777777778 0.7416666666666667 0.2777777777777778
2 0.36875 0.29444444444444445 0.39583333333333337 0.29444444444444445 0.39583333333333337 0.3425925925925926 0.36875 0.3425925925925926
5 0.4013888888888889 0.29444444444444445 0.42847222222222225 0.29444444444444445 0.42847222222222225 0.3425925925925926 0.4013888888888889 0.3425925925925926
37 0.4340277777777778 0.29444444444444445 0.46111111111111114 0.29444444444444445 0.46111111111111114 0.33055555555555555 0.4340277777777778 0.33055555555555555
0 0.46597222222222223 0.29444444444444445 0.4930555555555556 0.29444444444444445 0.4930555555555556 0.3425925925925926 0.46597222222222223 0.3425925925925926
9 0.4986111111111111 0.29444444444444445 0.5180555555555556 0.29444444444444445 0.5180555555555556 0.34351851851851856 0.4986111111111111 0.34351851851851856
37 0.525 0.29444444444444445 0.5520833333333334 0.29444444444444445 0.5520833333333334 0.33055555555555555 0.525 0.33055555555555555
2 0.5597222222222222 0.29444444444444445 0.5791666666666667 0.29444444444444445 0.5791666666666667 0.34351851851851856 0.5597222222222222 0.34351851851851856
0 0.5854166666666667 0.29444444444444445 0.6125 0.29444444444444445 0.6125 0.3425925925925926 0.5854166666666667 0.3425925925925926
2 0.6173611111111111 0.29444444444444445 0.6444444444444445 0.29444444444444445 0.6444444444444445 0.3425925925925926 0.6173611111111111 0.3425925925925926
5 0.6520833333333333 0.29444444444444445 0.6791666666666667 0.29444444444444445 0.6791666666666667 0.3425925925925926 0.6520833333333333 0.3425925925925926
1 0.36875 0.3592592592592593 0.38125000000000003 0.3592592592592593 0.38125000000000003 0.4083333333333333 0.36875 0.4083333333333333
0 0.38819444444444445 0.3592592592592593 0.4076388888888889 0.3592592592592593 0.4076388888888889 0.4083333333333333 0.38819444444444445 0.4083333333333333
0 0.41458333333333336 0.3592592592592593 0.4416666666666667 0.3592592592592593 0.4416666666666667 0.40740740740740744 0.41458333333333336 0.40740740740740744
9 0.4479166666666667 0.3592592592592593 0.4673611111111111 0.3592592592592593 0.4673611111111111 0.4083333333333333 0.4479166666666667 0.4083333333333333
7 0.47430555555555554 0.3592592592592593 0.5013888888888889 0.3592592592592593 0.5013888888888889 0.40740740740740744 0.47430555555555554 0.40740740740740744
6 0.5083333333333333 0.3592592592592593 0.5277777777777778 0.3592592592592593 0.5277777777777778 0.4083333333333333 0.5083333333333333 0.4083333333333333
1 0.5333333333333333 0.3592592592592593 0.5506944444444445 0.3592592592592593 0.5506944444444445 0.40740740740740744 0.5333333333333333 0.40740740740740744
7 0.5583333333333333 0.3592592592592593 0.5854166666666667 0.3592592592592593 0.5854166666666667 0.40740740740740744 0.5583333333333333 0.40740740740740744
18 0.5923611111111111 0.3592592592592593 0.6097222222222223 0.3592592592592593 0.6097222222222223 0.40740740740740744 0.5923611111111111 0.40740740740740744
16 0.6166666666666667 0.3592592592592593 0.64375 0.3592592592592593 0.64375 0.40740740740740744 0.6166666666666667 0.40740740740740744
