2 0.3111111111111111 0.22870370370370371 0.33819444444444446 0.22870370370370371 0.33819444444444446 0.27685185185185185 0.3111111111111111 0.27685185185185185
2 0.3458333333333333 0.22870370370370371 0.3729166666666667 0.22870370370370371 0.3729166666666667 0.27685185185185185 0.3458333333333333 0.27685185185185185
37 0.3784722222222222 0.22870370370370371 0.40555555555555556 0.22870370370370371 0.40555555555555556 0.26481481481481484 0.3784722222222222 0.26481481481481484
0 0.41041666666666665 0.22870370370370371 0.4375 0.22870370370370371 0.4375 0.27685185185185185 0.41041666666666665 0.27685185185185185
2 0.44375 0.22870370370370371 0.4708333333333333 0.22870370370370371 0.4708333333333333 0.27685185185185185 0.44375 0.27685185185185185
37 0.4756944444444444 0.22870370370370371 0.5027777777777778 0.22870370370370371 0.5027777777777778 0.26481481481481484 0.4756944444444444 0.26481481481481484
2 0.5090277777777777 0.22870370370370371 0.5361111111111111 0.22870370370370371 0.5361111111111111 0.27685185185185185 0.5090277777777777 0.27685185185185185
0 0.5423611111111111 0.22870370370370371 0.5694444444444444 0.22870370370370371 0.5694444444444444 0.27685185185185185 0.5423611111111111 0.27685185185185185
2 0.5763888888888888 0.22870370370370371 0.6034722222222222 0.22870370370370371 0.6034722222222222 0.27685185185185185 0.5763888888888888 0.27685185185185185
5 0.6090277777777777 0.22870370370370371 0.6361111111111111 0.22870370370370371 0.6361111111111111 0.27685185185185185 0.6090277777777777 0.27685185185185185
1 0.6763888888888889 0.22870370370370371 0.6937500000000001 0.22870370370370371 0.6937500000000001 0.27685185185185185 0.6763888888888889 0.27685185185185185
6 0.7020833333333333 0.22870370370370371 0.7215277777777778 0.22870370370370371 0.7215277777777778 0.27870370370370373 0.7020833333333333 0.27870370370370373
36 0.7298611111111111 0.22870370370370371 0.742361111111111 0.22870370370370371 0.742361111111111 0.26481481481481484 0.7298611111111111 0.26481481481481484
0 0.7486111111111111 0.22870370370370371 0.7756944444444445 0.22870370370370371 0.7756944444444445 0.27685185185185185 0.7486111111111111 0.27685185185185185
7 0.7833333333333333 0.22870370370370371 0.8027777777777778 0.22870370370370371 0.8027777777777778 0.2777777777777778 0.7833333333333333 0.2777777777777778
0 0.3875 0.2935185185185185 0.40694444444444444 0.2935185185185185 0.40694444444444444 0.3435185185185185 0.3875 0.3435185185185185
5 0.4125 0.2935185185185185 0.4395833333333333 0.2935185185185185 0.4395833333333333 0.3416666666666667 0.4125 0.3416666666666667
37 0.44722222222222224 0.2935185185185185 0.4743055555555556 0.2935185185185185 0.4743055555555556 0.3296296296296296 0.44722222222222224 0.3296296296296296
0 0.48125 0.2935185185185185 0.5083333333333333 0.2935185185185185 0.5083333333333333 0.3416666666666667 0.48125 0.3416666666666667
6 0.5159722222222223 0.2935185185185185 0.5430555555555556 0.2935185185185185 0.5430555555555556 0.3416666666666667 0.5159722222222223 0.3416666666666667
37 0.5479166666666667 0.2935185185185185 0.5750000000000001 0.2935185185185185 0.5750000000000001 0.3287037037037037 0.5479166666666667 0.3287037037037037
2 0.5805555555555556 0.2935185185185185 0.6000000000000001 0.2935185185185185 0.6000000000000001 0.34259259259259256 0.5805555555555556 0.34259259259259256
0 0.6048611111111111 0.2935185185185185 0.6319444444444444 0.2935185185185185 0.6319444444444444 0.3416666666666667 0.6048611111111111 0.3416666666666667
2 0.6381944444444444 0.2935185185185185 0.6652777777777777 0.2935185185185185 0.6652777777777777 0.3416666666666667 0.6381944444444444 0.3416666666666667
5 0.6736111111111112 0.2935185185185185 0.7006944444444445 0.2935185185185185 0.7006944444444445 0.3416666666666667 0.6736111111111112 0.3416666666666667
0 0.3875 0.35833333333333334 0.40694444444444444 0.35833333333333334 0.40694444444444444 0.40740740740740744 0.3875 0.40740740740740744
3 0.4131944444444444 0.35833333333333334 0.44027777777777777 0.35833333333333334 0.44027777777777777 0.4064814814814815 0.4131944444444444 0.4064814814814815
2 0.44513888888888886 0.35833333333333334 0.4722222222222222 0.35833333333333334 0.4722222222222222 0.4064814814814815 0.44513888888888886 0.4064814814814815
1 0.47708333333333336 0.35833333333333334 0.49444444444444446 0.35833333333333334 0.49444444444444446 0.4064814814814815 0.47708333333333336 0.4064814814814815
5 0.5020833333333333 0.35833333333333334 0.5291666666666667 0.35833333333333334 0.5291666666666667 0.4064814814814815 0.5020833333333333 0.4064814814814815
0 0.5375 0.35833333333333334 0.5645833333333333 0.35833333333333334 0.5645833333333333 0.4064814814814815 0.5375 0.4064814814814815
1 0.5715277777777777 0.35833333333333334 0.5840277777777777 0.35833333333333334 0.5840277777777777 0.40740740740740744 0.5715277777777777 0.40740740740740744
8 0.5909722222222222 0.35833333333333334 0.6180555555555556 0.35833333333333334 0.6180555555555556 0.4064814814814815 0.5909722222222222 0.4064814814814815
26 0.6263888888888889 0.35833333333333334 0.6534722222222222 0.35833333333333334 0.6534722222222222 0.4064814814814815 0.6263888888888889 0.4064814814814815
35 0.6590277777777778 0.35833333333333334 0.6784722222222223 0.35833333333333334 0.6784722222222223 0.40740740740740744 0.6590277777777778 0.40740740740740744
