0 0.30833333333333335 0.23703703703703705 0.3354166666666667 0.23703703703703705 0.3354166666666667 0.2851851851851852 0.30833333333333335 0.2851851851851852
4 0.3423611111111111 0.23703703703703705 0.36944444444444446 0.23703703703703705 0.36944444444444446 0.2851851851851852 0.3423611111111111 0.2851851851851852
37 0.37777777777777777 0.23703703703703705 0.4048611111111111 0.23703703703703705 0.4048611111111111 0.27314814814814814 0.37777777777777777 0.27314814814814814
0 0.4125 0.23703703703703705 0.4319444444444444 0.23703703703703705 0.4319444444444444 0.2861111111111111 0.4125 0.2861111111111111
2 0.4388888888888889 0.23703703703703705 0.46597222222222223 0.23703703703703705 0.46597222222222223 0.2861111111111111 0.4388888888888889 0.2861111111111111
37 0.47291666666666665 0.23703703703703705 0.5 0.23703703703703705 0.5 0.27314814814814814 0.47291666666666665 0.27314814814814814
2 0.5069444444444444 0.23703703703703705 0.5263888888888889 0.23703703703703705 0.5263888888888889 0.2861111111111111 0.5069444444444444 0.2861111111111111
0 0.5347222222222222 0.23703703703703705 0.5618055555555556 0.23703703703703705 0.5618055555555556 0.2851851851851852 0.5347222222222222 0.2851851851851852
2 0.5680555555555555 0.23703703703703705 0.5951388888888889 0.23703703703703705 0.5951388888888889 0.2851851851851852 0.5680555555555555 0.2851851851851852
5 0.6020833333333333 0.23703703703703705 0.6291666666666667 0.23703703703703705 0.6291666666666667 0.2851851851851852 0.6020833333333333 0.2851851851851852
0 0.6694444444444444 0.23703703703703705 0.6965277777777777 0.23703703703703705 0.6965277777777777 0.2851851851851852 0.6694444444444444 0.2851851851851852
9 0.7034722222222223 0.23703703703703705 0.7305555555555556 0.23703703703703705 0.7305555555555556 0.2851851851851852 0.7034722222222223 0.2851851851851852
36 0.7388888888888889 0.23703703703703705 0.7458333333333333 0.23703703703703705 0.7458333333333333 0.2675925925925926 0.7388888888888889 0.2675925925925926
0 0.7534722222222222 0.23703703703703705 0.7805555555555556 0.23703703703703705 0.7805555555555556 0.2851851851851852 0.7534722222222222 0.2851851851851852
4 0.7888888888888889 0.23703703703703705 0.8159722222222222 0.23703703703703705 0.8159722222222222 0.2851851851851852 0.7888888888888889 0.2851851851851852
2 0.38472222222222224 0.30185185185185187 0.4118055555555556 0.30185185185185187 0.4118055555555556 0.350925925925926 0.38472222222222224 0.350925925925926
8 0.41805555555555557 0.30185185185185187 0.4451388888888889 0.30185185185185187 0.4451388888888889 0.35000000000000003 0.41805555555555557 0.35000000000000003
37 0.4513888888888889 0.30185185185185187 0.47847222222222224 0.30185185185185187 0.47847222222222224 0.33796296296296297 0.4513888888888889 0.33796296296296297
0 0.4847222222222222 0.30185185185185187 0.5118055555555555 0.30185185185185187 0.5118055555555555 0.350925925925926 0.4847222222222222 0.350925925925926
2 0.5180555555555556 0.30185185185185187 0.5375000000000001 0.30185185185185187 0.5375000000000001 0.350925925925926 0.5180555555555556 0.350925925925926
37 0.54375 0.30185185185185187 0.5708333333333333 0.30185185185185187 0.5708333333333333 0.33796296296296297 0.54375 0.33796296296296297
2 0.5763888888888888 0.30185185185185187 0.6034722222222222 0.30185185185185187 0.6034722222222222 0.35000000000000003 0.5763888888888888 0.35000000000000003
0 0.6118055555555556 0.30185185185185187 0.638888888888889 0.30185185185185187 0.638888888888889 0.35000000000000003 0.6118055555555556 0.35000000000000003
2 0.6472222222222223 0.30185185185185187 0.6743055555555556 0.30185185185185187 0.6743055555555556 0.35000000000000003 0.6472222222222223 0.35000000000000003
5 0.6791666666666667 0.30185185185185187 0.70625 0.30185185185185187 0.70625 0.35000000000000003 0.6791666666666667 0.35000000000000003
6 0.38472222222222224 0.36666666666666664 0.4041666666666667 0.36666666666666664 0.4041666666666667 0.41574074074074074 0.38472222222222224 0.41574074074074074
9 0.4111111111111111 0.36666666666666664 0.4305555555555555 0.36666666666666664 0.4305555555555555 0.41574074074074074 0.4111111111111111 0.41574074074074074
2 0.43680555555555556 0.36666666666666664 0.45625 0.36666666666666664 0.45625 0.41666666666666663 0.43680555555555556 0.41666666666666663
0 0.4638888888888889 0.36666666666666664 0.49097222222222225 0.36666666666666664 0.49097222222222225 0.4148148148148148 0.4638888888888889 0.4148148148148148
5 0.4979166666666667 0.36666666666666664 0.5173611111111112 0.36666666666666664 0.5173611111111112 0.41574074074074074 0.4979166666666667 0.41574074074074074
3 0.5222222222222223 0.36666666666666664 0.5493055555555556 0.36666666666666664 0.5493055555555556 0.4148148148148148 0.5222222222222223 0.4148148148148148
4 0.5541666666666667 0.36666666666666664 0.5736111111111112 0.36666666666666664 0.5736111111111112 0.41574074074074074 0.5541666666666667 0.41574074074074074
6 0.5791666666666667 0.36666666666666664 0.5986111111111112 0.36666666666666664 0.5986111111111112 0.41574074074074074 0.5791666666666667 0.41574074074074074
21 0.6034722222222222 0.36666666666666664 0.6305555555555555 0.36666666666666664 0.6305555555555555 0.4148148148148148 0.6034722222222222 0.4148148148148148
26 0.6354166666666666 0.36666666666666664 0.6548611111111111 0.36666666666666664 0.6548611111111111 0.41574074074074074 0.6354166666666666 0.41574074074074074
