1 0.30694444444444446 0.23796296296296296 0.3194444444444445 0.23796296296296296 0.3194444444444445 0.28703703703703703 0.30694444444444446 0.28703703703703703
2 0.32430555555555557 0.23796296296296296 0.34375 0.23796296296296296 0.34375 0.28703703703703703 0.32430555555555557 0.28703703703703703
37 0.3486111111111111 0.23796296296296296 0.37569444444444444 0.23796296296296296 0.37569444444444444 0.27314814814814814 0.3486111111111111 0.27314814814814814
0 0.38055555555555554 0.23796296296296296 0.4076388888888889 0.23796296296296296 0.4076388888888889 0.2861111111111111 0.38055555555555554 0.2861111111111111
5 0.41597222222222224 0.23796296296296296 0.4430555555555556 0.23796296296296296 0.4430555555555556 0.2861111111111111 0.41597222222222224 0.2861111111111111
37 0.4486111111111111 0.23796296296296296 0.4756944444444445 0.23796296296296296 0.4756944444444445 0.27314814814814814 0.4486111111111111 0.27314814814814814
2 0.48055555555555557 0.23796296296296296 0.5 0.23796296296296296 0.5 0.28703703703703703 0.48055555555555557 0.28703703703703703
0 0.5076388888888889 0.23796296296296296 0.5270833333333333 0.23796296296296296 0.5270833333333333 0.28703703703703703 0.5076388888888889 0.28703703703703703
2 0.5333333333333333 0.23796296296296296 0.5527777777777778 0.23796296296296296 0.5527777777777778 0.287962962962963 0.5333333333333333 0.287962962962963
5 0.5583333333333333 0.23796296296296296 0.5854166666666667 0.23796296296296296 0.5854166666666667 0.28703703703703703 0.5583333333333333 0.28703703703703703
2 0.6305555555555555 0.23796296296296296 0.6576388888888889 0.23796296296296296 0.6576388888888889 0.2861111111111111 0.6305555555555555 0.2861111111111111
0 0.6652777777777777 0.23796296296296296 0.6923611111111111 0.23796296296296296 0.6923611111111111 0.2861111111111111 0.6652777777777777 0.2861111111111111
36 0.7006944444444444 0.23796296296296296 0.7131944444444444 0.23796296296296296 0.7131944444444444 0.2740740740740741 0.7006944444444444 0.2740740740740741
2 0.71875 0.23796296296296296 0.7458333333333333 0.23796296296296296 0.7458333333333333 0.2861111111111111 0.71875 0.2861111111111111
5 0.7534722222222222 0.23796296296296296 0.7805555555555556 0.23796296296296296 0.7805555555555556 0.28703703703703703 0.7534722222222222 0.28703703703703703
0 0.38333333333333336 0.30277777777777776 0.4104166666666667 0.30277777777777776 0.4104166666666667 0.3509259259259259 0.38333333333333336 0.3509259259259259
5 0.4152777777777778 0.30277777777777776 0.44236111111111115 0.30277777777777776 0.44236111111111115 0.3509259259259259 0.4152777777777778 0.3509259259259259
37 0.45069444444444445 0.30277777777777776 0.4777777777777778 0.30277777777777776 0.4777777777777778 0.33888888888888885 0.45069444444444445 0.33888888888888885
0 0.48333333333333334 0.30277777777777776 0.5104166666666666 0.30277777777777776 0.5104166666666666 0.3509259259259259 0.48333333333333334 0.3509259259259259
5 0.5173611111111112 0.30277777777777776 0.5444444444444445 0.30277777777777776 0.5444444444444445 0.3509259259259259 0.5173611111111112 0.3509259259259259
37 0.5527777777777778 0.30277777777777776 0.5798611111111112 0.30277777777777776 0.5798611111111112 0.33888888888888885 0.5527777777777778 0.33888888888888885
2 0.5875 0.30277777777777776 0.6145833333333334 0.30277777777777776 0.6145833333333334 0.3509259259259259 0.5875 0.3509259259259259
0 0.6208333333333333 0.30277777777777776 0.6479166666666667 0.30277777777777776 0.6479166666666667 0.3509259259259259 0.6208333333333333 0.3509259259259259
2 0.6555555555555556 0.30277777777777776 0.6826388888888889 0.30277777777777776 0.6826388888888889 0.3509259259259259 0.6555555555555556 0.3509259259259259
5 0.6895833333333333 0.30277777777777776 0.7166666666666667 0.30277777777777776 0.7166666666666667 0.35185185185185186 0.6895833333333333 0.35185185185185186
9 0.38333333333333336 0.3675925925925926 0.4027777777777778 0.3675925925925926 0.4027777777777778 0.41666666666666663 0.38333333333333336 0.41666666666666663
5 0.4076388888888889 0.3675925925925926 0.43472222222222223 0.3675925925925926 0.43472222222222223 0.41666666666666663 0.4076388888888889 0.41666666666666663
7 0.4409722222222222 0.3675925925925926 0.46041666666666664 0.3675925925925926 0.46041666666666664 0.41759259259259257 0.4409722222222222 0.41759259259259257
2 0.46597222222222223 0.3675925925925926 0.4930555555555556 0.3675925925925926 0.4930555555555556 0.41666666666666663 0.46597222222222223 0.41666666666666663
3 0.4986111111111111 0.3675925925925926 0.5256944444444445 0.3675925925925926 0.5256944444444445 0.41574074074074074 0.4986111111111111 0.41574074074074074
4 0.5326388888888889 0.3675925925925926 0.5520833333333334 0.3675925925925926 0.5520833333333334 0.41666666666666663 0.5326388888888889 0.41666666666666663
3 0.5604166666666667 0.3675925925925926 0.5875 0.3675925925925926 0.5875 0.41574074074074074 0.5604166666666667 0.41574074074074074
2 0.5923611111111111 0.3675925925925926 0.6194444444444445 0.3675925925925926 0.6194444444444445 0.41574074074074074 0.5923611111111111 0.41574074074074074
33 0.6243055555555556 0.3675925925925926 0.64375 0.3675925925925926 0.64375 0.41759259259259257 0.6243055555555556 0.41759259259259257
14 0.6513888888888889 0.3675925925925926 0.6708333333333334 0.3675925925925926 0.6708333333333334 0.41666666666666663 0.6513888888888889 0.41666666666666663
