1 0.3013888888888889 0.225 0.31875 0.225 0.31875 0.27314814814814814 0.3013888888888889 0.27314814814814814
0 0.32569444444444445 0.225 0.3527777777777778 0.225 0.3527777777777778 0.27314814814814814 0.32569444444444445 0.27314814814814814
37 0.3597222222222222 0.225 0.38680555555555557 0.225 0.38680555555555557 0.2601851851851852 0.3597222222222222 0.2601851851851852
1 0.39166666666666666 0.225 0.40902777777777777 0.225 0.40902777777777777 0.27314814814814814 0.39166666666666666 0.27314814814814814
0 0.41597222222222224 0.225 0.4430555555555556 0.225 0.4430555555555556 0.27314814814814814 0.41597222222222224 0.27314814814814814
37 0.4513888888888889 0.225 0.47847222222222224 0.225 0.47847222222222224 0.2601851851851852 0.4513888888888889 0.2601851851851852
2 0.48680555555555555 0.225 0.50625 0.225 0.50625 0.275 0.48680555555555555 0.275
0 0.5111111111111111 0.225 0.5381944444444444 0.225 0.5381944444444444 0.27314814814814814 0.5111111111111111 0.27314814814814814
2 0.5458333333333333 0.225 0.5652777777777778 0.225 0.5652777777777778 0.2740740740740741 0.5458333333333333 0.2740740740740741
5 0.5722222222222222 0.225 0.5993055555555555 0.225 0.5993055555555555 0.27314814814814814 0.5722222222222222 0.27314814814814814
1 0.6395833333333333 0.225 0.6569444444444444 0.225 0.6569444444444444 0.27314814814814814 0.6395833333333333 0.27314814814814814
6 0.6625 0.225 0.6895833333333333 0.225 0.6895833333333333 0.27314814814814814 0.6625 0.27314814814814814
36 0.6958333333333333 0.225 0.7083333333333333 0.225 0.7083333333333333 0.2611111111111111 0.6958333333333333 0.2611111111111111
4 0.7138888888888889 0.225 0.7333333333333334 0.225 0.7333333333333334 0.2740740740740741 0.7138888888888889 0.2740740740740741
3 0.7416666666666667 0.225 0.76875 0.225 0.76875 0.27314814814814814 0.7416666666666667 0.27314814814814814
2 0.37777777777777777 0.2898148148148148 0.3972222222222222 0.2898148148148148 0.3972222222222222 0.3398148148148148 0.37777777777777777 0.3398148148148148
4 0.4027777777777778 0.2898148148148148 0.425 0.2898148148148148 0.425 0.33796296296296297 0.4027777777777778 0.33796296296296297
37 0.4326388888888889 0.2898148148148148 0.45972222222222225 0.2898148148148148 0.45972222222222225 0.325 0.4326388888888889 0.325
0 0.4666666666666667 0.2898148148148148 0.49375 0.2898148148148148 0.49375 0.33796296296296297 0.4666666666666667 0.33796296296296297
4 0.5013888888888889 0.2898148148148148 0.5208333333333334 0.2898148148148148 0.5208333333333334 0.3388888888888889 0.5013888888888889 0.3388888888888889
37 0.5277777777777778 0.2898148148148148 0.5548611111111111 0.2898148148148148 0.5548611111111111 0.3259259259259259 0.5277777777777778 0.3259259259259259
2 0.5611111111111111 0.2898148148148148 0.5881944444444445 0.2898148148148148 0.5881944444444445 0.33796296296296297 0.5611111111111111 0.33796296296296297
0 0.59375 0.2898148148148148 0.6208333333333333 0.2898148148148148 0.6208333333333333 0.33796296296296297 0.59375 0.33796296296296297
2 0.6270833333333333 0.2898148148148148 0.6465277777777778 0.2898148148148148 0.6465277777777778 0.3388888888888889 0.6270833333333333 0.3388888888888889
5 0.6520833333333333 0.2898148148148148 0.6791666666666667 0.2898148148148148 0.6791666666666667 0.33796296296296297 0.6520833333333333 0.33796296296296297
9 0.37777777777777777 0.35462962962962963 0.3972222222222222 0.35462962962962963 0.3972222222222222 0.4037037037037037 0.37777777777777777 0.4037037037037037
1 0.40208333333333335 0.35462962962962963 0.41458333333333336 0.35462962962962963 0.41458333333333336 0.4037037037037037 0.40208333333333335 0.4037037037037037
7 0.42083333333333334 0.35462962962962963 0.44027777777777777 0.35462962962962963 0.44027777777777777 0.4027777777777778 0.42083333333333334 0.4027777777777778
2 0.4465277777777778 0.35462962962962963 0.47361111111111115 0.35462962962962963 0.47361111111111115 0.4027777777777778 0.4465277777777778 0.4027777777777778
6 0.4798611111111111 0.35462962962962963 0.5069444444444444 0.35462962962962963 0.5069444444444444 0.4037037037037037 0.4798611111111111 0.4037037037037037
8 0.5125 0.35462962962962963 0.5395833333333333 0.35462962962962963 0.5395833333333333 0.4027777777777778 0.5125 0.4027777777777778
4 0.5479166666666667 0.35462962962962963 0.5750000000000001 0.35462962962962963 0.5750000000000001 0.4027777777777778 0.5479166666666667 0.4027777777777778
8 0.5826388888888889 0.35462962962962963 0.6020833333333334 0.35462962962962963 0.6020833333333334 0.4037037037037037 0.5826388888888889 0.4037037037037037
10 0.6090277777777777 0.35462962962962963 0.6361111111111111 0.35462962962962963 0.6361111111111111 0.4027777777777778 0.6090277777777777 0.4027777777777778
15 0.6416666666666667 0.35462962962962963 0.6611111111111112 0.35462962962962963 0.6611111111111112 0.4037037037037037 0.6416666666666667 0.4037037037037037
