1 0.3090277777777778 0.2351851851851852 0.3263888888888889 0.2351851851851852 0.3263888888888889 0.28425925925925927 0.3090277777777778 0.28425925925925927
6 0.33402777777777776 0.2351851851851852 0.3534722222222222 0.2351851851851852 0.3534722222222222 0.28425925925925927 0.33402777777777776 0.28425925925925927
37 0.3597222222222222 0.2351851851851852 0.38680555555555557 0.2351851851851852 0.38680555555555557 0.2712962962962963 0.3597222222222222 0.2712962962962963
0 0.39444444444444443 0.2351851851851852 0.4215277777777778 0.2351851851851852 0.4215277777777778 0.2833333333333333 0.39444444444444443 0.2833333333333333
8 0.4284722222222222 0.2351851851851852 0.45555555555555555 0.2351851851851852 0.45555555555555555 0.2833333333333333 0.4284722222222222 0.2833333333333333
37 0.4618055555555556 0.2351851851851852 0.4840277777777778 0.2351851851851852 0.4840277777777778 0.26481481481481484 0.4618055555555556 0.26481481481481484
2 0.4909722222222222 0.2351851851851852 0.5180555555555555 0.2351851851851852 0.5180555555555555 0.28425925925925927 0.4909722222222222 0.28425925925925927
0 0.5243055555555556 0.2351851851851852 0.5513888888888889 0.2351851851851852 0.5513888888888889 0.2833333333333333 0.5243055555555556 0.2833333333333333
2 0.5569444444444445 0.2351851851851852 0.5840277777777778 0.2351851851851852 0.5840277777777778 0.28425925925925927 0.5569444444444445 0.28425925925925927
5 0.5888888888888889 0.2351851851851852 0.6083333333333334 0.2351851851851852 0.6083333333333334 0.28425925925925927 0.5888888888888889 0.28425925925925927
2 0.6513888888888889 0.2351851851851852 0.6708333333333334 0.2351851851851852 0.6708333333333334 0.2851851851851852 0.6513888888888889 0.2851851851851852
1 0.6763888888888889 0.2351851851851852 0.6937500000000001 0.2351851851851852 0.6937500000000001 0.28425925925925927 0.6763888888888889 0.28425925925925927
36 0.7020833333333333 0.2351851851851852 0.7145833333333332 0.2351851851851852 0.7145833333333332 0.2712962962962963 0.7020833333333333 0.2712962962962963
2 0.7215277777777778 0.2351851851851852 0.7486111111111111 0.2351851851851852 0.7486111111111111 0.2833333333333333 0.7215277777777778 0.2833333333333333
7 0.75625 0.2351851851851852 0.7833333333333333 0.2351851851851852 0.7833333333333333 0.2833333333333333 0.75625 0.2833333333333333
2 0.3854166666666667 0.3 0.4048611111111111 0.3 0.4048611111111111 0.3490740740740741 0.3854166666666667 0.3490740740740741
4 0.41041666666666665 0.3 0.4375 0.3 0.4375 0.34814814814814815 0.41041666666666665 0.34814814814814815
37 0.44375 0.3 0.4708333333333333 0.3 0.4708333333333333 0.3351851851851852 0.44375 0.3351851851851852
0 0.47708333333333336 0.3 0.5041666666666667 0.3 0.5041666666666667 0.34814814814814815 0.47708333333333336 0.34814814814814815
2 0.5090277777777777 0.3 0.5284722222222222 0.3 0.5284722222222222 0.3490740740740741 0.5090277777777777 0.3490740740740741
37 0.5368055555555555 0.3 0.5638888888888889 0.3 0.5638888888888889 0.3361111111111111 0.5368055555555555 0.3361111111111111
2 0.56875 0.3 0.5958333333333333 0.3 0.5958333333333333 0.34814814814814815 0.56875 0.34814814814814815
0 0.6041666666666666 0.3 0.63125 0.3 0.63125 0.34814814814814815 0.6041666666666666 0.34814814814814815
2 0.6368055555555555 0.3 0.6638888888888889 0.3 0.6638888888888889 0.3490740740740741 0.6368055555555555 0.3490740740740741
5 0.6708333333333333 0.3 0.6902777777777778 0.3 0.6902777777777778 0.35 0.6708333333333333 0.35
2 0.3854166666666667 0.3648148148148148 0.4048611111111111 0.3648148148148148 0.4048611111111111 0.41388888888888886 0.3854166666666667 0.41388888888888886
7 0.4131944444444444 0.3648148148148148 0.44027777777777777 0.3648148148148148 0.44027777777777777 0.412962962962963 0.4131944444444444 0.412962962962963
4 0.4486111111111111 0.3648148148148148 0.4756944444444445 0.3648148148148148 0.4756944444444445 0.412962962962963 0.4486111111111111 0.412962962962963
3 0.4840277777777778 0.3648148148148148 0.5111111111111111 0.3648148148148148 0.5111111111111111 0.412962962962963 0.4840277777777778 0.412962962962963
0 0.5173611111111112 0.3648148148148148 0.5368055555555556 0.3648148148148148 0.5368055555555556 0.41388888888888886 0.5173611111111112 0.41388888888888886
5 0.5416666666666666 0.3648148148148148 0.56875 0.3648148148148148 0.56875 0.412962962962963 0.5416666666666666 0.412962962962963
5 0.5736111111111111 0.3648148148148148 0.5930555555555556 0.3648148148148148 0.5930555555555556 0.41388888888888886 0.5736111111111111 0.41388888888888886
3 0.6006944444444444 0.3648148148148148 0.6277777777777778 0.3648148148148148 0.6277777777777778 0.412962962962963 0.6006944444444444 0.412962962962963
14 0.6333333333333333 0.3648148148148148 0.6604166666666667 0.3648148148148148 0.6604166666666667 0.412962962962963 0.6333333333333333 0.412962962962963
16 0.6659722222222222 0.3648148148148148 0.6930555555555555 0.3648148148148148 0.6930555555555555 0.412962962962963 0.6659722222222222 0.412962962962963
