2 0.29305555555555557 0.22870370370370371 0.3201388888888889 0.22870370370370371 0.3201388888888889 0.2777777777777778 0.29305555555555557 0.2777777777777778
6 0.325 0.22870370370370371 0.34444444444444444 0.22870370370370371 0.34444444444444444 0.2777777777777778 0.325 0.2777777777777778
37 0.35208333333333336 0.22870370370370371 0.3791666666666667 0.22870370370370371 0.3791666666666667 0.26481481481481484 0.35208333333333336 0.26481481481481484
0 0.3854166666666667 0.22870370370370371 0.41250000000000003 0.22870370370370371 0.41250000000000003 0.27685185185185185 0.3854166666666667 0.27685185185185185
5 0.42083333333333334 0.22870370370370371 0.4479166666666667 0.22870370370370371 0.4479166666666667 0.27685185185185185 0.42083333333333334 0.27685185185185185
37 0.4534722222222222 0.22870370370370371 0.48055555555555557 0.22870370370370371 0.48055555555555557 0.26481481481481484 0.4534722222222222 0.26481481481481484
2 0.4888888888888889 0.22870370370370371 0.5083333333333333 0.22870370370370371 0.5083333333333333 0.2777777777777778 0.4888888888888889 0.2777777777777778
0 0.5166666666666667 0.22870370370370371 0.5437500000000001 0.22870370370370371 0.5437500000000001 0.27685185185185185 0.5166666666666667 0.27685185185185185
2 0.5520833333333334 0.22870370370370371 0.5791666666666667 0.22870370370370371 0.5791666666666667 0.27685185185185185 0.5520833333333334 0.27685185185185185
5 0.5847222222222223 0.22870370370370371 0.6118055555555556 0.22870370370370371 0.6118055555555556 0.2777777777777778 0.5847222222222223 0.2777777777777778
1 0.6576388888888889 0.22870370370370371 0.6701388888888888 0.22870370370370371 0.6701388888888888 0.2777777777777778 0.6576388888888889 0.2777777777777778
8 0.675 0.22870370370370371 0.7020833333333334 0.22870370370370371 0.7020833333333334 0.27685185185185185 0.675 0.27685185185185185
36 0.7083333333333334 0.22870370370370371 0.7194444444444444 0.22870370370370371 0.7194444444444444 0.26481481481481484 0.7083333333333334 0.26481481481481484
5 0.7263888888888889 0.22870370370370371 0.7534722222222222 0.22870370370370371 0.7534722222222222 0.27685185185185185 0.7263888888888889 0.27685185185185185
3 0.7604166666666666 0.22870370370370371 0.7875 0.22870370370370371 0.7875 0.2777777777777778 0.7604166666666666 0.2777777777777778
2 0.36944444444444446 0.2935185185185185 0.3965277777777778 0.2935185185185185 0.3965277777777778 0.3416666666666667 0.36944444444444446 0.3416666666666667
9 0.4041666666666667 0.2935185185185185 0.43125 0.2935185185185185 0.43125 0.3416666666666667 0.4041666666666667 0.3416666666666667
37 0.4395833333333333 0.2935185185185185 0.4666666666666667 0.2935185185185185 0.4666666666666667 0.3296296296296296 0.4395833333333333 0.3296296296296296
1 0.4722222222222222 0.2935185185185185 0.4895833333333333 0.2935185185185185 0.4895833333333333 0.3416666666666667 0.4722222222222222 0.3416666666666667
1 0.4965277777777778 0.2935185185185185 0.5090277777777777 0.2935185185185185 0.5090277777777777 0.3435185185185185 0.4965277777777778 0.3435185185185185
37 0.5173611111111112 0.2935185185185185 0.5444444444444445 0.2935185185185185 0.5444444444444445 0.3296296296296296 0.5173611111111112 0.3296296296296296
2 0.5493055555555556 0.2935185185185185 0.5687500000000001 0.2935185185185185 0.5687500000000001 0.34259259259259256 0.5493055555555556 0.34259259259259256
0 0.5770833333333333 0.2935185185185185 0.6041666666666666 0.2935185185185185 0.6041666666666666 0.3416666666666667 0.5770833333333333 0.3416666666666667
2 0.6111111111111112 0.2935185185185185 0.6381944444444445 0.2935185185185185 0.6381944444444445 0.34259259259259256 0.6111111111111112 0.34259259259259256
4 0.6444444444444445 0.2935185185185185 0.6715277777777778 0.2935185185185185 0.6715277777777778 0.3416666666666667 0.6444444444444445 0.3416666666666667
4 0.36944444444444446 0.35833333333333334 0.3965277777777778 0.35833333333333334 0.3965277777777778 0.4 0.36944444444444446 0.4
3 0.4048611111111111 0.35833333333333334 0.42430555555555555 0.35833333333333334 0.42430555555555555 0.40740740740740744 0.4048611111111111 0.40740740740740744
9 0.43125 0.35833333333333334 0.45833333333333337 0.35833333333333334 0.45833333333333337 0.4064814814814815 0.43125 0.4064814814814815
0 0.4638888888888889 0.35833333333333334 0.49097222222222225 0.35833333333333334 0.49097222222222225 0.4064814814814815 0.4638888888888889 0.4064814814814815
7 0.49722222222222223 0.35833333333333334 0.5243055555555556 0.35833333333333334 0.5243055555555556 0.40740740740740744 0.49722222222222223 0.40740740740740744
5 0.5326388888888889 0.35833333333333334 0.5597222222222222 0.35833333333333334 0.5597222222222222 0.4064814814814815 0.5326388888888889 0.4064814814814815
2 0.5673611111111111 0.35833333333333334 0.5944444444444444 0.35833333333333334 0.5944444444444444 0.40740740740740744 0.5673611111111111 0.40740740740740744
4 0.6006944444444444 0.35833333333333334 0.6201388888888889 0.35833333333333334 0.6201388888888889 0.40740740740740744 0.6006944444444444 0.40740740740740744
34 0.625 0.35833333333333334 0.6520833333333333 0.35833333333333334 0.6520833333333333 0.40740740740740744 0.625 0.40740740740740744
34 0.6576388888888889 0.35833333333333334 0.6847222222222222 0.35833333333333334 0.6847222222222222 0.4064814814814815 0.6576388888888889 0.4064814814814815
