1 0.30416666666666664 0.22592592592592592 0.31666666666666665 0.22592592592592592 0.31666666666666665 0.2759259259259259 0.30416666666666664 0.2759259259259259
8 0.325 0.22592592592592592 0.34444444444444444 0.22592592592592592 0.34444444444444444 0.275 0.325 0.275
37 0.3506944444444444 0.22592592592592592 0.37777777777777777 0.22592592592592592 0.37777777777777777 0.262037037037037 0.3506944444444444 0.262037037037037
1 0.3861111111111111 0.22592592592592592 0.40347222222222223 0.22592592592592592 0.40347222222222223 0.2740740740740741 0.3861111111111111 0.2740740740740741
2 0.4083333333333333 0.22592592592592592 0.4354166666666667 0.22592592592592592 0.4354166666666667 0.2740740740740741 0.4083333333333333 0.2740740740740741
37 0.44166666666666665 0.22592592592592592 0.46875 0.22592592592592592 0.46875 0.262037037037037 0.44166666666666665 0.262037037037037
2 0.47638888888888886 0.22592592592592592 0.5034722222222222 0.22592592592592592 0.5034722222222222 0.2740740740740741 0.47638888888888886 0.2740740740740741
0 0.5104166666666666 0.22592592592592592 0.5375 0.22592592592592592 0.5375 0.2740740740740741 0.5104166666666666 0.2740740740740741
2 0.5444444444444444 0.22592592592592592 0.5715277777777777 0.22592592592592592 0.5715277777777777 0.2740740740740741 0.5444444444444444 0.2740740740740741
4 0.5763888888888888 0.22592592592592592 0.5958333333333333 0.22592592592592592 0.5958333333333333 0.2759259259259259 0.5763888888888888 0.2759259259259259
0 0.6388888888888888 0.22592592592592592 0.6659722222222222 0.22592592592592592 0.6659722222222222 0.2740740740740741 0.6388888888888888 0.2740740740740741
2 0.6708333333333333 0.22592592592592592 0.6979166666666666 0.22592592592592592 0.6979166666666666 0.2740740740740741 0.6708333333333333 0.2740740740740741
36 0.7027777777777777 0.22592592592592592 0.7152777777777777 0.22592592592592592 0.7152777777777777 0.262037037037037 0.7027777777777777 0.262037037037037
3 0.7208333333333333 0.22592592592592592 0.7479166666666667 0.22592592592592592 0.7479166666666667 0.2740740740740741 0.7208333333333333 0.2740740740740741
9 0.7541666666666667 0.22592592592592592 0.7736111111111111 0.22592592592592592 0.7736111111111111 0.275 0.7541666666666667 0.275
1 0.38055555555555554 0.29074074074074074 0.39791666666666664 0.29074074074074074 0.39791666666666664 0.3388888888888889 0.38055555555555554 0.3388888888888889
9 0.4048611111111111 0.29074074074074074 0.42430555555555555 0.29074074074074074 0.42430555555555555 0.3398148148148148 0.4048611111111111 0.3398148148148148
37 0.43194444444444446 0.29074074074074074 0.4590277777777778 0.29074074074074074 0.4590277777777778 0.32685185185185184 0.43194444444444446 0.32685185185185184
0 0.4652777777777778 0.29074074074074074 0.49236111111111114 0.29074074074074074 0.49236111111111114 0.3388888888888889 0.4652777777777778 0.3388888888888889
5 0.4986111111111111 0.29074074074074074 0.5256944444444445 0.29074074074074074 0.5256944444444445 0.3398148148148148 0.4986111111111111 0.3398148148148148
37 0.5340277777777778 0.29074074074074074 0.5611111111111111 0.29074074074074074 0.5611111111111111 0.32685185185185184 0.5340277777777778 0.32685185185185184
2 0.5673611111111111 0.29074074074074074 0.5868055555555556 0.29074074074074074 0.5868055555555556 0.3398148148148148 0.5673611111111111 0.3398148148148148
0 0.5944444444444444 0.29074074074074074 0.6215277777777778 0.29074074074074074 0.6215277777777778 0.3388888888888889 0.5944444444444444 0.3388888888888889
2 0.6298611111111111 0.29074074074074074 0.6569444444444444 0.29074074074074074 0.6569444444444444 0.3388888888888889 0.6298611111111111 0.3388888888888889
5 0.6631944444444444 0.29074074074074074 0.6902777777777778 0.29074074074074074 0.6902777777777778 0.3388888888888889 0.6631944444444444 0.3388888888888889
0 0.38055555555555554 0.35555555555555557 0.39999999999999997 0.35555555555555557 0.39999999999999997 0.4046296296296297 0.38055555555555554 0.4046296296296297
6 0.40694444444444444 0.35555555555555557 0.4340277777777778 0.35555555555555557 0.4340277777777778 0.40370370370370373 0.40694444444444444 0.40370370370370373
6 0.4388888888888889 0.35555555555555557 0.4583333333333333 0.35555555555555557 0.4583333333333333 0.4046296296296297 0.4388888888888889 0.4046296296296297
0 0.46597222222222223 0.35555555555555557 0.4930555555555556 0.35555555555555557 0.4930555555555556 0.4046296296296297 0.46597222222222223 0.4046296296296297
6 0.5013888888888889 0.35555555555555557 0.5208333333333334 0.35555555555555557 0.5208333333333334 0.4046296296296297 0.5013888888888889 0.4046296296296297
8 0.5270833333333333 0.35555555555555557 0.5541666666666667 0.35555555555555557 0.5541666666666667 0.40370370370370373 0.5270833333333333 0.40370370370370373
3 0.5625 0.35555555555555557 0.5819444444444445 0.35555555555555557 0.5819444444444445 0.4046296296296297 0.5625 0.4046296296296297
6 0.5895833333333333 0.35555555555555557 0.6090277777777778 0.35555555555555557 0.6090277777777778 0.40555555555555556 0.5895833333333333 0.40555555555555556
34 0.6152777777777778 0.35555555555555557 0.6423611111111112 0.35555555555555557 0.6423611111111112 0.4046296296296297 0.6152777777777778 0.4046296296296297
16 0.65 0.35555555555555557 0.6694444444444445 0.35555555555555557 0.6694444444444445 0.4046296296296297 0.65 0.4046296296296297
