1 0.3076388888888889 0.23703703703703705 0.3236111111111111 0.23703703703703705 0.3236111111111111 0.2851851851851852 0.3076388888888889 0.2851851851851852
3 0.3298611111111111 0.23703703703703705 0.35694444444444445 0.23703703703703705 0.35694444444444445 0.2851851851851852 0.3298611111111111 0.2851851851851852
37 0.36319444444444443 0.23703703703703705 0.3902777777777778 0.23703703703703705 0.3902777777777778 0.27314814814814814 0.36319444444444443 0.27314814814814814
0 0.3958333333333333 0.23703703703703705 0.41527777777777775 0.23703703703703705 0.41527777777777775 0.2861111111111111 0.3958333333333333 0.2861111111111111
2 0.42083333333333334 0.23703703703703705 0.44027777777777777 0.23703703703703705 0.44027777777777777 0.2861111111111111 0.42083333333333334 0.2861111111111111
37 0.4479166666666667 0.23703703703703705 0.47500000000000003 0.23703703703703705 0.47500000000000003 0.27314814814814814 0.4479166666666667 0.27314814814814814
2 0.48333333333333334 0.23703703703703705 0.5104166666666666 0.23703703703703705 0.5104166666666666 0.2851851851851852 0.48333333333333334 0.2851851851851852
0 0.5152777777777777 0.23703703703703705 0.5423611111111111 0.23703703703703705 0.5423611111111111 0.2861111111111111 0.5152777777777777 0.2861111111111111
2 0.55 0.23703703703703705 0.5770833333333334 0.23703703703703705 0.5770833333333334 0.2851851851851852 0.55 0.2851851851851852
5 0.5819444444444445 0.23703703703703705 0.6090277777777778 0.23703703703703705 0.6090277777777778 0.2851851851851852 0.5819444444444445 0.2851851851851852
0 0.6506944444444445 0.23703703703703705 0.6777777777777778 0.23703703703703705 0.6777777777777778 0.2861111111111111 0.6506944444444445 0.2861111111111111
3 0.6826388888888889 0.23703703703703705 0.7020833333333334 0.23703703703703705 0.7020833333333334 0.28703703703703703 0.6826388888888889 0.28703703703703703
36 0.7090277777777778 0.23703703703703705 0.7201388888888889 0.23703703703703705 0.7201388888888889 0.27314814814814814 0.7090277777777778 0.27314814814814814
4 0.7270833333333333 0.23703703703703705 0.7541666666666667 0.23703703703703705 0.7541666666666667 0.2851851851851852 0.7270833333333333 0.2851851851851852
4 0.7590277777777777 0.23703703703703705 0.7861111111111111 0.23703703703703705 0.7861111111111111 0.2851851851851852 0.7590277777777777 0.2851851851851852
2 0.3840277777777778 0.30185185185185187 0.40347222222222223 0.30185185185185187 0.40347222222222223 0.350925925925926 0.3840277777777778 0.350925925925926
2 0.4111111111111111 0.30185185185185187 0.4305555555555555 0.30185185185185187 0.4305555555555555 0.350925925925926 0.4111111111111111 0.350925925925926
37 0.43819444444444444 0.30185185185185187 0.4652777777777778 0.30185185185185187 0.4652777777777778 0.33796296296296297 0.43819444444444444 0.33796296296296297
0 0.4722222222222222 0.30185185185185187 0.49930555555555556 0.30185185185185187 0.49930555555555556 0.35000000000000003 0.4722222222222222 0.35000000000000003
4 0.5041666666666667 0.30185185185185187 0.5236111111111111 0.30185185185185187 0.5236111111111111 0.350925925925926 0.5041666666666667 0.350925925925926
37 0.5305555555555556 0.30185185185185187 0.5576388888888889 0.30185185185185187 0.5576388888888889 0.33796296296296297 0.5305555555555556 0.33796296296296297
2 0.5652777777777778 0.30185185185185187 0.5923611111111111 0.30185185185185187 0.5923611111111111 0.35000000000000003 0.5652777777777778 0.35000000000000003
0 0.6006944444444444 0.30185185185185187 0.6277777777777778 0.30185185185185187 0.6277777777777778 0.35000000000000003 0.6006944444444444 0.35000000000000003
2 0.6340277777777777 0.30185185185185187 0.6611111111111111 0.30185185185185187 0.6611111111111111 0.350925925925926 0.6340277777777777 0.350925925925926
5 0.6680555555555555 0.30185185185185187 0.6951388888888889 0.30185185185185187 0.6951388888888889 0.35000000000000003 0.6680555555555555 0.35000000000000003
4 0.3840277777777778 0.36666666666666664 0.41111111111111115 0.36666666666666664 0.41111111111111115 0.4148148148148148 0.3840277777777778 0.4148148148148148
7 0.4173611111111111 0.36666666666666664 0.4444444444444445 0.36666666666666664 0.4444444444444445 0.4148148148148148 0.4173611111111111 0.4148148148148148
3 0.45 0.36666666666666664 0.47708333333333336 0.36666666666666664 0.47708333333333336 0.4148148148148148 0.45 0.4148148148148148
3 0.48541666666666666 0.36666666666666664 0.5125 0.36666666666666664 0.5125 0.4148148148148148 0.48541666666666666 0.4148148148148148
4 0.51875 0.36666666666666664 0.5458333333333334 0.36666666666666664 0.5458333333333334 0.4148148148148148 0.51875 0.4148148148148148
4 0.5541666666666667 0.36666666666666664 0.58125 0.36666666666666664 0.58125 0.4148148148148148 0.5541666666666667 0.4148148148148148
8 0.5881944444444445 0.36666666666666664 0.607638888888889 0.36666666666666664 0.607638888888889 0.41666666666666663 0.5881944444444445 0.41666666666666663
9 0.6145833333333334 0.36666666666666664 0.6340277777777779 0.36666666666666664 0.6340277777777779 0.41574074074074074 0.6145833333333334 0.41574074074074074
32 0.6395833333333333 0.36666666666666664 0.6666666666666666 0.36666666666666664 0.6666666666666666 0.41574074074074074 0.6395833333333333 0.41574074074074074
17 0.6722222222222223 0.36666666666666664 0.6916666666666668 0.36666666666666664 0.6916666666666668 0.41574074074074074 0.6722222222222223 0.41574074074074074
