0 0.2881944444444444 0.22870370370370371 0.30763888888888885 0.22870370370370371 0.30763888888888885 0.2777777777777778 0.2881944444444444 0.2777777777777778
7 0.31527777777777777 0.22870370370370371 0.3347222222222222 0.22870370370370371 0.3347222222222222 0.2777777777777778 0.31527777777777777 0.2777777777777778
37 0.3402777777777778 0.22870370370370371 0.36736111111111114 0.22870370370370371 0.36736111111111114 0.26481481481481484 0.3402777777777778 0.26481481481481484
0 0.37222222222222223 0.22870370370370371 0.3993055555555556 0.22870370370370371 0.3993055555555556 0.27685185185185185 0.37222222222222223 0.27685185185185185
5 0.40694444444444444 0.22870370370370371 0.4263888888888889 0.22870370370370371 0.4263888888888889 0.2777777777777778 0.40694444444444444 0.2777777777777778
37 0.43194444444444446 0.22870370370370371 0.4590277777777778 0.22870370370370371 0.4590277777777778 0.26481481481481484 0.43194444444444446 0.26481481481481484
2 0.4666666666666667 0.22870370370370371 0.49375 0.22870370370370371 0.49375 0.27685185185185185 0.4666666666666667 0.27685185185185185
0 0.5006944444444444 0.22870370370370371 0.5277777777777778 0.22870370370370371 0.5277777777777778 0.27685185185185185 0.5006944444444444 0.27685185185185185
2 0.5333333333333333 0.22870370370370371 0.5527777777777778 0.22870370370370371 0.5527777777777778 0.2777777777777778 0.5333333333333333 0.2777777777777778
5 0.5576388888888889 0.22870370370370371 0.5847222222222223 0.22870370370370371 0.5847222222222223 0.27685185185185185 0.5576388888888889 0.27685185185185185
1 0.6229166666666667 0.22870370370370371 0.6354166666666666 0.22870370370370371 0.6354166666666666 0.2777777777777778 0.6229166666666667 0.2777777777777778
7 0.6430555555555556 0.22870370370370371 0.670138888888889 0.22870370370370371 0.670138888888889 0.27685185185185185 0.6430555555555556 0.27685185185185185
36 0.6770833333333334 0.22870370370370371 0.6881944444444444 0.22870370370370371 0.6881944444444444 0.26481481481481484 0.6770833333333334 0.26481481481481484
1 0.69375 0.22870370370370371 0.7062499999999999 0.22870370370370371 0.7062499999999999 0.2777777777777778 0.69375 0.2777777777777778
2 0.7145833333333333 0.22870370370370371 0.7416666666666667 0.22870370370370371 0.7416666666666667 0.27685185185185185 0.7145833333333333 0.27685185185185185
2 0.3645833333333333 0.2935185185185185 0.38402777777777775 0.2935185185185185 0.38402777777777775 0.34259259259259256 0.3645833333333333 0.34259259259259256
9 0.39166666666666666 0.2935185185185185 0.4111111111111111 0.2935185185185185 0.4111111111111111 0.34259259259259256 0.39166666666666666 0.34259259259259256
37 0.4173611111111111 0.2935185185185185 0.4444444444444445 0.2935185185185185 0.4444444444444445 0.3296296296296296 0.4173611111111111 0.3296296296296296
0 0.45069444444444445 0.2935185185185185 0.4701388888888889 0.2935185185185185 0.4701388888888889 0.3435185185185185 0.45069444444444445 0.3435185185185185
6 0.4756944444444444 0.2935185185185185 0.49513888888888885 0.2935185185185185 0.49513888888888885 0.34259259259259256 0.4756944444444444 0.34259259259259256
37 0.5027777777777778 0.2935185185185185 0.5298611111111111 0.2935185185185185 0.5298611111111111 0.3296296296296296 0.5027777777777778 0.3296296296296296
2 0.5368055555555555 0.2935185185185185 0.5638888888888889 0.2935185185185185 0.5638888888888889 0.3416666666666667 0.5368055555555555 0.3416666666666667
0 0.5701388888888889 0.2935185185185185 0.5972222222222222 0.2935185185185185 0.5972222222222222 0.3416666666666667 0.5701388888888889 0.3416666666666667
2 0.6027777777777777 0.2935185185185185 0.6298611111111111 0.2935185185185185 0.6298611111111111 0.3416666666666667 0.6027777777777777 0.3416666666666667
5 0.6381944444444444 0.2935185185185185 0.6652777777777777 0.2935185185185185 0.6652777777777777 0.3416666666666667 0.6381944444444444 0.3416666666666667
0 0.3645833333333333 0.35833333333333334 0.38402777777777775 0.35833333333333334 0.38402777777777775 0.40740740740740744 0.3645833333333333 0.40740740740740744
4 0.3902777777777778 0.35833333333333334 0.4097222222222222 0.35833333333333334 0.4097222222222222 0.40740740740740744 0.3902777777777778 0.40740740740740744
1 0.41805555555555557 0.35833333333333334 0.4354166666666667 0.35833333333333334 0.4354166666666667 0.4064814814814815 0.41805555555555557 0.4064814814814815
2 0.44166666666666665 0.35833333333333334 0.4611111111111111 0.35833333333333334 0.4611111111111111 0.40740740740740744 0.44166666666666665 0.40740740740740744
2 0.46805555555555556 0.35833333333333334 0.4875 0.35833333333333334 0.4875 0.40740740740740744 0.46805555555555556 0.40740740740740744
8 0.4930555555555556 0.35833333333333334 0.5125000000000001 0.35833333333333334 0.5125000000000001 0.4083333333333333 0.4930555555555556 0.4083333333333333
5 0.5208333333333334 0.35833333333333334 0.5479166666666667 0.35833333333333334 0.5479166666666667 0.40740740740740744 0.5208333333333334 0.40740740740740744
0 0.5534722222222223 0.35833333333333334 0.5805555555555556 0.35833333333333334 0.5805555555555556 0.4064814814814815 0.5534722222222223 0.4064814814814815
31 0.5861111111111111 0.35833333333333334 0.6131944444444445 0.35833333333333334 0.6131944444444445 0.4064814814814815 0.5861111111111111 0.4064814814814815
35 0.6194444444444445 0.35833333333333334 0.6465277777777778 0.35833333333333334 0.6465277777777778 0.4064814814814815 0.6194444444444445 0.4064814814814815
