3 0.29375 0.22777777777777777 0.32083333333333336 0.22777777777777777 0.32083333333333336 0.2759259259259259 0.29375 0.2759259259259259
0 0.3277777777777778 0.22777777777777777 0.3548611111111111 0.22777777777777777 0.3548611111111111 0.2759259259259259 0.3277777777777778 0.2759259259259259
37 0.3611111111111111 0.22777777777777777 0.38819444444444445 0.22777777777777777 0.38819444444444445 0.2638888888888889 0.3611111111111111 0.2638888888888889
0 0.39652777777777776 0.22777777777777777 0.4236111111111111 0.22777777777777777 0.4236111111111111 0.2759259259259259 0.39652777777777776 0.2759259259259259
7 0.42986111111111114 0.22777777777777777 0.44930555555555557 0.22777777777777777 0.44930555555555557 0.27685185185185185 0.42986111111111114 0.27685185185185185
37 0.45416666666666666 0.22777777777777777 0.48125 0.22777777777777777 0.48125 0.2638888888888889 0.45416666666666666 0.2638888888888889
2 0.48680555555555555 0.22777777777777777 0.50625 0.22777777777777777 0.50625 0.27685185185185185 0.48680555555555555 0.27685185185185185
0 0.5111111111111111 0.22777777777777777 0.5381944444444444 0.22777777777777777 0.5381944444444444 0.2759259259259259 0.5111111111111111 0.2759259259259259
2 0.5451388888888888 0.22777777777777777 0.5722222222222222 0.22777777777777777 0.5722222222222222 0.27685185185185185 0.5451388888888888 0.27685185185185185
5 0.5798611111111112 0.22777777777777777 0.6069444444444445 0.22777777777777777 0.6069444444444445 0.27685185185185185 0.5798611111111112 0.27685185185185185
0 0.6458333333333334 0.22777777777777777 0.6729166666666667 0.22777777777777777 0.6729166666666667 0.2759259259259259 0.6458333333333334 0.2759259259259259
6 0.6784722222222223 0.22777777777777777 0.7055555555555556 0.22777777777777777 0.7055555555555556 0.2759259259259259 0.6784722222222223 0.2759259259259259
36 0.7125 0.22777777777777777 0.7194444444444444 0.22777777777777777 0.7194444444444444 0.2583333333333333 0.7125 0.2583333333333333
5 0.7256944444444444 0.22777777777777777 0.7451388888888889 0.22777777777777777 0.7451388888888889 0.27685185185185185 0.7256944444444444 0.27685185185185185
9 0.7534722222222222 0.22777777777777777 0.7805555555555556 0.22777777777777777 0.7805555555555556 0.2759259259259259 0.7534722222222222 0.2759259259259259
1 0.3701388888888889 0.29259259259259257 0.3826388888888889 0.29259259259259257 0.3826388888888889 0.3416666666666667 0.3701388888888889 0.3416666666666667
7 0.3875 0.29259259259259257 0.40694444444444444 0.29259259259259257 0.40694444444444444 0.3416666666666667 0.3875 0.3416666666666667
37 0.4152777777777778 0.29259259259259257 0.44236111111111115 0.29259259259259257 0.44236111111111115 0.32870370370370366 0.4152777777777778 0.32870370370370366
0 0.45069444444444445 0.29259259259259257 0.4701388888888889 0.29259259259259257 0.4701388888888889 0.3416666666666667 0.45069444444444445 0.3416666666666667
2 0.47708333333333336 0.29259259259259257 0.5041666666666667 0.29259259259259257 0.5041666666666667 0.34074074074074073 0.47708333333333336 0.34074074074074073
37 0.5090277777777777 0.29259259259259257 0.53125 0.29259259259259257 0.53125 0.3222222222222222 0.5090277777777777 0.3222222222222222
2 0.5388888888888889 0.29259259259259257 0.5583333333333333 0.29259259259259257 0.5583333333333333 0.3416666666666667 0.5388888888888889 0.3416666666666667
0 0.5659722222222222 0.29259259259259257 0.5854166666666667 0.29259259259259257 0.5854166666666667 0.3416666666666667 0.5659722222222222 0.3416666666666667
2 0.5902777777777778 0.29259259259259257 0.6097222222222223 0.29259259259259257 0.6097222222222223 0.3416666666666667 0.5902777777777778 0.3416666666666667
5 0.6159722222222223 0.29259259259259257 0.6354166666666667 0.29259259259259257 0.6354166666666667 0.3416666666666667 0.6159722222222223 0.3416666666666667
7 0.3701388888888889 0.3574074074074074 0.39722222222222225 0.3574074074074074 0.39722222222222225 0.40555555555555556 0.3701388888888889 0.40555555555555556
5 0.4027777777777778 0.3574074074074074 0.42986111111111114 0.3574074074074074 0.42986111111111114 0.40555555555555556 0.4027777777777778 0.40555555555555556
7 0.4375 0.3574074074074074 0.46458333333333335 0.3574074074074074 0.46458333333333335 0.40648148148148144 0.4375 0.40648148148148144
7 0.4722222222222222 0.3574074074074074 0.49166666666666664 0.3574074074074074 0.49166666666666664 0.40555555555555556 0.4722222222222222 0.40555555555555556
3 0.49722222222222223 0.3574074074074074 0.5243055555555556 0.3574074074074074 0.5243055555555556 0.40648148148148144 0.49722222222222223 0.40648148148148144
1 0.53125 0.3574074074074074 0.5444444444444444 0.3574074074074074 0.5444444444444444 0.40648148148148144 0.53125 0.40648148148148144
5 0.5520833333333334 0.3574074074074074 0.5791666666666667 0.3574074074074074 0.5791666666666667 0.40555555555555556 0.5520833333333334 0.40555555555555556
3 0.5840277777777778 0.3574074074074074 0.6034722222222223 0.3574074074074074 0.6034722222222223 0.40648148148148144 0.5840277777777778 0.40648148148148144
21 0.6111111111111112 0.3574074074074074 0.6375000000000001 0.3574074074074074 0.6375000000000001 0.40555555555555556 0.6111111111111112 0.40555555555555556
29 0.6444444444444445 0.3574074074074074 0.663888888888889 0.3574074074074074 0.663888888888889 0.40648148148148144 0.6444444444444445 0.40648148148148144
