2 0.29930555555555555 0.23425925925925925 0.31875 0.23425925925925925 0.31875 0.2833333333333333 0.29930555555555555 0.2833333333333333
6 0.325 0.23425925925925925 0.34444444444444444 0.23425925925925925 0.34444444444444444 0.2833333333333333 0.325 0.2833333333333333
37 0.3506944444444444 0.23425925925925925 0.37777777777777777 0.23425925925925925 0.37777777777777777 0.27037037037037037 0.3506944444444444 0.27037037037037037
1 0.38263888888888886 0.23425925925925925 0.39999999999999997 0.23425925925925925 0.39999999999999997 0.2833333333333333 0.38263888888888886 0.2833333333333333
2 0.40694444444444444 0.23425925925925925 0.4340277777777778 0.23425925925925925 0.4340277777777778 0.2833333333333333 0.40694444444444444 0.2833333333333333
37 0.4388888888888889 0.23425925925925925 0.46597222222222223 0.23425925925925925 0.46597222222222223 0.27037037037037037 0.4388888888888889 0.27037037037037037
2 0.4736111111111111 0.23425925925925925 0.5006944444444444 0.23425925925925925 0.5006944444444444 0.2833333333333333 0.4736111111111111 0.2833333333333333
0 0.5090277777777777 0.23425925925925925 0.5361111111111111 0.23425925925925925 0.5361111111111111 0.2824074074074074 0.5090277777777777 0.2824074074074074
2 0.5430555555555555 0.23425925925925925 0.5701388888888889 0.23425925925925925 0.5701388888888889 0.2833333333333333 0.5430555555555555 0.2833333333333333
4 0.5784722222222223 0.23425925925925925 0.6055555555555556 0.23425925925925925 0.6055555555555556 0.2824074074074074 0.5784722222222223 0.2824074074074074
0 0.6486111111111111 0.23425925925925925 0.6756944444444445 0.23425925925925925 0.6756944444444445 0.2833333333333333 0.6486111111111111 0.2833333333333333
9 0.6805555555555556 0.23425925925925925 0.7000000000000001 0.23425925925925925 0.7000000000000001 0.2833333333333333 0.6805555555555556 0.2833333333333333
36 0.7083333333333334 0.23425925925925925 0.7194444444444444 0.23425925925925925 0.7194444444444444 0.27037037037037037 0.7083333333333334 0.27037037037037037
4 0.7270833333333333 0.23425925925925925 0.7541666666666667 0.23425925925925925 0.7541666666666667 0.2824074074074074 0.7270833333333333 0.2824074074074074
4 0.7590277777777777 0.23425925925925925 0.7784722222222222 0.23425925925925925 0.7784722222222222 0.2824074074074074 0.7590277777777777 0.2824074074074074
2 0.37569444444444444 0.29907407407407405 0.3951388888888889 0.29907407407407405 0.3951388888888889 0.34907407407407404 0.37569444444444444 0.34907407407407404
6 0.40069444444444446 0.29907407407407405 0.4277777777777778 0.29907407407407405 0.4277777777777778 0.3472222222222222 0.40069444444444446 0.3472222222222222
37 0.43472222222222223 0.29907407407407405 0.4618055555555556 0.29907407407407405 0.4618055555555556 0.33518518518518514 0.43472222222222223 0.33518518518518514
1 0.46875 0.29907407407407405 0.4861111111111111 0.29907407407407405 0.4861111111111111 0.3481481481481481 0.46875 0.3481481481481481
2 0.4909722222222222 0.29907407407407405 0.5180555555555555 0.29907407407407405 0.5180555555555555 0.3472222222222222 0.4909722222222222 0.3472222222222222
37 0.5243055555555556 0.29907407407407405 0.5513888888888889 0.29907407407407405 0.5513888888888889 0.33518518518518514 0.5243055555555556 0.33518518518518514
2 0.5569444444444445 0.29907407407407405 0.5840277777777778 0.29907407407407405 0.5840277777777778 0.3472222222222222 0.5569444444444445 0.3472222222222222
0 0.5888888888888889 0.29907407407407405 0.6083333333333334 0.29907407407407405 0.6083333333333334 0.3481481481481481 0.5888888888888889 0.3481481481481481
2 0.6166666666666667 0.29907407407407405 0.64375 0.29907407407407405 0.64375 0.3472222222222222 0.6166666666666667 0.3472222222222222
4 0.6520833333333333 0.29907407407407405 0.6791666666666667 0.29907407407407405 0.6791666666666667 0.3472222222222222 0.6520833333333333 0.3472222222222222
3 0.37569444444444444 0.3638888888888889 0.4027777777777778 0.3638888888888889 0.4027777777777778 0.41203703703703703 0.37569444444444444 0.41203703703703703
1 0.40902777777777777 0.3638888888888889 0.4263888888888889 0.3638888888888889 0.4263888888888889 0.41203703703703703 0.40902777777777777 0.41203703703703703
6 0.43333333333333335 0.3638888888888889 0.4604166666666667 0.3638888888888889 0.4604166666666667 0.412962962962963 0.43333333333333335 0.412962962962963
3 0.46805555555555556 0.3638888888888889 0.4951388888888889 0.3638888888888889 0.4951388888888889 0.412962962962963 0.46805555555555556 0.412962962962963
0 0.5006944444444444 0.3638888888888889 0.5277777777777778 0.3638888888888889 0.5277777777777778 0.41203703703703703 0.5006944444444444 0.41203703703703703
3 0.5340277777777778 0.3638888888888889 0.5611111111111111 0.3638888888888889 0.5611111111111111 0.41203703703703703 0.5340277777777778 0.41203703703703703
2 0.5694444444444444 0.3638888888888889 0.5965277777777778 0.3638888888888889 0.5965277777777778 0.412962962962963 0.5694444444444444 0.412962962962963
3 0.6034722222222222 0.3638888888888889 0.6305555555555555 0.3638888888888889 0.6305555555555555 0.412962962962963 0.6034722222222222 0.412962962962963
25 0.6381944444444444 0.3638888888888889 0.6652777777777777 0.3638888888888889 0.6652777777777777 0.41203703703703703 0.6381944444444444 0.41203703703703703
30 0.6701388888888888 0.3638888888888889 0.6972222222222222 0.3638888888888889 0.6972222222222222 0.41203703703703703 0.6701388888888888 0.41203703703703703
