1 0.31180555555555556 0.22962962962962963 0.32916666666666666 0.22962962962962963 0.32916666666666666 0.2777777777777778 0.31180555555555556 0.2777777777777778
6 0.33402777777777776 0.22962962962962963 0.3534722222222222 0.22962962962962963 0.3534722222222222 0.2787037037037037 0.33402777777777776 0.2787037037037037
37 0.3590277777777778 0.22962962962962963 0.3861111111111111 0.22962962962962963 0.3861111111111111 0.2657407407407407 0.3590277777777778 0.2657407407407407
0 0.39305555555555555 0.22962962962962963 0.4201388888888889 0.22962962962962963 0.4201388888888889 0.2777777777777778 0.39305555555555555 0.2777777777777778
1 0.4270833333333333 0.22962962962962963 0.4444444444444444 0.22962962962962963 0.4444444444444444 0.2777777777777778 0.4270833333333333 0.2777777777777778
37 0.45208333333333334 0.22962962962962963 0.4791666666666667 0.22962962962962963 0.4791666666666667 0.2657407407407407 0.45208333333333334 0.2657407407407407
2 0.4847222222222222 0.22962962962962963 0.5041666666666667 0.22962962962962963 0.5041666666666667 0.2787037037037037 0.4847222222222222 0.2787037037037037
0 0.5111111111111111 0.22962962962962963 0.5381944444444444 0.22962962962962963 0.5381944444444444 0.2777777777777778 0.5111111111111111 0.2777777777777778
2 0.5444444444444444 0.22962962962962963 0.5715277777777777 0.22962962962962963 0.5715277777777777 0.2787037037037037 0.5444444444444444 0.2787037037037037
5 0.5791666666666667 0.22962962962962963 0.5986111111111112 0.22962962962962963 0.5986111111111112 0.2787037037037037 0.5791666666666667 0.2787037037037037
2 0.6423611111111112 0.22962962962962963 0.6694444444444445 0.22962962962962963 0.6694444444444445 0.2777777777777778 0.6423611111111112 0.2777777777777778
2 0.6770833333333334 0.22962962962962963 0.7041666666666667 0.22962962962962963 0.7041666666666667 0.2777777777777778 0.6770833333333334 0.2777777777777778
36 0.7111111111111111 0.22962962962962963 0.7222222222222222 0.22962962962962963 0.7222222222222222 0.2657407407407407 0.7111111111111111 0.2657407407407407
5 0.7270833333333333 0.22962962962962963 0.7465277777777778 0.22962962962962963 0.7465277777777778 0.2787037037037037 0.7270833333333333 0.2787037037037037
6 0.7513888888888889 0.22962962962962963 0.7708333333333334 0.22962962962962963 0.7708333333333334 0.2796296296296296 0.7513888888888889 0.2796296296296296
0 0.38819444444444445 0.29444444444444445 0.4152777777777778 0.29444444444444445 0.4152777777777778 0.3425925925925926 0.38819444444444445 0.3425925925925926
8 0.42083333333333334 0.29444444444444445 0.44027777777777777 0.29444444444444445 0.44027777777777777 0.34351851851851856 0.42083333333333334 0.34351851851851856
37 0.44722222222222224 0.29444444444444445 0.4743055555555556 0.29444444444444445 0.4743055555555556 0.32962962962962966 0.44722222222222224 0.32962962962962966
1 0.48125 0.29444444444444445 0.4986111111111111 0.29444444444444445 0.4986111111111111 0.34351851851851856 0.48125 0.34351851851851856
0 0.5041666666666667 0.29444444444444445 0.5236111111111111 0.29444444444444445 0.5236111111111111 0.34351851851851856 0.5041666666666667 0.34351851851851856
37 0.53125 0.29444444444444445 0.5583333333333333 0.29444444444444445 0.5583333333333333 0.33055555555555555 0.53125 0.33055555555555555
2 0.5645833333333333 0.29444444444444445 0.5916666666666667 0.29444444444444445 0.5916666666666667 0.3425925925925926 0.5645833333333333 0.3425925925925926
0 0.5972222222222222 0.29444444444444445 0.6243055555555556 0.29444444444444445 0.6243055555555556 0.3425925925925926 0.5972222222222222 0.3425925925925926
2 0.6326388888888889 0.29444444444444445 0.6597222222222222 0.29444444444444445 0.6597222222222222 0.3425925925925926 0.6326388888888889 0.3425925925925926
5 0.6666666666666666 0.29444444444444445 0.69375 0.29444444444444445 0.69375 0.34351851851851856 0.6666666666666666 0.34351851851851856
4 0.38819444444444445 0.3592592592592593 0.4076388888888889 0.3592592592592593 0.4076388888888889 0.4083333333333333 0.38819444444444445 0.4083333333333333
6 0.41458333333333336 0.3592592592592593 0.4416666666666667 0.3592592592592593 0.4416666666666667 0.40740740740740744 0.41458333333333336 0.40740740740740744
0 0.4479166666666667 0.3592592592592593 0.47500000000000003 0.3592592592592593 0.47500000000000003 0.40740740740740744 0.4479166666666667 0.40740740740740744
0 0.48125 0.3592592592592593 0.5083333333333333 0.3592592592592593 0.5083333333333333 0.40740740740740744 0.48125 0.40740740740740744
1 0.5145833333333333 0.3592592592592593 0.5319444444444444 0.3592592592592593 0.5319444444444444 0.40740740740740744 0.5145833333333333 0.40740740740740744
8 0.5381944444444444 0.3592592592592593 0.5576388888888889 0.3592592592592593 0.5576388888888889 0.4083333333333333 0.5381944444444444 0.4083333333333333
4 0.5652777777777778 0.3592592592592593 0.5923611111111111 0.3592592592592593 0.5923611111111111 0.4083333333333333 0.5652777777777778 0.4083333333333333
2 0.6 0.3592592592592593 0.6270833333333333 0.3592592592592593 0.6270833333333333 0.40740740740740744 0.6 0.40740740740740744
32 0.6354166666666666 0.3592592592592593 0.6548611111111111 0.3592592592592593 0.6548611111111111 0.4083333333333333 0.6354166666666666 0.4083333333333333
28 0.6625 0.3592592592592593 0.6819444444444445 0.3592592592592593 0.6819444444444445 0.4083333333333333 0.6625 0.4083333333333333
