2 0.2986111111111111 0.22592592592592592 0.31805555555555554 0.22592592592592592 0.31805555555555554 0.275 0.2986111111111111 0.275
3 0.325 0.22592592592592592 0.35208333333333336 0.22592592592592592 0.35208333333333336 0.2740740740740741 0.325 0.2740740740740741
37 0.36041666666666666 0.22592592592592592 0.3875 0.22592592592592592 0.3875 0.262037037037037 0.36041666666666666 0.262037037037037
0 0.39305555555555555 0.22592592592592592 0.4125 0.22592592592592592 0.4125 0.275 0.39305555555555555 0.275
2 0.4201388888888889 0.22592592592592592 0.44722222222222224 0.22592592592592592 0.44722222222222224 0.2740740740740741 0.4201388888888889 0.2740740740740741
37 0.45208333333333334 0.22592592592592592 0.4791666666666667 0.22592592592592592 0.4791666666666667 0.262037037037037 0.45208333333333334 0.262037037037037
2 0.4840277777777778 0.22592592592592592 0.5111111111111111 0.22592592592592592 0.5111111111111111 0.2740740740740741 0.4840277777777778 0.2740740740740741
0 0.5173611111111112 0.22592592592592592 0.5444444444444445 0.22592592592592592 0.5444444444444445 0.2740740740740741 0.5173611111111112 0.2740740740740741
2 0.5513888888888889 0.22592592592592592 0.5784722222222223 0.22592592592592592 0.5784722222222223 0.2740740740740741 0.5513888888888889 0.2740740740740741
5 0.5840277777777778 0.22592592592592592 0.6111111111111112 0.22592592592592592 0.6111111111111112 0.275 0.5840277777777778 0.275
0 0.6479166666666667 0.22592592592592592 0.675 0.22592592592592592 0.675 0.2740740740740741 0.6479166666666667 0.2740740740740741
6 0.68125 0.22592592592592592 0.7083333333333334 0.22592592592592592 0.7083333333333334 0.275 0.68125 0.275
36 0.7138888888888889 0.22592592592592592 0.7263888888888889 0.22592592592592592 0.7263888888888889 0.262037037037037 0.7138888888888889 0.262037037037037
2 0.7333333333333333 0.22592592592592592 0.7527777777777778 0.22592592592592592 0.7527777777777778 0.275 0.7333333333333333 0.275
9 0.7611111111111111 0.22592592592592592 0.7881944444444444 0.22592592592592592 0.7881944444444444 0.2740740740740741 0.7611111111111111 0.2740740740740741
1 0.375 0.29074074074074074 0.38819444444444445 0.29074074074074074 0.38819444444444445 0.3398148148148148 0.375 0.3398148148148148
1 0.39444444444444443 0.29074074074074074 0.41180555555555554 0.29074074074074074 0.41180555555555554 0.3388888888888889 0.39444444444444443 0.3388888888888889
37 0.4166666666666667 0.29074074074074074 0.44375000000000003 0.29074074074074074 0.44375000000000003 0.32685185185185184 0.4166666666666667 0.32685185185185184
0 0.4513888888888889 0.29074074074074074 0.47847222222222224 0.29074074074074074 0.47847222222222224 0.3398148148148148 0.4513888888888889 0.3398148148148148
4 0.4847222222222222 0.29074074074074074 0.5118055555555555 0.29074074074074074 0.5118055555555555 0.3388888888888889 0.4847222222222222 0.3388888888888889
37 0.5173611111111112 0.29074074074074074 0.5444444444444445 0.29074074074074074 0.5444444444444445 0.32592592592592595 0.5173611111111112 0.32592592592592595
2 0.55 0.29074074074074074 0.5770833333333334 0.29074074074074074 0.5770833333333334 0.3398148148148148 0.55 0.3398148148148148
0 0.5833333333333334 0.29074074074074074 0.6027777777777779 0.29074074074074074 0.6027777777777779 0.3398148148148148 0.5833333333333334 0.3398148148148148
2 0.6111111111111112 0.29074074074074074 0.6381944444444445 0.29074074074074074 0.6381944444444445 0.3398148148148148 0.6111111111111112 0.3398148148148148
5 0.64375 0.29074074074074074 0.6708333333333334 0.29074074074074074 0.6708333333333334 0.3398148148148148 0.64375 0.3398148148148148
9 0.375 0.35555555555555557 0.40208333333333335 0.35555555555555557 0.40208333333333335 0.40370370370370373 0.375 0.40370370370370373
5 0.40902777777777777 0.35555555555555557 0.4284722222222222 0.35555555555555557 0.4284722222222222 0.40555555555555556 0.40902777777777777 0.40555555555555556
3 0.4340277777777778 0.35555555555555557 0.4534722222222222 0.35555555555555557 0.4534722222222222 0.4046296296296297 0.4340277777777778 0.4046296296296297
3 0.46041666666666664 0.35555555555555557 0.4875 0.35555555555555557 0.4875 0.40370370370370373 0.46041666666666664 0.40370370370370373
5 0.49375 0.35555555555555557 0.5208333333333334 0.35555555555555557 0.5208333333333334 0.40370370370370373 0.49375 0.40370370370370373
6 0.5256944444444445 0.35555555555555557 0.5527777777777778 0.35555555555555557 0.5527777777777778 0.40370370370370373 0.5256944444444445 0.40370370370370373
8 0.5597222222222222 0.35555555555555557 0.5791666666666667 0.35555555555555557 0.5791666666666667 0.4046296296296297 0.5597222222222222 0.4046296296296297
1 0.5847222222222223 0.35555555555555557 0.5986111111111111 0.35555555555555557 0.5986111111111111 0.4046296296296297 0.5847222222222223 0.4046296296296297
16 0.6048611111111111 0.35555555555555557 0.6319444444444444 0.35555555555555557 0.6319444444444444 0.40370370370370373 0.6048611111111111 0.40370370370370373
34 0.6381944444444444 0.35555555555555557 0.6652777777777777 0.35555555555555557 0.6652777777777777 0.40370370370370373 0.6381944444444444 0.40370370370370373
