2 0.2951388888888889 0.23055555555555557 0.3145833333333333 0.23055555555555557 0.3145833333333333 0.28055555555555556 0.2951388888888889 0.28055555555555556
1 0.3215277777777778 0.23055555555555557 0.3340277777777778 0.23055555555555557 0.3340277777777778 0.2796296296296297 0.3215277777777778 0.2796296296296297
37 0.3402777777777778 0.23055555555555557 0.36736111111111114 0.23055555555555557 0.36736111111111114 0.2657407407407408 0.3402777777777778 0.2657407407407408
0 0.37569444444444444 0.23055555555555557 0.4027777777777778 0.23055555555555557 0.4027777777777778 0.27870370370370373 0.37569444444444444 0.27870370370370373
4 0.4097222222222222 0.23055555555555557 0.43680555555555556 0.23055555555555557 0.43680555555555556 0.27870370370370373 0.4097222222222222 0.27870370370370373
37 0.44305555555555554 0.23055555555555557 0.4701388888888889 0.23055555555555557 0.4701388888888889 0.26666666666666666 0.44305555555555554 0.26666666666666666
2 0.4756944444444444 0.23055555555555557 0.5027777777777778 0.23055555555555557 0.5027777777777778 0.27870370370370373 0.4756944444444444 0.27870370370370373
0 0.5090277777777777 0.23055555555555557 0.5361111111111111 0.23055555555555557 0.5361111111111111 0.27870370370370373 0.5090277777777777 0.27870370370370373
2 0.5423611111111111 0.23055555555555557 0.5694444444444444 0.23055555555555557 0.5694444444444444 0.27870370370370373 0.5423611111111111 0.27870370370370373
5 0.5777777777777777 0.23055555555555557 0.6048611111111111 0.23055555555555557 0.6048611111111111 0.27870370370370373 0.5777777777777777 0.27870370370370373
0 0.64375 0.23055555555555557 0.6708333333333334 0.23055555555555557 0.6708333333333334 0.27870370370370373 0.64375 0.27870370370370373
2 0.6756944444444445 0.23055555555555557 0.7027777777777778 0.23055555555555557 0.7027777777777778 0.2796296296296297 0.6756944444444445 0.2796296296296297
36 0.7083333333333334 0.23055555555555557 0.7152777777777778 0.23055555555555557 0.7152777777777778 0.2611111111111111 0.7083333333333334 0.2611111111111111
1 0.7208333333333333 0.23055555555555557 0.7347222222222222 0.23055555555555557 0.7347222222222222 0.2796296296296297 0.7208333333333333 0.2796296296296297
3 0.7395833333333334 0.23055555555555557 0.7666666666666667 0.23055555555555557 0.7666666666666667 0.27870370370370373 0.7395833333333334 0.27870370370370373
0 0.3715277777777778 0.2953703703703704 0.39861111111111114 0.2953703703703704 0.39861111111111114 0.34351851851851856 0.3715277777777778 0.34351851851851856
4 0.40555555555555556 0.2953703703703704 0.4326388888888889 0.2953703703703704 0.4326388888888889 0.34351851851851856 0.40555555555555556 0.34351851851851856
37 0.4375 0.2953703703703704 0.46458333333333335 0.2953703703703704 0.46458333333333335 0.3314814814814815 0.4375 0.3314814814814815
0 0.47291666666666665 0.2953703703703704 0.4923611111111111 0.2953703703703704 0.4923611111111111 0.34444444444444444 0.47291666666666665 0.34444444444444444
9 0.4986111111111111 0.2953703703703704 0.5180555555555556 0.2953703703703704 0.5180555555555556 0.34444444444444444 0.4986111111111111 0.34444444444444444
37 0.5256944444444445 0.2953703703703704 0.5527777777777778 0.2953703703703704 0.5527777777777778 0.3314814814814815 0.5256944444444445 0.3314814814814815
2 0.5604166666666667 0.2953703703703704 0.5875 0.2953703703703704 0.5875 0.34351851851851856 0.5604166666666667 0.34351851851851856
0 0.59375 0.2953703703703704 0.6131944444444445 0.2953703703703704 0.6131944444444445 0.34444444444444444 0.59375 0.34444444444444444
2 0.6215277777777778 0.2953703703703704 0.6486111111111111 0.2953703703703704 0.6486111111111111 0.34351851851851856 0.6215277777777778 0.34351851851851856
5 0.6569444444444444 0.2953703703703704 0.6840277777777778 0.2953703703703704 0.6840277777777778 0.34351851851851856 0.6569444444444444 0.34351851851851856
4 0.3715277777777778 0.36018518518518516 0.39861111111111114 0.36018518518518516 0.39861111111111114 0.4083333333333333 0.3715277777777778 0.4083333333333333
7 0.40347222222222223 0.36018518518518516 0.42291666666666666 0.36018518518518516 0.42291666666666666 0.4083333333333333 0.40347222222222223 0.4083333333333333
2 0.42986111111111114 0.36018518518518516 0.4569444444444445 0.36018518518518516 0.4569444444444445 0.4092592592592592 0.42986111111111114 0.4092592592592592
6 0.4618055555555556 0.36018518518518516 0.48125 0.36018518518518516 0.48125 0.4092592592592592 0.4618055555555556 0.4092592592592592
3 0.4895833333333333 0.36018518518518516 0.5166666666666666 0.36018518518518516 0.5166666666666666 0.4092592592592592 0.4895833333333333 0.4092592592592592
8 0.5229166666666667 0.36018518518518516 0.55 0.36018518518518516 0.55 0.4083333333333333 0.5229166666666667 0.4083333333333333
7 0.5548611111111111 0.36018518518518516 0.5819444444444445 0.36018518518518516 0.5819444444444445 0.4083333333333333 0.5548611111111111 0.4083333333333333
0 0.5868055555555556 0.36018518518518516 0.6138888888888889 0.36018518518518516 0.6138888888888889 0.4083333333333333 0.5868055555555556 0.4083333333333333
32 0.6201388888888889 0.36018518518518516 0.6395833333333334 0.36018518518518516 0.6395833333333334 0.41018518518518515 0.6201388888888889 0.41018518518518515
35 0.6458333333333334 0.36018518518518516 0.6729166666666667 0.36018518518518516 0.6729166666666667 0.4092592592592592 0.6458333333333334 0.4092592592592592
