3 0.2875 0.23055555555555557 0.3145833333333333 0.23055555555555557 0.3145833333333333 0.2796296296296297 0.2875 0.2796296296296297
0 0.3229166666666667 0.23055555555555557 0.35000000000000003 0.23055555555555557 0.35000000000000003 0.27870370370370373 0.3229166666666667 0.27870370370370373
37 0.35694444444444445 0.23055555555555557 0.3840277777777778 0.23055555555555557 0.3840277777777778 0.26666666666666666 0.35694444444444445 0.26666666666666666
0 0.39166666666666666 0.23055555555555557 0.4111111111111111 0.23055555555555557 0.4111111111111111 0.2796296296296297 0.39166666666666666 0.2796296296296297
5 0.41944444444444445 0.23055555555555557 0.4465277777777778 0.23055555555555557 0.4465277777777778 0.27870370370370373 0.41944444444444445 0.27870370370370373
37 0.4534722222222222 0.23055555555555557 0.48055555555555557 0.23055555555555557 0.48055555555555557 0.26666666666666666 0.4534722222222222 0.26666666666666666
2 0.4875 0.23055555555555557 0.5145833333333333 0.23055555555555557 0.5145833333333333 0.27870370370370373 0.4875 0.27870370370370373
0 0.5194444444444445 0.23055555555555557 0.5465277777777778 0.23055555555555557 0.5465277777777778 0.27870370370370373 0.5194444444444445 0.27870370370370373
2 0.5548611111111111 0.23055555555555557 0.5819444444444445 0.23055555555555557 0.5819444444444445 0.2796296296296297 0.5548611111111111 0.2796296296296297
5 0.5895833333333333 0.23055555555555557 0.6166666666666667 0.23055555555555557 0.6166666666666667 0.27870370370370373 0.5895833333333333 0.27870370370370373
1 0.6604166666666667 0.23055555555555557 0.6777777777777778 0.23055555555555557 0.6777777777777778 0.27870370370370373 0.6604166666666667 0.27870370370370373
2 0.6833333333333333 0.23055555555555557 0.7027777777777778 0.23055555555555557 0.7027777777777778 0.2796296296296297 0.6833333333333333 0.2796296296296297
36 0.7076388888888889 0.23055555555555557 0.71875 0.23055555555555557 0.71875 0.26666666666666666 0.7076388888888889 0.26666666666666666
4 0.7270833333333333 0.23055555555555557 0.7541666666666667 0.23055555555555557 0.7541666666666667 0.27870370370370373 0.7270833333333333 0.27870370370370373
0 0.7618055555555555 0.23055555555555557 0.7888888888888889 0.23055555555555557 0.7888888888888889 0.27870370370370373 0.7618055555555555 0.27870370370370373
2 0.3638888888888889 0.2953703703703704 0.3909722222222222 0.2953703703703704 0.3909722222222222 0.34351851851851856 0.3638888888888889 0.34351851851851856
6 0.39861111111111114 0.2953703703703704 0.41805555555555557 0.2953703703703704 0.41805555555555557 0.34444444444444444 0.39861111111111114 0.34444444444444444
37 0.425 0.2953703703703704 0.45208333333333334 0.2953703703703704 0.45208333333333334 0.3314814814814815 0.425 0.3314814814814815
0 0.4576388888888889 0.2953703703703704 0.4770833333333333 0.2953703703703704 0.4770833333333333 0.34444444444444444 0.4576388888888889 0.34444444444444444
4 0.48541666666666666 0.2953703703703704 0.5048611111111111 0.2953703703703704 0.5048611111111111 0.34444444444444444 0.48541666666666666 0.34444444444444444
37 0.5111111111111111 0.2953703703703704 0.5381944444444444 0.2953703703703704 0.5381944444444444 0.3314814814814815 0.5111111111111111 0.3314814814814815
2 0.5451388888888888 0.2953703703703704 0.5722222222222222 0.2953703703703704 0.5722222222222222 0.34444444444444444 0.5451388888888888 0.34444444444444444
0 0.5791666666666667 0.2953703703703704 0.6062500000000001 0.2953703703703704 0.6062500000000001 0.34351851851851856 0.5791666666666667 0.34351851851851856
2 0.6111111111111112 0.2953703703703704 0.6381944444444445 0.2953703703703704 0.6381944444444445 0.34351851851851856 0.6111111111111112 0.34351851851851856
5 0.6465277777777778 0.2953703703703704 0.6736111111111112 0.2953703703703704 0.6736111111111112 0.34351851851851856 0.6465277777777778 0.34351851851851856
6 0.3638888888888889 0.36018518518518516 0.3909722222222222 0.36018518518518516 0.3909722222222222 0.4083333333333333 0.3638888888888889 0.4083333333333333
1 0.3972222222222222 0.36018518518518516 0.4145833333333333 0.36018518518518516 0.4145833333333333 0.40185185185185185 0.3972222222222222 0.40185185185185185
4 0.41944444444444445 0.36018518518518516 0.4388888888888889 0.36018518518518516 0.4388888888888889 0.4092592592592592 0.41944444444444445 0.4092592592592592
4 0.44583333333333336 0.36018518518518516 0.4652777777777778 0.36018518518518516 0.4652777777777778 0.4092592592592592 0.44583333333333336 0.4092592592592592
5 0.47152777777777777 0.36018518518518516 0.4986111111111111 0.36018518518518516 0.4986111111111111 0.4083333333333333 0.47152777777777777 0.4083333333333333
7 0.50625 0.36018518518518516 0.5333333333333333 0.36018518518518516 0.5333333333333333 0.4083333333333333 0.50625 0.4083333333333333
6 0.5409722222222222 0.36018518518518516 0.5680555555555555 0.36018518518518516 0.5680555555555555 0.4083333333333333 0.5409722222222222 0.4083333333333333
1 0.5736111111111111 0.36018518518518516 0.5909722222222222 0.36018518518518516 0.5909722222222222 0.4092592592592592 0.5736111111111111 0.4092592592592592
25 0.5958333333333333 0.36018518518518516 0.6229166666666667 0.36018518518518516 0.6229166666666667 0.4083333333333333 0.5958333333333333 0.4083333333333333
10 0.63125 0.36018518518518516 0.6583333333333333 0.36018518518518516 0.6583333333333333 0.4083333333333333 0.63125 0.4083333333333333
