1 0.2875 0.2222222222222222 0.3 0.2222222222222222 0.3 0.27129629629629626 0.2875 0.27129629629629626
0 0.30486111111111114 0.2222222222222222 0.3319444444444445 0.2222222222222222 0.3319444444444445 0.27037037037037037 0.30486111111111114 0.27037037037037037
37 0.3388888888888889 0.2222222222222222 0.36597222222222225 0.2222222222222222 0.36597222222222225 0.2583333333333333 0.3388888888888889 0.2583333333333333
0 0.37430555555555556 0.2222222222222222 0.39375 0.2222222222222222 0.39375 0.27129629629629626 0.37430555555555556 0.27129629629629626
9 0.4 0.2222222222222222 0.42708333333333337 0.2222222222222222 0.42708333333333337 0.27037037037037037 0.4 0.27037037037037037
37 0.43472222222222223 0.2222222222222222 0.46111111111111114 0.2222222222222222 0.46111111111111114 0.2574074074074074 0.43472222222222223 0.2574074074074074
2 0.4666666666666667 0.2222222222222222 0.4861111111111111 0.2222222222222222 0.4861111111111111 0.27129629629629626 0.4666666666666667 0.27129629629629626
0 0.49236111111111114 0.2222222222222222 0.5118055555555556 0.2222222222222222 0.5118055555555556 0.2722222222222222 0.49236111111111114 0.2722222222222222
2 0.5194444444444445 0.2222222222222222 0.538888888888889 0.2222222222222222 0.538888888888889 0.27129629629629626 0.5194444444444445 0.27129629629629626
5 0.54375 0.2222222222222222 0.5708333333333333 0.2222222222222222 0.5708333333333333 0.27037037037037037 0.54375 0.27037037037037037
1 0.6090277777777777 0.2222222222222222 0.6263888888888889 0.2222222222222222 0.6263888888888889 0.27037037037037037 0.6090277777777777 0.27037037037037037
3 0.6326388888888889 0.2222222222222222 0.6597222222222222 0.2222222222222222 0.6597222222222222 0.27129629629629626 0.6326388888888889 0.27129629629629626
36 0.6645833333333333 0.2222222222222222 0.6770833333333333 0.2222222222222222 0.6770833333333333 0.2583333333333333 0.6645833333333333 0.2583333333333333
2 0.6819444444444445 0.2222222222222222 0.7090277777777778 0.2222222222222222 0.7090277777777778 0.27129629629629626 0.6819444444444445 0.27129629629629626
1 0.7166666666666667 0.2222222222222222 0.7291666666666666 0.2222222222222222 0.7291666666666666 0.27129629629629626 0.7166666666666667 0.27129629629629626
1 0.3638888888888889 0.28703703703703703 0.3770833333333333 0.28703703703703703 0.3770833333333333 0.33611111111111114 0.3638888888888889 0.33611111111111114
6 0.3819444444444444 0.28703703703703703 0.40902777777777777 0.28703703703703703 0.40902777777777777 0.3351851851851852 0.3819444444444444 0.3351851851851852
37 0.41458333333333336 0.28703703703703703 0.4416666666666667 0.28703703703703703 0.4416666666666667 0.32314814814814813 0.41458333333333336 0.32314814814814813
0 0.45 0.28703703703703703 0.47708333333333336 0.28703703703703703 0.47708333333333336 0.3351851851851852 0.45 0.3351851851851852
9 0.48541666666666666 0.28703703703703703 0.5125 0.28703703703703703 0.5125 0.3351851851851852 0.48541666666666666 0.3351851851851852
37 0.5201388888888889 0.28703703703703703 0.5472222222222223 0.28703703703703703 0.5472222222222223 0.32314814814814813 0.5201388888888889 0.32314814814814813
2 0.5534722222222223 0.28703703703703703 0.5805555555555556 0.28703703703703703 0.5805555555555556 0.33611111111111114 0.5534722222222223 0.33611111111111114
0 0.5888888888888889 0.28703703703703703 0.6159722222222223 0.28703703703703703 0.6159722222222223 0.3351851851851852 0.5888888888888889 0.3351851851851852
2 0.6229166666666667 0.28703703703703703 0.65 0.28703703703703703 0.65 0.33611111111111114 0.6229166666666667 0.33611111111111114
5 0.6569444444444444 0.28703703703703703 0.6840277777777778 0.28703703703703703 0.6840277777777778 0.33611111111111114 0.6569444444444444 0.33611111111111114
0 0.3638888888888889 0.35185185185185186 0.3909722222222222 0.35185185185185186 0.3909722222222222 0.4009259259259259 0.3638888888888889 0.4009259259259259
3 0.39652777777777776 0.35185185185185186 0.4236111111111111 0.35185185185185186 0.4236111111111111 0.4 0.39652777777777776 0.4
0 0.4305555555555556 0.35185185185185186 0.45 0.35185185185185186 0.45 0.4009259259259259 0.4305555555555556 0.4009259259259259
4 0.4583333333333333 0.35185185185185186 0.47777777777777775 0.35185185185185186 0.47777777777777775 0.4009259259259259 0.4583333333333333 0.4009259259259259
7 0.48541666666666666 0.35185185185185186 0.5048611111111111 0.35185185185185186 0.5048611111111111 0.4009259259259259 0.48541666666666666 0.4009259259259259
2 0.5104166666666666 0.35185185185185186 0.5375 0.35185185185185186 0.5375 0.4 0.5104166666666666 0.4
8 0.54375 0.35185185185185186 0.5631944444444444 0.35185185185185186 0.5631944444444444 0.4009259259259259 0.54375 0.4009259259259259
4 0.5701388888888889 0.35185185185185186 0.5972222222222222 0.35185185185185186 0.5972222222222222 0.4 0.5701388888888889 0.4
11 0.6055555555555555 0.35185185185185186 0.6326388888888889 0.35185185185185186 0.6326388888888889 0.4 0.6055555555555555 0.4
14 0.6388888888888888 0.35185185185185186 0.6659722222222222 0.35185185185185186 0.6659722222222222 0.4009259259259259 0.6388888888888888 0.4009259259259259
