2 0.30694444444444446 0.22685185185185186 0.3263888888888889 0.22685185185185186 0.3263888888888889 0.27685185185185185 0.30694444444444446 0.27685185185185185
9 0.3326388888888889 0.22685185185185186 0.3597222222222222 0.22685185185185186 0.3597222222222222 0.275 0.3326388888888889 0.275
37 0.3659722222222222 0.22685185185185186 0.39305555555555555 0.22685185185185186 0.39305555555555555 0.26296296296296295 0.3659722222222222 0.26296296296296295
1 0.40069444444444446 0.22685185185185186 0.41805555555555557 0.22685185185185186 0.41805555555555557 0.2759259259259259 0.40069444444444446 0.2759259259259259
2 0.4263888888888889 0.22685185185185186 0.4534722222222222 0.22685185185185186 0.4534722222222222 0.275 0.4263888888888889 0.275
37 0.4597222222222222 0.22685185185185186 0.48680555555555555 0.22685185185185186 0.48680555555555555 0.26296296296296295 0.4597222222222222 0.26296296296296295
2 0.49444444444444446 0.22685185185185186 0.5215277777777778 0.22685185185185186 0.5215277777777778 0.275 0.49444444444444446 0.275
0 0.5277777777777778 0.22685185185185186 0.5548611111111111 0.22685185185185186 0.5548611111111111 0.275 0.5277777777777778 0.275
2 0.5597222222222222 0.22685185185185186 0.5791666666666667 0.22685185185185186 0.5791666666666667 0.2759259259259259 0.5597222222222222 0.2759259259259259
4 0.5847222222222223 0.22685185185185186 0.6118055555555556 0.22685185185185186 0.6118055555555556 0.275 0.5847222222222223 0.275
0 0.6520833333333333 0.22685185185185186 0.6791666666666667 0.22685185185185186 0.6791666666666667 0.275 0.6520833333333333 0.275
4 0.6840277777777778 0.22685185185185186 0.7034722222222223 0.22685185185185186 0.7034722222222223 0.2759259259259259 0.6840277777777778 0.2759259259259259
36 0.7090277777777778 0.22685185185185186 0.7201388888888889 0.22685185185185186 0.7201388888888889 0.26296296296296295 0.7090277777777778 0.26296296296296295
5 0.7256944444444444 0.22685185185185186 0.7451388888888889 0.22685185185185186 0.7451388888888889 0.2759259259259259 0.7256944444444444 0.2759259259259259
6 0.7534722222222222 0.22685185185185186 0.7805555555555556 0.22685185185185186 0.7805555555555556 0.275 0.7534722222222222 0.275
2 0.38333333333333336 0.2916666666666667 0.4104166666666667 0.2916666666666667 0.4104166666666667 0.33981481481481485 0.38333333333333336 0.33981481481481485
2 0.41875 0.2916666666666667 0.43819444444444444 0.2916666666666667 0.43819444444444444 0.3407407407407408 0.41875 0.3407407407407408
37 0.4444444444444444 0.2916666666666667 0.47152777777777777 0.2916666666666667 0.47152777777777777 0.3268518518518519 0.4444444444444444 0.3268518518518519
0 0.4777777777777778 0.2916666666666667 0.5048611111111111 0.2916666666666667 0.5048611111111111 0.33981481481481485 0.4777777777777778 0.33981481481481485
2 0.5097222222222222 0.2916666666666667 0.5291666666666667 0.2916666666666667 0.5291666666666667 0.3407407407407408 0.5097222222222222 0.3407407407407408
37 0.5347222222222222 0.2916666666666667 0.5618055555555556 0.2916666666666667 0.5618055555555556 0.3277777777777778 0.5347222222222222 0.3277777777777778
2 0.56875 0.2916666666666667 0.5958333333333333 0.2916666666666667 0.5958333333333333 0.33981481481481485 0.56875 0.33981481481481485
0 0.6027777777777777 0.2916666666666667 0.6298611111111111 0.2916666666666667 0.6298611111111111 0.33981481481481485 0.6027777777777777 0.33981481481481485
2 0.6381944444444444 0.2916666666666667 0.6652777777777777 0.2916666666666667 0.6652777777777777 0.3407407407407408 0.6381944444444444 0.3407407407407408
5 0.6708333333333333 0.2916666666666667 0.6902777777777778 0.2916666666666667 0.6902777777777778 0.3407407407407408 0.6708333333333333 0.3407407407407408
4 0.38333333333333336 0.35648148148148145 0.4104166666666667 0.35648148148148145 0.4104166666666667 0.4046296296296296 0.38333333333333336 0.4046296296296296
1 0.4173611111111111 0.35648148148148145 0.43472222222222223 0.35648148148148145 0.43472222222222223 0.4046296296296296 0.4173611111111111 0.4046296296296296
2 0.44027777777777777 0.35648148148148145 0.4673611111111111 0.35648148148148145 0.4673611111111111 0.4046296296296296 0.44027777777777777 0.4046296296296296
3 0.4736111111111111 0.35648148148148145 0.5006944444444444 0.35648148148148145 0.5006944444444444 0.4046296296296296 0.4736111111111111 0.4046296296296296
5 0.50625 0.35648148148148145 0.5256944444444445 0.35648148148148145 0.5256944444444445 0.40555555555555556 0.50625 0.40555555555555556
4 0.5326388888888889 0.35648148148148145 0.5520833333333334 0.35648148148148145 0.5520833333333334 0.40555555555555556 0.5326388888888889 0.40555555555555556
3 0.5576388888888889 0.35648148148148145 0.5847222222222223 0.35648148148148145 0.5847222222222223 0.4046296296296296 0.5576388888888889 0.4046296296296296
1 0.5923611111111111 0.35648148148148145 0.6097222222222223 0.35648148148148145 0.6097222222222223 0.4046296296296296 0.5923611111111111 0.4046296296296296
26 0.6145833333333334 0.35648148148148145 0.6416666666666667 0.35648148148148145 0.6416666666666667 0.4046296296296296 0.6145833333333334 0.4046296296296296
24 0.65 0.35648148148148145 0.6694444444444445 0.35648148148148145 0.6694444444444445 0.40648148148148144 0.65 0.40648148148148144
