0 0.2965277777777778 0.22592592592592592 0.3236111111111111 0.22592592592592592 0.3236111111111111 0.2740740740740741 0.2965277777777778 0.2740740740740741
4 0.33194444444444443 0.22592592592592592 0.3590277777777778 0.22592592592592592 0.3590277777777778 0.2740740740740741 0.33194444444444443 0.2740740740740741
37 0.3645833333333333 0.22592592592592592 0.39166666666666666 0.22592592592592592 0.39166666666666666 0.262037037037037 0.3645833333333333 0.262037037037037
0 0.3993055555555556 0.22592592592592592 0.42638888888888893 0.22592592592592592 0.42638888888888893 0.2740740740740741 0.3993055555555556 0.2740740740740741
9 0.43125 0.22592592592592592 0.45833333333333337 0.22592592592592592 0.45833333333333337 0.275 0.43125 0.275
37 0.4666666666666667 0.22592592592592592 0.49375 0.22592592592592592 0.49375 0.2611111111111111 0.4666666666666667 0.2611111111111111
2 0.4986111111111111 0.22592592592592592 0.5180555555555556 0.22592592592592592 0.5180555555555556 0.275 0.4986111111111111 0.275
0 0.5229166666666667 0.22592592592592592 0.5423611111111112 0.22592592592592592 0.5423611111111112 0.2759259259259259 0.5229166666666667 0.2759259259259259
2 0.5479166666666667 0.22592592592592592 0.5673611111111112 0.22592592592592592 0.5673611111111112 0.2759259259259259 0.5479166666666667 0.2759259259259259
5 0.5722222222222222 0.22592592592592592 0.5993055555555555 0.22592592592592592 0.5993055555555555 0.2740740740740741 0.5722222222222222 0.2740740740740741
1 0.6368055555555555 0.22592592592592592 0.6541666666666667 0.22592592592592592 0.6541666666666667 0.275 0.6368055555555555 0.275
1 0.6618055555555555 0.22592592592592592 0.6791666666666667 0.22592592592592592 0.6791666666666667 0.2740740740740741 0.6618055555555555 0.2740740740740741
36 0.6854166666666667 0.22592592592592592 0.6965277777777777 0.22592592592592592 0.6965277777777777 0.262037037037037 0.6854166666666667 0.262037037037037
4 0.7034722222222223 0.22592592592592592 0.7305555555555556 0.22592592592592592 0.7305555555555556 0.2740740740740741 0.7034722222222223 0.2740740740740741
7 0.7375 0.22592592592592592 0.7645833333333334 0.22592592592592592 0.7645833333333334 0.275 0.7375 0.275
2 0.3729166666666667 0.29074074074074074 0.4 0.29074074074074074 0.4 0.3398148148148148 0.3729166666666667 0.3398148148148148
7 0.40555555555555556 0.29074074074074074 0.425 0.29074074074074074 0.425 0.34074074074074073 0.40555555555555556 0.34074074074074073
37 0.43125 0.29074074074074074 0.45833333333333337 0.29074074074074074 0.45833333333333337 0.32685185185185184 0.43125 0.32685185185185184
1 0.4652777777777778 0.29074074074074074 0.4777777777777778 0.29074074074074074 0.4777777777777778 0.3398148148148148 0.4652777777777778 0.3398148148148148
1 0.4826388888888889 0.29074074074074074 0.5 0.29074074074074074 0.5 0.3388888888888889 0.4826388888888889 0.3388888888888889
37 0.50625 0.29074074074074074 0.5333333333333333 0.29074074074074074 0.5333333333333333 0.32592592592592595 0.50625 0.32592592592592595
2 0.5416666666666666 0.29074074074074074 0.56875 0.29074074074074074 0.56875 0.3388888888888889 0.5416666666666666 0.3388888888888889
0 0.575 0.29074074074074074 0.6020833333333333 0.29074074074074074 0.6020833333333333 0.3388888888888889 0.575 0.3388888888888889
2 0.6083333333333333 0.29074074074074074 0.6354166666666666 0.29074074074074074 0.6354166666666666 0.3388888888888889 0.6083333333333333 0.3388888888888889
4 0.64375 0.29074074074074074 0.6708333333333334 0.29074074074074074 0.6708333333333334 0.3388888888888889 0.64375 0.3388888888888889
1 0.3729166666666667 0.35555555555555557 0.3902777777777778 0.35555555555555557 0.3902777777777778 0.40370370370370373 0.3729166666666667 0.40370370370370373
9 0.39861111111111114 0.35555555555555557 0.41805555555555557 0.35555555555555557 0.41805555555555557 0.4046296296296297 0.39861111111111114 0.4046296296296297
7 0.42569444444444443 0.35555555555555557 0.4527777777777778 0.35555555555555557 0.4527777777777778 0.40370370370370373 0.42569444444444443 0.40370370370370373
5 0.4583333333333333 0.35555555555555557 0.48541666666666666 0.35555555555555557 0.48541666666666666 0.40370370370370373 0.4583333333333333 0.40370370370370373
6 0.49375 0.35555555555555557 0.5131944444444445 0.35555555555555557 0.5131944444444445 0.4046296296296297 0.49375 0.4046296296296297
1 0.5208333333333334 0.35555555555555557 0.5381944444444445 0.35555555555555557 0.5381944444444445 0.40370370370370373 0.5208333333333334 0.40370370370370373
8 0.5444444444444444 0.35555555555555557 0.5715277777777777 0.35555555555555557 0.5715277777777777 0.40370370370370373 0.5444444444444444 0.40370370370370373
6 0.5798611111111112 0.35555555555555557 0.5993055555555556 0.35555555555555557 0.5993055555555556 0.40555555555555556 0.5798611111111112 0.40555555555555556
28 0.6048611111111111 0.35555555555555557 0.6243055555555556 0.35555555555555557 0.6243055555555556 0.4046296296296297 0.6048611111111111 0.4046296296296297
27 0.6298611111111111 0.35555555555555557 0.6493055555555556 0.35555555555555557 0.6493055555555556 0.4046296296296297 0.6298611111111111 0.4046296296296297
