2 0.29444444444444445 0.2361111111111111 0.3138888888888889 0.2361111111111111 0.3138888888888889 0.2851851851851852 0.29444444444444445 0.2851851851851852
2 0.3215277777777778 0.2361111111111111 0.34861111111111115 0.2361111111111111 0.34861111111111115 0.2851851851851852 0.3215277777777778 0.2851851851851852
37 0.35347222222222224 0.2361111111111111 0.3805555555555556 0.2361111111111111 0.3805555555555556 0.2722222222222222 0.35347222222222224 0.2722222222222222
0 0.3861111111111111 0.2361111111111111 0.40555555555555556 0.2361111111111111 0.40555555555555556 0.2851851851851852 0.3861111111111111 0.2851851851851852
9 0.4125 0.2361111111111111 0.4395833333333333 0.2361111111111111 0.4395833333333333 0.28425925925925927 0.4125 0.28425925925925927
37 0.44583333333333336 0.2361111111111111 0.4729166666666667 0.2361111111111111 0.4729166666666667 0.2722222222222222 0.44583333333333336 0.2722222222222222
2 0.48125 0.2361111111111111 0.5083333333333333 0.2361111111111111 0.5083333333333333 0.28425925925925927 0.48125 0.28425925925925927
0 0.5166666666666667 0.2361111111111111 0.5437500000000001 0.2361111111111111 0.5437500000000001 0.28425925925925927 0.5166666666666667 0.28425925925925927
2 0.5506944444444445 0.2361111111111111 0.5777777777777778 0.2361111111111111 0.5777777777777778 0.28425925925925927 0.5506944444444445 0.28425925925925927
5 0.5847222222222223 0.2361111111111111 0.6041666666666667 0.2361111111111111 0.6041666666666667 0.2851851851851852 0.5847222222222223 0.2851851851851852
1 0.6486111111111111 0.2361111111111111 0.6618055555555555 0.2361111111111111 0.6618055555555555 0.2861111111111111 0.6486111111111111 0.2861111111111111
6 0.6680555555555555 0.2361111111111111 0.6951388888888889 0.2361111111111111 0.6951388888888889 0.28425925925925927 0.6680555555555555 0.28425925925925927
36 0.7020833333333333 0.2361111111111111 0.7131944444444444 0.2361111111111111 0.7131944444444444 0.2722222222222222 0.7020833333333333 0.2722222222222222
4 0.7180555555555556 0.2361111111111111 0.7375 0.2361111111111111 0.7375 0.2851851851851852 0.7180555555555556 0.2851851851851852
5 0.7423611111111111 0.2361111111111111 0.7618055555555556 0.2361111111111111 0.7618055555555556 0.2851851851851852 0.7423611111111111 0.2851851851851852
2 0.37083333333333335 0.30092592592592593 0.3902777777777778 0.30092592592592593 0.3902777777777778 0.3509259259259259 0.37083333333333335 0.3509259259259259
5 0.39861111111111114 0.30092592592592593 0.4256944444444445 0.30092592592592593 0.4256944444444445 0.3490740740740741 0.39861111111111114 0.3490740740740741
37 0.43125 0.30092592592592593 0.4534722222222222 0.30092592592592593 0.4534722222222222 0.33055555555555555 0.43125 0.33055555555555555
0 0.45902777777777776 0.30092592592592593 0.4861111111111111 0.30092592592592593 0.4861111111111111 0.3490740740740741 0.45902777777777776 0.3490740740740741
3 0.4930555555555556 0.30092592592592593 0.5201388888888889 0.30092592592592593 0.5201388888888889 0.3490740740740741 0.4930555555555556 0.3490740740740741
37 0.5270833333333333 0.30092592592592593 0.5541666666666667 0.30092592592592593 0.5541666666666667 0.337037037037037 0.5270833333333333 0.337037037037037
2 0.5618055555555556 0.30092592592592593 0.58125 0.30092592592592593 0.58125 0.35 0.5618055555555556 0.35
0 0.5895833333333333 0.30092592592592593 0.6090277777777778 0.30092592592592593 0.6090277777777778 0.35 0.5895833333333333 0.35
2 0.6138888888888889 0.30092592592592593 0.6409722222222223 0.30092592592592593 0.6409722222222223 0.3490740740740741 0.6138888888888889 0.3490740740740741
5 0.6458333333333334 0.30092592592592593 0.6729166666666667 0.30092592592592593 0.6729166666666667 0.35 0.6458333333333334 0.35
4 0.37083333333333335 0.36574074074074076 0.3902777777777778 0.36574074074074076 0.3902777777777778 0.41481481481481486 0.37083333333333335 0.41481481481481486
4 0.39861111111111114 0.36574074074074076 0.41458333333333336 0.36574074074074076 0.41458333333333336 0.41481481481481486 0.39861111111111114 0.41481481481481486
5 0.42291666666666666 0.36574074074074076 0.45 0.36574074074074076 0.45 0.4138888888888889 0.42291666666666666 0.4138888888888889
3 0.4576388888888889 0.36574074074074076 0.4770833333333333 0.36574074074074076 0.4770833333333333 0.41481481481481486 0.4576388888888889 0.41481481481481486
5 0.48333333333333334 0.36574074074074076 0.5104166666666666 0.36574074074074076 0.5104166666666666 0.4138888888888889 0.48333333333333334 0.4138888888888889
8 0.5180555555555556 0.36574074074074076 0.5375000000000001 0.36574074074074076 0.5375000000000001 0.41481481481481486 0.5180555555555556 0.41481481481481486
9 0.5451388888888888 0.36574074074074076 0.5645833333333333 0.36574074074074076 0.5645833333333333 0.41481481481481486 0.5451388888888888 0.41481481481481486
2 0.5708333333333333 0.36574074074074076 0.5979166666666667 0.36574074074074076 0.5979166666666667 0.4138888888888889 0.5708333333333333 0.4138888888888889
34 0.6027777777777777 0.36574074074074076 0.6298611111111111 0.36574074074074076 0.6298611111111111 0.41481481481481486 0.6027777777777777 0.41481481481481486
18 0.6368055555555555 0.36574074074074076 0.6541666666666667 0.36574074074074076 0.6541666666666667 0.41481481481481486 0.6368055555555555 0.41481481481481486
