1 0.30069444444444443 0.22314814814814815 0.31805555555555554 0.22314814814814815 0.31805555555555554 0.27222222222222225 0.30069444444444443 0.27222222222222225
8 0.3229166666666667 0.22314814814814815 0.35000000000000003 0.22314814814814815 0.35000000000000003 0.2712962962962963 0.3229166666666667 0.2712962962962963
37 0.35694444444444445 0.22314814814814815 0.3840277777777778 0.22314814814814815 0.3840277777777778 0.25925925925925924 0.35694444444444445 0.25925925925925924
0 0.39166666666666666 0.22314814814814815 0.41875 0.22314814814814815 0.41875 0.2712962962962963 0.39166666666666666 0.2712962962962963
2 0.4270833333333333 0.22314814814814815 0.45416666666666666 0.22314814814814815 0.45416666666666666 0.2712962962962963 0.4270833333333333 0.2712962962962963
37 0.46111111111111114 0.22314814814814815 0.4881944444444445 0.22314814814814815 0.4881944444444445 0.25925925925925924 0.46111111111111114 0.25925925925925924
2 0.49583333333333335 0.22314814814814815 0.5229166666666667 0.22314814814814815 0.5229166666666667 0.2712962962962963 0.49583333333333335 0.2712962962962963
0 0.5291666666666667 0.22314814814814815 0.55625 0.22314814814814815 0.55625 0.27222222222222225 0.5291666666666667 0.27222222222222225
2 0.5618055555555556 0.22314814814814815 0.5888888888888889 0.22314814814814815 0.5888888888888889 0.27222222222222225 0.5618055555555556 0.27222222222222225
5 0.5944444444444444 0.22314814814814815 0.6215277777777778 0.22314814814814815 0.6215277777777778 0.2712962962962963 0.5944444444444444 0.2712962962962963
1 0.6604166666666667 0.22314814814814815 0.6777777777777778 0.22314814814814815 0.6777777777777778 0.2712962962962963 0.6604166666666667 0.2712962962962963
0 0.6826388888888889 0.22314814814814815 0.7097222222222223 0.22314814814814815 0.7097222222222223 0.2712962962962963 0.6826388888888889 0.2712962962962963
36 0.7173611111111111 0.22314814814814815 0.7298611111111111 0.22314814814814815 0.7298611111111111 0.25925925925925924 0.7173611111111111 0.25925925925925924
4 0.7347222222222223 0.22314814814814815 0.7618055555555556 0.22314814814814815 0.7618055555555556 0.2712962962962963 0.7347222222222223 0.2712962962962963
7 0.7701388888888889 0.22314814814814815 0.7895833333333334 0.22314814814814815 0.7895833333333334 0.27222222222222225 0.7701388888888889 0.27222222222222225
1 0.3770833333333333 0.287962962962963 0.39444444444444443 0.287962962962963 0.39444444444444443 0.33611111111111114 0.3770833333333333 0.33611111111111114
9 0.4013888888888889 0.287962962962963 0.42083333333333334 0.287962962962963 0.42083333333333334 0.337037037037037 0.4013888888888889 0.337037037037037
37 0.42916666666666664 0.287962962962963 0.45625 0.287962962962963 0.45625 0.32407407407407407 0.42916666666666664 0.32407407407407407
0 0.46111111111111114 0.287962962962963 0.48055555555555557 0.287962962962963 0.48055555555555557 0.337037037037037 0.46111111111111114 0.337037037037037
2 0.4861111111111111 0.287962962962963 0.5131944444444444 0.287962962962963 0.5131944444444444 0.33611111111111114 0.4861111111111111 0.33611111111111114
37 0.5201388888888889 0.287962962962963 0.5472222222222223 0.287962962962963 0.5472222222222223 0.32407407407407407 0.5201388888888889 0.32407407407407407
2 0.5520833333333334 0.287962962962963 0.5791666666666667 0.287962962962963 0.5791666666666667 0.33611111111111114 0.5520833333333334 0.33611111111111114
0 0.5875 0.287962962962963 0.6069444444444445 0.287962962962963 0.6069444444444445 0.337037037037037 0.5875 0.337037037037037
2 0.6145833333333334 0.287962962962963 0.6416666666666667 0.287962962962963 0.6416666666666667 0.33611111111111114 0.6145833333333334 0.33611111111111114
5 0.6465277777777778 0.287962962962963 0.6736111111111112 0.287962962962963 0.6736111111111112 0.33611111111111114 0.6465277777777778 0.33611111111111114
6 0.3770833333333333 0.3527777777777778 0.39652777777777776 0.3527777777777778 0.39652777777777776 0.4027777777777778 0.3770833333333333 0.4027777777777778
0 0.4013888888888889 0.3527777777777778 0.42847222222222225 0.3527777777777778 0.42847222222222225 0.40092592592592596 0.4013888888888889 0.40092592592592596
8 0.4354166666666667 0.3527777777777778 0.4625 0.3527777777777778 0.4625 0.40092592592592596 0.4354166666666667 0.40092592592592596
6 0.46805555555555556 0.3527777777777778 0.4951388888888889 0.3527777777777778 0.4951388888888889 0.40092592592592596 0.46805555555555556 0.40092592592592596
1 0.5 0.3527777777777778 0.5173611111111112 0.3527777777777778 0.5173611111111112 0.40092592592592596 0.5 0.40092592592592596
8 0.5256944444444445 0.3527777777777778 0.5527777777777778 0.3527777777777778 0.5527777777777778 0.40092592592592596 0.5256944444444445 0.40092592592592596
1 0.5597222222222222 0.3527777777777778 0.5722222222222222 0.3527777777777778 0.5722222222222222 0.4018518518518519 0.5597222222222222 0.4018518518518519
8 0.5770833333333333 0.3527777777777778 0.6041666666666666 0.3527777777777778 0.6041666666666666 0.40092592592592596 0.5770833333333333 0.40092592592592596
28 0.6125 0.3527777777777778 0.6319444444444445 0.3527777777777778 0.6319444444444445 0.4018518518518519 0.6125 0.4018518518518519
18 0.6375 0.3527777777777778 0.6548611111111111 0.3527777777777778 0.6548611111111111 0.40092592592592596 0.6375 0.40092592592592596
