0 0.30972222222222223 0.22407407407407406 0.3368055555555556 0.22407407407407406 0.3368055555555556 0.2722222222222222 0.30972222222222223 0.2722222222222222
9 0.34444444444444444 0.22407407407407406 0.3715277777777778 0.22407407407407406 0.3715277777777778 0.2722222222222222 0.34444444444444444 0.2722222222222222
37 0.3763888888888889 0.22407407407407406 0.40347222222222223 0.22407407407407406 0.40347222222222223 0.2601851851851852 0.3763888888888889 0.2601851851851852
0 0.4083333333333333 0.22407407407407406 0.4354166666666667 0.22407407407407406 0.4354166666666667 0.2722222222222222 0.4083333333333333 0.2722222222222222
2 0.44305555555555554 0.22407407407407406 0.46249999999999997 0.22407407407407406 0.46249999999999997 0.27314814814814814 0.44305555555555554 0.27314814814814814
37 0.4673611111111111 0.22407407407407406 0.49444444444444446 0.22407407407407406 0.49444444444444446 0.2601851851851852 0.4673611111111111 0.2601851851851852
2 0.5 0.22407407407407406 0.5270833333333333 0.22407407407407406 0.5270833333333333 0.2722222222222222 0.5 0.2722222222222222
0 0.5354166666666667 0.22407407407407406 0.5625 0.22407407407407406 0.5625 0.27314814814814814 0.5354166666666667 0.27314814814814814
2 0.5673611111111111 0.22407407407407406 0.5944444444444444 0.22407407407407406 0.5944444444444444 0.2722222222222222 0.5673611111111111 0.2722222222222222
5 0.5993055555555555 0.22407407407407406 0.6263888888888889 0.22407407407407406 0.6263888888888889 0.2722222222222222 0.5993055555555555 0.2722222222222222
0 0.66875 0.22407407407407406 0.6958333333333333 0.22407407407407406 0.6958333333333333 0.27314814814814814 0.66875 0.27314814814814814
8 0.7041666666666667 0.22407407407407406 0.7312500000000001 0.22407407407407406 0.7312500000000001 0.2722222222222222 0.7041666666666667 0.2722222222222222
36 0.7375 0.22407407407407406 0.75 0.22407407407407406 0.75 0.2601851851851852 0.7375 0.2601851851851852
3 0.7576388888888889 0.22407407407407406 0.7770833333333333 0.22407407407407406 0.7770833333333333 0.27314814814814814 0.7576388888888889 0.27314814814814814
1 0.7826388888888889 0.22407407407407406 0.7951388888888888 0.22407407407407406 0.7951388888888888 0.2740740740740741 0.7826388888888889 0.2740740740740741
0 0.3861111111111111 0.28888888888888886 0.4131944444444445 0.28888888888888886 0.4131944444444445 0.337037037037037 0.3861111111111111 0.337037037037037
8 0.42083333333333334 0.28888888888888886 0.4479166666666667 0.28888888888888886 0.4479166666666667 0.337037037037037 0.42083333333333334 0.337037037037037
37 0.4527777777777778 0.28888888888888886 0.4798611111111111 0.28888888888888886 0.4798611111111111 0.32499999999999996 0.4527777777777778 0.32499999999999996
0 0.4847222222222222 0.28888888888888886 0.5118055555555555 0.28888888888888886 0.5118055555555555 0.3379629629629629 0.4847222222222222 0.3379629629629629
2 0.5194444444444445 0.28888888888888886 0.5465277777777778 0.28888888888888886 0.5465277777777778 0.3379629629629629 0.5194444444444445 0.3379629629629629
37 0.5548611111111111 0.28888888888888886 0.5819444444444445 0.28888888888888886 0.5819444444444445 0.32499999999999996 0.5548611111111111 0.32499999999999996
2 0.5902777777777778 0.28888888888888886 0.6173611111111111 0.28888888888888886 0.6173611111111111 0.337037037037037 0.5902777777777778 0.337037037037037
0 0.625 0.28888888888888886 0.6520833333333333 0.28888888888888886 0.6520833333333333 0.337037037037037 0.625 0.337037037037037
2 0.6604166666666667 0.28888888888888886 0.6875 0.28888888888888886 0.6875 0.337037037037037 0.6604166666666667 0.337037037037037
5 0.6930555555555555 0.28888888888888886 0.7201388888888889 0.28888888888888886 0.7201388888888889 0.337037037037037 0.6930555555555555 0.337037037037037
7 0.3861111111111111 0.3537037037037037 0.4131944444444445 0.3537037037037037 0.4131944444444445 0.40185185185185185 0.3861111111111111 0.40185185185185185
8 0.4215277777777778 0.3537037037037037 0.4486111111111111 0.3537037037037037 0.4486111111111111 0.40185185185185185 0.4215277777777778 0.40185185185185185
2 0.45416666666666666 0.3537037037037037 0.4736111111111111 0.3537037037037037 0.4736111111111111 0.4027777777777778 0.45416666666666666 0.4027777777777778
3 0.4791666666666667 0.3537037037037037 0.50625 0.3537037037037037 0.50625 0.4027777777777778 0.4791666666666667 0.4027777777777778
4 0.5125 0.3537037037037037 0.5319444444444444 0.3537037037037037 0.5319444444444444 0.4027777777777778 0.5125 0.4027777777777778
1 0.5388888888888889 0.3537037037037037 0.55625 0.3537037037037037 0.55625 0.40185185185185185 0.5388888888888889 0.40185185185185185
9 0.5631944444444444 0.3537037037037037 0.5826388888888889 0.3537037037037037 0.5826388888888889 0.4037037037037037 0.5631944444444444 0.4037037037037037
2 0.5881944444444445 0.3537037037037037 0.6152777777777778 0.3537037037037037 0.6152777777777778 0.40185185185185185 0.5881944444444445 0.40185185185185185
17 0.6236111111111111 0.3537037037037037 0.6430555555555556 0.3537037037037037 0.6430555555555556 0.4027777777777778 0.6236111111111111 0.4027777777777778
10 0.65 0.3537037037037037 0.6770833333333334 0.3537037037037037 0.6770833333333334 0.40185185185185185 0.65 0.40185185185185185
