0 0.3034722222222222 0.23333333333333334 0.33055555555555555 0.23333333333333334 0.33055555555555555 0.2814814814814815 0.3034722222222222 0.2814814814814815
8 0.33611111111111114 0.23333333333333334 0.35555555555555557 0.23333333333333334 0.35555555555555557 0.28240740740740744 0.33611111111111114 0.28240740740740744
37 0.36041666666666666 0.23333333333333334 0.3875 0.23333333333333334 0.3875 0.26944444444444443 0.36041666666666666 0.26944444444444443
0 0.39305555555555555 0.23333333333333334 0.4125 0.23333333333333334 0.4125 0.28240740740740744 0.39305555555555555 0.28240740740740744
4 0.42083333333333334 0.23333333333333334 0.4479166666666667 0.23333333333333334 0.4479166666666667 0.2814814814814815 0.42083333333333334 0.2814814814814815
37 0.4534722222222222 0.23333333333333334 0.48055555555555557 0.23333333333333334 0.48055555555555557 0.26944444444444443 0.4534722222222222 0.26944444444444443
2 0.48819444444444443 0.23333333333333334 0.5152777777777777 0.23333333333333334 0.5152777777777777 0.2814814814814815 0.48819444444444443 0.2814814814814815
0 0.5222222222222223 0.23333333333333334 0.5416666666666667 0.23333333333333334 0.5416666666666667 0.28240740740740744 0.5222222222222223 0.28240740740740744
2 0.5465277777777777 0.23333333333333334 0.5736111111111111 0.23333333333333334 0.5736111111111111 0.28240740740740744 0.5465277777777777 0.28240740740740744
5 0.5819444444444445 0.23333333333333334 0.6090277777777778 0.23333333333333334 0.6090277777777778 0.28240740740740744 0.5819444444444445 0.28240740740740744
1 0.6527777777777778 0.23333333333333334 0.670138888888889 0.23333333333333334 0.670138888888889 0.2814814814814815 0.6527777777777778 0.2814814814814815
6 0.6756944444444445 0.23333333333333334 0.695138888888889 0.23333333333333334 0.695138888888889 0.28240740740740744 0.6756944444444445 0.28240740740740744
36 0.7020833333333333 0.23333333333333334 0.7131944444444444 0.23333333333333334 0.7131944444444444 0.26944444444444443 0.7020833333333333 0.26944444444444443
1 0.7194444444444444 0.23333333333333334 0.7319444444444444 0.23333333333333334 0.7319444444444444 0.28240740740740744 0.7194444444444444 0.28240740740740744
6 0.7368055555555556 0.23333333333333334 0.7562500000000001 0.23333333333333334 0.7562500000000001 0.28240740740740744 0.7368055555555556 0.28240740740740744
2 0.3798611111111111 0.29814814814814816 0.3993055555555555 0.29814814814814816 0.3993055555555555 0.34814814814814815 0.3798611111111111 0.34814814814814815
3 0.4076388888888889 0.29814814814814816 0.43472222222222223 0.29814814814814816 0.43472222222222223 0.3462962962962963 0.4076388888888889 0.3462962962962963
37 0.4395833333333333 0.29814814814814816 0.4666666666666667 0.29814814814814816 0.4666666666666667 0.33425925925925926 0.4395833333333333 0.33425925925925926
1 0.4736111111111111 0.29814814814814816 0.4909722222222222 0.29814814814814816 0.4909722222222222 0.3462962962962963 0.4736111111111111 0.3462962962962963
2 0.49722222222222223 0.29814814814814816 0.5243055555555556 0.29814814814814816 0.5243055555555556 0.3462962962962963 0.49722222222222223 0.3462962962962963
37 0.5298611111111111 0.29814814814814816 0.5569444444444445 0.29814814814814816 0.5569444444444445 0.33425925925925926 0.5298611111111111 0.33425925925925926
2 0.5645833333333333 0.29814814814814816 0.5916666666666667 0.29814814814814816 0.5916666666666667 0.3462962962962963 0.5645833333333333 0.3462962962962963
0 0.5993055555555555 0.29814814814814816 0.6263888888888889 0.29814814814814816 0.6263888888888889 0.3462962962962963 0.5993055555555555 0.3462962962962963
2 0.6333333333333333 0.29814814814814816 0.6604166666666667 0.29814814814814816 0.6604166666666667 0.3462962962962963 0.6333333333333333 0.3462962962962963
4 0.6680555555555555 0.29814814814814816 0.6951388888888889 0.29814814814814816 0.6951388888888889 0.3472222222222222 0.6680555555555555 0.3472222222222222
1 0.3798611111111111 0.362962962962963 0.3972222222222222 0.362962962962963 0.3972222222222222 0.41111111111111115 0.3798611111111111 0.41111111111111115
6 0.4041666666666667 0.362962962962963 0.43125 0.362962962962963 0.43125 0.41111111111111115 0.4041666666666667 0.41111111111111115
6 0.43819444444444444 0.362962962962963 0.4652777777777778 0.362962962962963 0.4652777777777778 0.4120370370370371 0.43819444444444444 0.4120370370370371
5 0.4708333333333333 0.362962962962963 0.4979166666666667 0.362962962962963 0.4979166666666667 0.41111111111111115 0.4708333333333333 0.41111111111111115
3 0.50625 0.362962962962963 0.5333333333333333 0.362962962962963 0.5333333333333333 0.4120370370370371 0.50625 0.4120370370370371
6 0.5409722222222222 0.362962962962963 0.5604166666666667 0.362962962962963 0.5604166666666667 0.4120370370370371 0.5409722222222222 0.4120370370370371
5 0.5652777777777778 0.362962962962963 0.5923611111111111 0.362962962962963 0.5923611111111111 0.41111111111111115 0.5652777777777778 0.41111111111111115
1 0.6 0.362962962962963 0.6131944444444444 0.362962962962963 0.6131944444444444 0.412962962962963 0.6 0.412962962962963
25 0.6215277777777778 0.362962962962963 0.6486111111111111 0.362962962962963 0.6486111111111111 0.41111111111111115 0.6215277777777778 0.41111111111111115
15 0.6555555555555556 0.362962962962963 0.675 0.362962962962963 0.675 0.4120370370370371 0.6555555555555556 0.4120370370370371
