0 0.3 0.22777777777777777 0.3194444444444444 0.22777777777777777 0.3194444444444444 0.27685185185185185 0.3 0.27685185185185185
8 0.3263888888888889 0.22777777777777777 0.3458333333333333 0.22777777777777777 0.3458333333333333 0.27685185185185185 0.3263888888888889 0.27685185185185185
37 0.35208333333333336 0.22777777777777777 0.3791666666666667 0.22777777777777777 0.3791666666666667 0.2638888888888889 0.35208333333333336 0.2638888888888889
1 0.3854166666666667 0.22777777777777777 0.3993055555555556 0.22777777777777777 0.3993055555555556 0.27685185185185185 0.3854166666666667 0.27685185185185185
2 0.40555555555555556 0.22777777777777777 0.4326388888888889 0.22777777777777777 0.4326388888888889 0.2759259259259259 0.40555555555555556 0.2759259259259259
37 0.4409722222222222 0.22777777777777777 0.46805555555555556 0.22777777777777777 0.46805555555555556 0.2638888888888889 0.4409722222222222 0.2638888888888889
2 0.4756944444444444 0.22777777777777777 0.49513888888888885 0.22777777777777777 0.49513888888888885 0.2777777777777778 0.4756944444444444 0.2777777777777778
0 0.5006944444444444 0.22777777777777777 0.5277777777777778 0.22777777777777777 0.5277777777777778 0.2759259259259259 0.5006944444444444 0.2759259259259259
2 0.5340277777777778 0.22777777777777777 0.5534722222222223 0.22777777777777777 0.5534722222222223 0.27685185185185185 0.5340277777777778 0.27685185185185185
4 0.5604166666666667 0.22777777777777777 0.5875 0.22777777777777777 0.5875 0.26944444444444443 0.5604166666666667 0.26944444444444443
1 0.6305555555555555 0.22777777777777777 0.6479166666666667 0.22777777777777777 0.6479166666666667 0.2759259259259259 0.6305555555555555 0.2759259259259259
4 0.6548611111111111 0.22777777777777777 0.6743055555555556 0.22777777777777777 0.6743055555555556 0.27685185185185185 0.6548611111111111 0.27685185185185185
36 0.6791666666666667 0.22777777777777777 0.6902777777777778 0.22777777777777777 0.6902777777777778 0.2638888888888889 0.6791666666666667 0.2638888888888889
0 0.6965277777777777 0.22777777777777777 0.7236111111111111 0.22777777777777777 0.7236111111111111 0.2759259259259259 0.6965277777777777 0.2759259259259259
3 0.73125 0.22777777777777777 0.7506944444444444 0.22777777777777777 0.7506944444444444 0.2777777777777778 0.73125 0.2777777777777778
0 0.3763888888888889 0.29259259259259257 0.40347222222222223 0.29259259259259257 0.40347222222222223 0.34074074074074073 0.3763888888888889 0.34074074074074073
1 0.4111111111111111 0.29259259259259257 0.4236111111111111 0.29259259259259257 0.4236111111111111 0.3416666666666667 0.4111111111111111 0.3416666666666667
37 0.42916666666666664 0.29259259259259257 0.45625 0.29259259259259257 0.45625 0.32870370370370366 0.42916666666666664 0.32870370370370366
0 0.46111111111111114 0.29259259259259257 0.4881944444444445 0.29259259259259257 0.4881944444444445 0.34074074074074073 0.46111111111111114 0.34074074074074073
6 0.4930555555555556 0.29259259259259257 0.5125000000000001 0.29259259259259257 0.5125000000000001 0.34259259259259256 0.4930555555555556 0.34259259259259256
37 0.5201388888888889 0.29259259259259257 0.5472222222222223 0.29259259259259257 0.5472222222222223 0.32870370370370366 0.5201388888888889 0.32870370370370366
2 0.5548611111111111 0.29259259259259257 0.5743055555555556 0.29259259259259257 0.5743055555555556 0.3416666666666667 0.5548611111111111 0.3416666666666667
0 0.5798611111111112 0.29259259259259257 0.6069444444444445 0.29259259259259257 0.6069444444444445 0.34074074074074073 0.5798611111111112 0.34074074074074073
2 0.6118055555555556 0.29259259259259257 0.638888888888889 0.29259259259259257 0.638888888888889 0.34074074074074073 0.6118055555555556 0.34074074074074073
5 0.6458333333333334 0.29259259259259257 0.6729166666666667 0.29259259259259257 0.6729166666666667 0.34074074074074073 0.6458333333333334 0.34074074074074073
2 0.3763888888888889 0.3574074074074074 0.3958333333333333 0.3574074074074074 0.3958333333333333 0.40648148148148144 0.3763888888888889 0.40648148148148144
4 0.4027777777777778 0.3574074074074074 0.42986111111111114 0.3574074074074074 0.42986111111111114 0.40555555555555556 0.4027777777777778 0.40555555555555556
3 0.43819444444444444 0.3574074074074074 0.4652777777777778 0.3574074074074074 0.4652777777777778 0.40555555555555556 0.43819444444444444 0.40555555555555556
6 0.4708333333333333 0.3574074074074074 0.49027777777777776 0.3574074074074074 0.49027777777777776 0.4074074074074074 0.4708333333333333 0.4074074074074074
3 0.4986111111111111 0.3574074074074074 0.5256944444444445 0.3574074074074074 0.5256944444444445 0.40555555555555556 0.4986111111111111 0.40555555555555556
5 0.5305555555555556 0.3574074074074074 0.5576388888888889 0.3574074074074074 0.5576388888888889 0.40555555555555556 0.5305555555555556 0.40555555555555556
4 0.5631944444444444 0.3574074074074074 0.5826388888888889 0.3574074074074074 0.5826388888888889 0.40648148148148144 0.5631944444444444 0.40648148148148144
0 0.5902777777777778 0.3574074074074074 0.6173611111111111 0.3574074074074074 0.6173611111111111 0.40555555555555556 0.5902777777777778 0.40555555555555556
17 0.6256944444444444 0.3574074074074074 0.6451388888888889 0.3574074074074074 0.6451388888888889 0.40648148148148144 0.6256944444444444 0.40648148148148144
15 0.6527777777777778 0.3574074074074074 0.6798611111111111 0.3574074074074074 0.6798611111111111 0.40648148148148144 0.6527777777777778 0.40648148148148144
