1 0.2986111111111111 0.22962962962962963 0.3159722222222222 0.22962962962962963 0.3159722222222222 0.2777777777777778 0.2986111111111111 0.2777777777777778
6 0.3215277777777778 0.22962962962962963 0.34097222222222223 0.22962962962962963 0.34097222222222223 0.2796296296296296 0.3215277777777778 0.2796296296296296
37 0.34791666666666665 0.22962962962962963 0.375 0.22962962962962963 0.375 0.2657407407407407 0.34791666666666665 0.2657407407407407
0 0.3819444444444444 0.22962962962962963 0.40138888888888885 0.22962962962962963 0.40138888888888885 0.2787037037037037 0.3819444444444444 0.2787037037037037
6 0.4076388888888889 0.22962962962962963 0.43472222222222223 0.22962962962962963 0.43472222222222223 0.2777777777777778 0.4076388888888889 0.2777777777777778
37 0.44166666666666665 0.22962962962962963 0.46875 0.22962962962962963 0.46875 0.2657407407407407 0.44166666666666665 0.2657407407407407
2 0.4756944444444444 0.22962962962962963 0.5027777777777778 0.22962962962962963 0.5027777777777778 0.2777777777777778 0.4756944444444444 0.2777777777777778
0 0.5076388888888889 0.22962962962962963 0.5270833333333333 0.22962962962962963 0.5270833333333333 0.2787037037037037 0.5076388888888889 0.2787037037037037
2 0.5354166666666667 0.22962962962962963 0.5625 0.22962962962962963 0.5625 0.2777777777777778 0.5354166666666667 0.2777777777777778
5 0.56875 0.22962962962962963 0.5958333333333333 0.22962962962962963 0.5958333333333333 0.2777777777777778 0.56875 0.2777777777777778
0 0.6388888888888888 0.22962962962962963 0.6583333333333333 0.22962962962962963 0.6583333333333333 0.2787037037037037 0.6388888888888888 0.2787037037037037
7 0.6638888888888889 0.22962962962962963 0.6909722222222222 0.22962962962962963 0.6909722222222222 0.2777777777777778 0.6638888888888889 0.2777777777777778
36 0.6958333333333333 0.22962962962962963 0.7069444444444444 0.22962962962962963 0.7069444444444444 0.2657407407407407 0.6958333333333333 0.2657407407407407
2 0.7138888888888889 0.22962962962962963 0.7409722222222223 0.22962962962962963 0.7409722222222223 0.2777777777777778 0.7138888888888889 0.2777777777777778
6 0.7458333333333333 0.22962962962962963 0.7652777777777778 0.22962962962962963 0.7652777777777778 0.2787037037037037 0.7458333333333333 0.2787037037037037
2 0.375 0.29444444444444445 0.39444444444444443 0.29444444444444445 0.39444444444444443 0.34444444444444444 0.375 0.34444444444444444
4 0.3993055555555556 0.29444444444444445 0.42638888888888893 0.29444444444444445 0.42638888888888893 0.34351851851851856 0.3993055555555556 0.34351851851851856
37 0.43333333333333335 0.29444444444444445 0.4604166666666667 0.29444444444444445 0.4604166666666667 0.33055555555555555 0.43333333333333335 0.33055555555555555
0 0.4673611111111111 0.29444444444444445 0.48680555555555555 0.29444444444444445 0.48680555555555555 0.34351851851851856 0.4673611111111111 0.34351851851851856
6 0.4951388888888889 0.29444444444444445 0.5145833333333334 0.29444444444444445 0.5145833333333334 0.34351851851851856 0.4951388888888889 0.34351851851851856
37 0.5208333333333334 0.29444444444444445 0.5479166666666667 0.29444444444444445 0.5479166666666667 0.33055555555555555 0.5208333333333334 0.33055555555555555
2 0.55625 0.29444444444444445 0.5833333333333334 0.29444444444444445 0.5833333333333334 0.3425925925925926 0.55625 0.3425925925925926
0 0.5916666666666667 0.29444444444444445 0.61875 0.29444444444444445 0.61875 0.3425925925925926 0.5916666666666667 0.3425925925925926
2 0.6256944444444444 0.29444444444444445 0.6527777777777778 0.29444444444444445 0.6527777777777778 0.34351851851851856 0.6256944444444444 0.34351851851851856
5 0.6604166666666667 0.29444444444444445 0.6875 0.29444444444444445 0.6875 0.3425925925925926 0.6604166666666667 0.3425925925925926
7 0.375 0.3592592592592593 0.39444444444444443 0.3592592592592593 0.39444444444444443 0.40925925925925927 0.375 0.40925925925925927
9 0.40208333333333335 0.3592592592592593 0.4291666666666667 0.3592592592592593 0.4291666666666667 0.40740740740740744 0.40208333333333335 0.40740740740740744
4 0.4361111111111111 0.3592592592592593 0.45555555555555555 0.3592592592592593 0.45555555555555555 0.4083333333333333 0.4361111111111111 0.4083333333333333
6 0.4618055555555556 0.3592592592592593 0.48888888888888893 0.3592592592592593 0.48888888888888893 0.40740740740740744 0.4618055555555556 0.40740740740740744
1 0.49375 0.3592592592592593 0.5111111111111112 0.3592592592592593 0.5111111111111112 0.40740740740740744 0.49375 0.40740740740740744
5 0.5173611111111112 0.3592592592592593 0.5444444444444445 0.3592592592592593 0.5444444444444445 0.40740740740740744 0.5173611111111112 0.40740740740740744
7 0.55 0.3592592592592593 0.5770833333333334 0.3592592592592593 0.5770833333333334 0.4083333333333333 0.55 0.4083333333333333
8 0.5840277777777778 0.3592592592592593 0.6034722222222223 0.3592592592592593 0.6034722222222223 0.4083333333333333 0.5840277777777778 0.4083333333333333
10 0.6097222222222223 0.3592592592592593 0.6368055555555556 0.3592592592592593 0.6368055555555556 0.4083333333333333 0.6097222222222223 0.4083333333333333
26 0.6444444444444445 0.3592592592592593 0.6715277777777778 0.3592592592592593 0.6715277777777778 0.40740740740740744 0.6444444444444445 0.40740740740740744
