0 0.30277777777777776 0.2324074074074074 0.3298611111111111 0.2324074074074074 0.3298611111111111 0.28055555555555556 0.30277777777777776 0.28055555555555556
2 0.3368055555555556 0.2324074074074074 0.36388888888888893 0.2324074074074074 0.36388888888888893 0.28055555555555556 0.3368055555555556 0.28055555555555556
37 0.37222222222222223 0.2324074074074074 0.3993055555555556 0.2324074074074074 0.3993055555555556 0.2685185185185185 0.37222222222222223 0.2685185185185185
1 0.40694444444444444 0.2324074074074074 0.42430555555555555 0.2324074074074074 0.42430555555555555 0.28055555555555556 0.40694444444444444 0.28055555555555556
0 0.4305555555555556 0.2324074074074074 0.45763888888888893 0.2324074074074074 0.45763888888888893 0.28055555555555556 0.4305555555555556 0.28055555555555556
37 0.46458333333333335 0.2324074074074074 0.4916666666666667 0.2324074074074074 0.4916666666666667 0.2685185185185185 0.46458333333333335 0.2685185185185185
2 0.5 0.2324074074074074 0.5270833333333333 0.2324074074074074 0.5270833333333333 0.28148148148148144 0.5 0.28148148148148144
0 0.5340277777777778 0.2324074074074074 0.5611111111111111 0.2324074074074074 0.5611111111111111 0.28055555555555556 0.5340277777777778 0.28055555555555556
2 0.5659722222222222 0.2324074074074074 0.5930555555555556 0.2324074074074074 0.5930555555555556 0.28055555555555556 0.5659722222222222 0.28055555555555556
5 0.6013888888888889 0.2324074074074074 0.6284722222222222 0.2324074074074074 0.6284722222222222 0.28055555555555556 0.6013888888888889 0.28055555555555556
0 0.6680555555555555 0.2324074074074074 0.6875 0.2324074074074074 0.6875 0.28148148148148144 0.6680555555555555 0.28148148148148144
7 0.6958333333333333 0.2324074074074074 0.7229166666666667 0.2324074074074074 0.7229166666666667 0.28055555555555556 0.6958333333333333 0.28055555555555556
36 0.7291666666666666 0.2324074074074074 0.736111111111111 0.2324074074074074 0.736111111111111 0.26296296296296295 0.7291666666666666 0.26296296296296295
3 0.7423611111111111 0.2324074074074074 0.7694444444444445 0.2324074074074074 0.7694444444444445 0.28055555555555556 0.7423611111111111 0.28055555555555556
6 0.7777777777777778 0.2324074074074074 0.7972222222222223 0.2324074074074074 0.7972222222222223 0.28148148148148144 0.7777777777777778 0.28148148148148144
0 0.37916666666666665 0.2972222222222222 0.40625 0.2972222222222222 0.40625 0.3453703703703704 0.37916666666666665 0.3453703703703704
1 0.4125 0.2972222222222222 0.425 0.2972222222222222 0.425 0.3462962962962963 0.4125 0.3462962962962963
37 0.4305555555555556 0.2972222222222222 0.45763888888888893 0.2972222222222222 0.45763888888888893 0.3333333333333333 0.4305555555555556 0.3333333333333333
0 0.4625 0.2972222222222222 0.48958333333333337 0.2972222222222222 0.48958333333333337 0.3453703703703704 0.4625 0.3453703703703704
3 0.49583333333333335 0.2972222222222222 0.5229166666666667 0.2972222222222222 0.5229166666666667 0.3453703703703704 0.49583333333333335 0.3453703703703704
37 0.5277777777777778 0.2972222222222222 0.5548611111111111 0.2972222222222222 0.5548611111111111 0.3333333333333333 0.5277777777777778 0.3333333333333333
2 0.5618055555555556 0.2972222222222222 0.5888888888888889 0.2972222222222222 0.5888888888888889 0.3453703703703704 0.5618055555555556 0.3453703703703704
0 0.59375 0.2972222222222222 0.6208333333333333 0.2972222222222222 0.6208333333333333 0.3453703703703704 0.59375 0.3453703703703704
2 0.6277777777777778 0.2972222222222222 0.6548611111111111 0.2972222222222222 0.6548611111111111 0.3462962962962963 0.6277777777777778 0.3462962962962963
5 0.6597222222222222 0.2972222222222222 0.6791666666666667 0.2972222222222222 0.6791666666666667 0.3462962962962963 0.6597222222222222 0.3462962962962963
2 0.37916666666666665 0.36203703703703705 0.40625 0.36203703703703705 0.40625 0.4111111111111111 0.37916666666666665 0.4111111111111111
6 0.4125 0.36203703703703705 0.4319444444444444 0.36203703703703705 0.4319444444444444 0.41203703703703703 0.4125 0.41203703703703703
9 0.4395833333333333 0.36203703703703705 0.4666666666666667 0.36203703703703705 0.4666666666666667 0.4101851851851852 0.4395833333333333 0.4101851851851852
7 0.4736111111111111 0.36203703703703705 0.5006944444444444 0.36203703703703705 0.5006944444444444 0.4111111111111111 0.4736111111111111 0.4111111111111111
2 0.5090277777777777 0.36203703703703705 0.5361111111111111 0.36203703703703705 0.5361111111111111 0.4101851851851852 0.5090277777777777 0.4101851851851852
7 0.5409722222222222 0.36203703703703705 0.5680555555555555 0.36203703703703705 0.5680555555555555 0.4101851851851852 0.5409722222222222 0.4101851851851852
9 0.5736111111111111 0.36203703703703705 0.6006944444444444 0.36203703703703705 0.6006944444444444 0.4101851851851852 0.5736111111111111 0.4101851851851852
2 0.6076388888888888 0.36203703703703705 0.6270833333333333 0.36203703703703705 0.6270833333333333 0.4111111111111111 0.6076388888888888 0.4111111111111111
31 0.6340277777777777 0.36203703703703705 0.6534722222222222 0.36203703703703705 0.6534722222222222 0.4111111111111111 0.6340277777777777 0.4111111111111111
34 0.6611111111111111 0.36203703703703705 0.6805555555555556 0.36203703703703705 0.6805555555555556 0.4111111111111111 0.6611111111111111 0.4111111111111111
