1 0.30416666666666664 0.23148148148148148 0.32152777777777775 0.23148148148148148 0.32152777777777775 0.2796296296296296 0.30416666666666664 0.2796296296296296
2 0.3277777777777778 0.23148148148148148 0.3548611111111111 0.23148148148148148 0.3548611111111111 0.28055555555555556 0.3277777777777778 0.28055555555555556
37 0.3625 0.23148148148148148 0.38958333333333334 0.23148148148148148 0.38958333333333334 0.2675925925925926 0.3625 0.2675925925925926
0 0.3958333333333333 0.23148148148148148 0.41527777777777775 0.23148148148148148 0.41527777777777775 0.28055555555555556 0.3958333333333333 0.28055555555555556
7 0.4215277777777778 0.23148148148148148 0.4486111111111111 0.23148148148148148 0.4486111111111111 0.2796296296296296 0.4215277777777778 0.2796296296296296
37 0.45694444444444443 0.23148148148148148 0.4840277777777778 0.23148148148148148 0.4840277777777778 0.2675925925925926 0.45694444444444443 0.2675925925925926
2 0.4895833333333333 0.23148148148148148 0.5166666666666666 0.23148148148148148 0.5166666666666666 0.2796296296296296 0.4895833333333333 0.2796296296296296
0 0.5229166666666667 0.23148148148148148 0.55 0.23148148148148148 0.55 0.2796296296296296 0.5229166666666667 0.2796296296296296
2 0.5576388888888889 0.23148148148148148 0.5847222222222223 0.23148148148148148 0.5847222222222223 0.2796296296296296 0.5576388888888889 0.2796296296296296
5 0.5902777777777778 0.23148148148148148 0.6173611111111111 0.23148148148148148 0.6173611111111111 0.28055555555555556 0.5902777777777778 0.28055555555555556
2 0.6583333333333333 0.23148148148148148 0.6854166666666667 0.23148148148148148 0.6854166666666667 0.2796296296296296 0.6583333333333333 0.2796296296296296
1 0.6930555555555555 0.23148148148148148 0.7104166666666667 0.23148148148148148 0.7104166666666667 0.2796296296296296 0.6930555555555555 0.2796296296296296
36 0.71875 0.23148148148148148 0.7256944444444444 0.23148148148148148 0.7256944444444444 0.2611111111111111 0.71875 0.2611111111111111
5 0.7319444444444444 0.23148148148148148 0.7590277777777777 0.23148148148148148 0.7590277777777777 0.2796296296296296 0.7319444444444444 0.2796296296296296
6 0.7645833333333333 0.23148148148148148 0.7840277777777778 0.23148148148148148 0.7840277777777778 0.28055555555555556 0.7645833333333333 0.28055555555555556
3 0.38055555555555554 0.2962962962962963 0.4076388888888889 0.2962962962962963 0.4076388888888889 0.34444444444444444 0.38055555555555554 0.34444444444444444
1 0.41597222222222224 0.2962962962962963 0.43333333333333335 0.2962962962962963 0.43333333333333335 0.34444444444444444 0.41597222222222224 0.34444444444444444
37 0.44027777777777777 0.2962962962962963 0.4673611111111111 0.2962962962962963 0.4673611111111111 0.3324074074074074 0.44027777777777777 0.3324074074074074
0 0.4756944444444444 0.2962962962962963 0.49513888888888885 0.2962962962962963 0.49513888888888885 0.3453703703703703 0.4756944444444444 0.3453703703703703
5 0.5027777777777778 0.2962962962962963 0.5298611111111111 0.2962962962962963 0.5298611111111111 0.3453703703703703 0.5027777777777778 0.3453703703703703
37 0.5347222222222222 0.2962962962962963 0.5618055555555556 0.2962962962962963 0.5618055555555556 0.3324074074074074 0.5347222222222222 0.3324074074074074
2 0.5680555555555555 0.2962962962962963 0.5951388888888889 0.2962962962962963 0.5951388888888889 0.34444444444444444 0.5680555555555555 0.34444444444444444
0 0.6 0.2962962962962963 0.6270833333333333 0.2962962962962963 0.6270833333333333 0.3453703703703703 0.6 0.3453703703703703
2 0.6340277777777777 0.2962962962962963 0.6611111111111111 0.2962962962962963 0.6611111111111111 0.34444444444444444 0.6340277777777777 0.34444444444444444
5 0.6659722222222222 0.2962962962962963 0.6854166666666667 0.2962962962962963 0.6854166666666667 0.3453703703703703 0.6659722222222222 0.3453703703703703
1 0.38055555555555554 0.3611111111111111 0.39305555555555555 0.3611111111111111 0.39305555555555555 0.40925925925925927 0.38055555555555554 0.40925925925925927
5 0.4 0.3611111111111111 0.41944444444444445 0.3611111111111111 0.41944444444444445 0.4101851851851852 0.4 0.4101851851851852
4 0.4270833333333333 0.3611111111111111 0.44652777777777775 0.3611111111111111 0.44652777777777775 0.4101851851851852 0.4270833333333333 0.4101851851851852
7 0.45208333333333334 0.3611111111111111 0.4791666666666667 0.3611111111111111 0.4791666666666667 0.40925925925925927 0.45208333333333334 0.40925925925925927
5 0.4861111111111111 0.3611111111111111 0.5131944444444444 0.3611111111111111 0.5131944444444444 0.40925925925925927 0.4861111111111111 0.40925925925925927
4 0.5194444444444445 0.3611111111111111 0.538888888888889 0.3611111111111111 0.538888888888889 0.4101851851851852 0.5194444444444445 0.4101851851851852
9 0.5451388888888888 0.3611111111111111 0.5722222222222222 0.3611111111111111 0.5722222222222222 0.40925925925925927 0.5451388888888888 0.40925925925925927
9 0.5784722222222223 0.3611111111111111 0.6055555555555556 0.3611111111111111 0.6055555555555556 0.40925925925925927 0.5784722222222223 0.40925925925925927
34 0.6131944444444445 0.3611111111111111 0.6402777777777778 0.3611111111111111 0.6402777777777778 0.40925925925925927 0.6131944444444445 0.40925925925925927
23 0.6479166666666667 0.3611111111111111 0.6673611111111112 0.3611111111111111 0.6673611111111112 0.4101851851851852 0.6479166666666667 0.4101851851851852
