2 0.2902777777777778 0.23333333333333334 0.31736111111111115 0.23333333333333334 0.31736111111111115 0.2814814814814815 0.2902777777777778 0.2814814814814815
7 0.3229166666666667 0.23333333333333334 0.35000000000000003 0.23333333333333334 0.35000000000000003 0.2814814814814815 0.3229166666666667 0.2814814814814815
37 0.35833333333333334 0.23333333333333334 0.3854166666666667 0.23333333333333334 0.3854166666666667 0.26944444444444443 0.35833333333333334 0.26944444444444443
0 0.39166666666666666 0.23333333333333334 0.4111111111111111 0.23333333333333334 0.4111111111111111 0.28240740740740744 0.39166666666666666 0.28240740740740744
6 0.4173611111111111 0.23333333333333334 0.43680555555555556 0.23333333333333334 0.43680555555555556 0.28240740740740744 0.4173611111111111 0.28240740740740744
37 0.44513888888888886 0.23333333333333334 0.46736111111111106 0.23333333333333334 0.46736111111111106 0.26296296296296295 0.44513888888888886 0.26296296296296295
2 0.475 0.23333333333333334 0.5020833333333333 0.23333333333333334 0.5020833333333333 0.28240740740740744 0.475 0.28240740740740744
0 0.5083333333333333 0.23333333333333334 0.5354166666666667 0.23333333333333334 0.5354166666666667 0.2814814814814815 0.5083333333333333 0.2814814814814815
2 0.5416666666666666 0.23333333333333334 0.5611111111111111 0.23333333333333334 0.5611111111111111 0.28240740740740744 0.5416666666666666 0.28240740740740744
5 0.5673611111111111 0.23333333333333334 0.5944444444444444 0.23333333333333334 0.5944444444444444 0.2814814814814815 0.5673611111111111 0.2814814814814815
1 0.6340277777777777 0.23333333333333334 0.6499999999999999 0.23333333333333334 0.6499999999999999 0.2814814814814815 0.6340277777777777 0.2814814814814815
0 0.6569444444444444 0.23333333333333334 0.6840277777777778 0.23333333333333334 0.6840277777777778 0.28240740740740744 0.6569444444444444 0.28240740740740744
36 0.6923611111111111 0.23333333333333334 0.704861111111111 0.23333333333333334 0.704861111111111 0.26944444444444443 0.6923611111111111 0.26944444444444443
0 0.7118055555555556 0.23333333333333334 0.7312500000000001 0.23333333333333334 0.7312500000000001 0.28240740740740744 0.7118055555555556 0.28240740740740744
0 0.7388888888888889 0.23333333333333334 0.7583333333333334 0.23333333333333334 0.7583333333333334 0.28240740740740744 0.7388888888888889 0.28240740740740744
0 0.36666666666666664 0.29814814814814816 0.38611111111111107 0.29814814814814816 0.38611111111111107 0.3472222222222222 0.36666666666666664 0.3472222222222222
1 0.39375 0.29814814814814816 0.40625 0.29814814814814816 0.40625 0.3472222222222222 0.39375 0.3472222222222222
37 0.4125 0.29814814814814816 0.4395833333333333 0.29814814814814816 0.4395833333333333 0.33425925925925926 0.4125 0.33425925925925926
0 0.44583333333333336 0.29814814814814816 0.4729166666666667 0.29814814814814816 0.4729166666666667 0.3472222222222222 0.44583333333333336 0.3472222222222222
2 0.48055555555555557 0.29814814814814816 0.5076388888888889 0.29814814814814816 0.5076388888888889 0.3462962962962963 0.48055555555555557 0.3462962962962963
37 0.5138888888888888 0.29814814814814816 0.5409722222222222 0.29814814814814816 0.5409722222222222 0.33425925925925926 0.5138888888888888 0.33425925925925926
2 0.5458333333333333 0.29814814814814816 0.5729166666666666 0.29814814814814816 0.5729166666666666 0.3462962962962963 0.5458333333333333 0.3462962962962963
0 0.5777777777777777 0.29814814814814816 0.6048611111111111 0.29814814814814816 0.6048611111111111 0.3462962962962963 0.5777777777777777 0.3462962962962963
2 0.6097222222222223 0.29814814814814816 0.6368055555555556 0.29814814814814816 0.6368055555555556 0.3462962962962963 0.6097222222222223 0.3462962962962963
5 0.6416666666666667 0.29814814814814816 0.6687500000000001 0.29814814814814816 0.6687500000000001 0.3462962962962963 0.6416666666666667 0.3462962962962963
4 0.36666666666666664 0.362962962962963 0.39375 0.362962962962963 0.39375 0.41111111111111115 0.36666666666666664 0.41111111111111115
5 0.4013888888888889 0.362962962962963 0.42847222222222225 0.362962962962963 0.42847222222222225 0.41111111111111115 0.4013888888888889 0.41111111111111115
0 0.4361111111111111 0.362962962962963 0.45555555555555555 0.362962962962963 0.45555555555555555 0.412962962962963 0.4361111111111111 0.412962962962963
8 0.46111111111111114 0.362962962962963 0.48055555555555557 0.362962962962963 0.48055555555555557 0.412962962962963 0.46111111111111114 0.412962962962963
7 0.4888888888888889 0.362962962962963 0.5083333333333333 0.362962962962963 0.5083333333333333 0.4120370370370371 0.4888888888888889 0.4120370370370371
1 0.5131944444444444 0.362962962962963 0.5256944444444444 0.362962962962963 0.5256944444444444 0.4120370370370371 0.5131944444444444 0.4120370370370371
7 0.5333333333333333 0.362962962962963 0.5527777777777778 0.362962962962963 0.5527777777777778 0.412962962962963 0.5333333333333333 0.412962962962963
9 0.5611111111111111 0.362962962962963 0.5805555555555556 0.362962962962963 0.5805555555555556 0.4120370370370371 0.5611111111111111 0.4120370370370371
35 0.5881944444444445 0.362962962962963 0.607638888888889 0.362962962962963 0.607638888888889 0.4120370370370371 0.5881944444444445 0.4120370370370371
22 0.6125 0.362962962962963 0.6395833333333334 0.362962962962963 0.6395833333333334 0.41111111111111115 0.6125 0.41111111111111115
