1 0.30416666666666664 0.22962962962962963 0.32152777777777775 0.22962962962962963 0.32152777777777775 0.2777777777777778 0.30416666666666664 0.2777777777777778
6 0.3277777777777778 0.22962962962962963 0.3472222222222222 0.22962962962962963 0.3472222222222222 0.2787037037037037 0.3277777777777778 0.2787037037037037
37 0.35208333333333336 0.22962962962962963 0.3791666666666667 0.22962962962962963 0.3791666666666667 0.2657407407407407 0.35208333333333336 0.2657407407407407
0 0.3840277777777778 0.22962962962962963 0.41111111111111115 0.22962962962962963 0.41111111111111115 0.2777777777777778 0.3840277777777778 0.2777777777777778
1 0.4173611111111111 0.22962962962962963 0.43472222222222223 0.22962962962962963 0.43472222222222223 0.2777777777777778 0.4173611111111111 0.2777777777777778
37 0.4409722222222222 0.22962962962962963 0.46805555555555556 0.22962962962962963 0.46805555555555556 0.2657407407407407 0.4409722222222222 0.2657407407407407
2 0.47430555555555554 0.22962962962962963 0.5013888888888889 0.22962962962962963 0.5013888888888889 0.2777777777777778 0.47430555555555554 0.2777777777777778
0 0.50625 0.22962962962962963 0.5333333333333333 0.22962962962962963 0.5333333333333333 0.2777777777777778 0.50625 0.2777777777777778
2 0.5395833333333333 0.22962962962962963 0.5590277777777778 0.22962962962962963 0.5590277777777778 0.2787037037037037 0.5395833333333333 0.2787037037037037
5 0.5652777777777778 0.22962962962962963 0.5923611111111111 0.22962962962962963 0.5923611111111111 0.2777777777777778 0.5652777777777778 0.2777777777777778
2 0.6354166666666666 0.22962962962962963 0.6625 0.22962962962962963 0.6625 0.2777777777777778 0.6354166666666666 0.2777777777777778
0 0.6680555555555555 0.22962962962962963 0.6875 0.22962962962962963 0.6875 0.2787037037037037 0.6680555555555555 0.2787037037037037
36 0.69375 0.22962962962962963 0.704861111111111 0.22962962962962963 0.704861111111111 0.2657407407407407 0.69375 0.2657407407407407
3 0.7118055555555556 0.22962962962962963 0.7388888888888889 0.22962962962962963 0.7388888888888889 0.2777777777777778 0.7118055555555556 0.2777777777777778
9 0.74375 0.22962962962962963 0.7631944444444445 0.22962962962962963 0.7631944444444445 0.2787037037037037 0.74375 0.2787037037037037
2 0.38055555555555554 0.29444444444444445 0.4076388888888889 0.29444444444444445 0.4076388888888889 0.34351851851851856 0.38055555555555554 0.34351851851851856
9 0.4152777777777778 0.29444444444444445 0.44236111111111115 0.29444444444444445 0.44236111111111115 0.3425925925925926 0.4152777777777778 0.3425925925925926
37 0.4486111111111111 0.29444444444444445 0.4756944444444445 0.29444444444444445 0.4756944444444445 0.32962962962962966 0.4486111111111111 0.32962962962962966
1 0.48125 0.29444444444444445 0.49375 0.29444444444444445 0.49375 0.34351851851851856 0.48125 0.34351851851851856
1 0.49930555555555556 0.29444444444444445 0.5118055555555555 0.29444444444444445 0.5118055555555555 0.34351851851851856 0.49930555555555556 0.34351851851851856
37 0.51875 0.29444444444444445 0.5458333333333334 0.29444444444444445 0.5458333333333334 0.33055555555555555 0.51875 0.33055555555555555
2 0.5534722222222223 0.29444444444444445 0.5805555555555556 0.29444444444444445 0.5805555555555556 0.3425925925925926 0.5534722222222223 0.3425925925925926
0 0.5881944444444445 0.29444444444444445 0.6152777777777778 0.29444444444444445 0.6152777777777778 0.3425925925925926 0.5881944444444445 0.3425925925925926
2 0.6208333333333333 0.29444444444444445 0.6479166666666667 0.29444444444444445 0.6479166666666667 0.3425925925925926 0.6208333333333333 0.3425925925925926
4 0.6555555555555556 0.29444444444444445 0.6826388888888889 0.29444444444444445 0.6826388888888889 0.3425925925925926 0.6555555555555556 0.3425925925925926
9 0.38055555555555554 0.3592592592592593 0.4076388888888889 0.3592592592592593 0.4076388888888889 0.40740740740740744 0.38055555555555554 0.40740740740740744
4 0.4131944444444444 0.3592592592592593 0.44027777777777777 0.3592592592592593 0.44027777777777777 0.40740740740740744 0.4131944444444444 0.40740740740740744
3 0.44722222222222224 0.3592592592592593 0.4666666666666667 0.3592592592592593 0.4666666666666667 0.40925925925925927 0.44722222222222224 0.40925925925925927
2 0.4736111111111111 0.3592592592592593 0.5006944444444444 0.3592592592592593 0.5006944444444444 0.4083333333333333 0.4736111111111111 0.4083333333333333
8 0.5069444444444444 0.3592592592592593 0.5340277777777778 0.3592592592592593 0.5340277777777778 0.40740740740740744 0.5069444444444444 0.40740740740740744
3 0.5395833333333333 0.3592592592592593 0.5666666666666667 0.3592592592592593 0.5666666666666667 0.40740740740740744 0.5395833333333333 0.40740740740740744
1 0.5722222222222222 0.3592592592592593 0.5847222222222221 0.3592592592592593 0.5847222222222221 0.4083333333333333 0.5722222222222222 0.4083333333333333
8 0.5916666666666667 0.3592592592592593 0.61875 0.3592592592592593 0.61875 0.40740740740740744 0.5916666666666667 0.40740740740740744
30 0.6256944444444444 0.3592592592592593 0.6527777777777778 0.3592592592592593 0.6527777777777778 0.4083333333333333 0.6256944444444444 0.4083333333333333
11 0.6604166666666667 0.3592592592592593 0.6875 0.3592592592592593 0.6875 0.40740740740740744 0.6604166666666667 0.40740740740740744
