2 0.2951388888888889 0.225 0.3145833333333333 0.225 0.3145833333333333 0.2740740740740741 0.2951388888888889 0.2740740740740741
7 0.3215277777777778 0.225 0.34861111111111115 0.225 0.34861111111111115 0.27314814814814814 0.3215277777777778 0.27314814814814814
37 0.3548611111111111 0.225 0.3819444444444445 0.225 0.3819444444444445 0.2611111111111111 0.3548611111111111 0.2611111111111111
1 0.3902777777777778 0.225 0.4076388888888889 0.225 0.4076388888888889 0.27314814814814814 0.3902777777777778 0.27314814814814814
1 0.4152777777777778 0.225 0.4326388888888889 0.225 0.4326388888888889 0.27314814814814814 0.4152777777777778 0.27314814814814814
37 0.4375 0.225 0.46458333333333335 0.225 0.46458333333333335 0.2611111111111111 0.4375 0.2611111111111111
2 0.4701388888888889 0.225 0.49722222222222223 0.225 0.49722222222222223 0.27314814814814814 0.4701388888888889 0.27314814814814814
0 0.5027777777777778 0.225 0.5298611111111111 0.225 0.5298611111111111 0.27314814814814814 0.5027777777777778 0.27314814814814814
2 0.5381944444444444 0.225 0.5652777777777778 0.225 0.5652777777777778 0.27314814814814814 0.5381944444444444 0.27314814814814814
4 0.5729166666666666 0.225 0.5923611111111111 0.225 0.5923611111111111 0.2740740740740741 0.5729166666666666 0.2740740740740741
1 0.6361111111111111 0.225 0.6534722222222222 0.225 0.6534722222222222 0.27314814814814814 0.6361111111111111 0.27314814814814814
0 0.6583333333333333 0.225 0.6777777777777778 0.225 0.6777777777777778 0.275 0.6583333333333333 0.275
36 0.6833333333333333 0.225 0.6902777777777778 0.225 0.6902777777777778 0.25555555555555554 0.6833333333333333 0.25555555555555554
5 0.6958333333333333 0.225 0.7229166666666667 0.225 0.7229166666666667 0.27314814814814814 0.6958333333333333 0.27314814814814814
3 0.7277777777777777 0.225 0.7548611111111111 0.225 0.7548611111111111 0.27314814814814814 0.7277777777777777 0.27314814814814814
2 0.3715277777777778 0.2898148148148148 0.39861111111111114 0.2898148148148148 0.39861111111111114 0.3388888888888889 0.3715277777777778 0.3388888888888889
9 0.4048611111111111 0.2898148148148148 0.43194444444444446 0.2898148148148148 0.43194444444444446 0.33796296296296297 0.4048611111111111 0.33796296296296297
37 0.43680555555555556 0.2898148148148148 0.4638888888888889 0.2898148148148148 0.4638888888888889 0.3259259259259259 0.43680555555555556 0.3259259259259259
0 0.47152777777777777 0.2898148148148148 0.4986111111111111 0.2898148148148148 0.4986111111111111 0.33796296296296297 0.47152777777777777 0.33796296296296297
6 0.5048611111111111 0.2898148148148148 0.5243055555555556 0.2898148148148148 0.5243055555555556 0.3388888888888889 0.5048611111111111 0.3388888888888889
37 0.53125 0.2898148148148148 0.5583333333333333 0.2898148148148148 0.5583333333333333 0.3259259259259259 0.53125 0.3259259259259259
2 0.5645833333333333 0.2898148148148148 0.5840277777777778 0.2898148148148148 0.5840277777777778 0.3388888888888889 0.5645833333333333 0.3388888888888889
0 0.5916666666666667 0.2898148148148148 0.61875 0.2898148148148148 0.61875 0.3388888888888889 0.5916666666666667 0.3388888888888889
2 0.6263888888888889 0.2898148148148148 0.6534722222222222 0.2898148148148148 0.6534722222222222 0.33796296296296297 0.6263888888888889 0.33796296296296297
5 0.6590277777777778 0.2898148148148148 0.6784722222222223 0.2898148148148148 0.6784722222222223 0.3388888888888889 0.6590277777777778 0.3388888888888889
8 0.3715277777777778 0.35462962962962963 0.3909722222222222 0.35462962962962963 0.3909722222222222 0.4037037037037037 0.3715277777777778 0.4037037037037037
6 0.39652777777777776 0.35462962962962963 0.4159722222222222 0.35462962962962963 0.4159722222222222 0.4037037037037037 0.39652777777777776 0.4037037037037037
8 0.42291666666666666 0.35462962962962963 0.45 0.35462962962962963 0.45 0.4027777777777778 0.42291666666666666 0.4027777777777778
6 0.45694444444444443 0.35462962962962963 0.47638888888888886 0.35462962962962963 0.47638888888888886 0.4046296296296296 0.45694444444444443 0.4046296296296296
2 0.4847222222222222 0.35462962962962963 0.5041666666666667 0.35462962962962963 0.5041666666666667 0.4037037037037037 0.4847222222222222 0.4037037037037037
6 0.5097222222222222 0.35462962962962963 0.5291666666666667 0.35462962962962963 0.5291666666666667 0.4037037037037037 0.5097222222222222 0.4037037037037037
7 0.5361111111111111 0.35462962962962963 0.5555555555555556 0.35462962962962963 0.5555555555555556 0.4037037037037037 0.5361111111111111 0.4037037037037037
5 0.5638888888888889 0.35462962962962963 0.5909722222222222 0.35462962962962963 0.5909722222222222 0.4027777777777778 0.5638888888888889 0.4027777777777778
13 0.5972222222222222 0.35462962962962963 0.6166666666666667 0.35462962962962963 0.6166666666666667 0.4037037037037037 0.5972222222222222 0.4037037037037037
13 0.6236111111111111 0.35462962962962963 0.6506944444444445 0.35462962962962963 0.6506944444444445 0.4027777777777778 0.6236111111111111 0.4027777777777778
