0 0.29097222222222224 0.2351851851851852 0.3104166666666667 0.2351851851851852 0.3104166666666667 0.28425925925925927 0.29097222222222224 0.28425925925925927
6 0.31805555555555554 0.2351851851851852 0.33749999999999997 0.2351851851851852 0.33749999999999997 0.2851851851851852 0.31805555555555554 0.2851851851851852
37 0.34305555555555556 0.2351851851851852 0.3701388888888889 0.2351851851851852 0.3701388888888889 0.2712962962962963 0.34305555555555556 0.2712962962962963
0 0.37777777777777777 0.2351851851851852 0.4048611111111111 0.2351851851851852 0.4048611111111111 0.2833333333333333 0.37777777777777777 0.2833333333333333
3 0.4125 0.2351851851851852 0.4319444444444444 0.2351851851851852 0.4319444444444444 0.28425925925925927 0.4125 0.28425925925925927
37 0.4388888888888889 0.2351851851851852 0.46597222222222223 0.2351851851851852 0.46597222222222223 0.2712962962962963 0.4388888888888889 0.2712962962962963
2 0.47430555555555554 0.2351851851851852 0.49374999999999997 0.2351851851851852 0.49374999999999997 0.28425925925925927 0.47430555555555554 0.28425925925925927
0 0.5013888888888889 0.2351851851851852 0.5284722222222222 0.2351851851851852 0.5284722222222222 0.2833333333333333 0.5013888888888889 0.2833333333333333
2 0.5368055555555555 0.2351851851851852 0.5638888888888889 0.2351851851851852 0.5638888888888889 0.2833333333333333 0.5368055555555555 0.2833333333333333
5 0.5694444444444444 0.2351851851851852 0.5965277777777778 0.2351851851851852 0.5965277777777778 0.28425925925925927 0.5694444444444444 0.28425925925925927
1 0.6430555555555556 0.2351851851851852 0.6555555555555556 0.2351851851851852 0.6555555555555556 0.28425925925925927 0.6430555555555556 0.28425925925925927
2 0.6631944444444444 0.2351851851851852 0.6826388888888889 0.2351851851851852 0.6826388888888889 0.2851851851851852 0.6631944444444444 0.2851851851851852
36 0.6895833333333333 0.2351851851851852 0.7006944444444444 0.2351851851851852 0.7006944444444444 0.2712962962962963 0.6895833333333333 0.2712962962962963
2 0.70625 0.2351851851851852 0.7333333333333334 0.2351851851851852 0.7333333333333334 0.2833333333333333 0.70625 0.2833333333333333
0 0.7402777777777778 0.2351851851851852 0.7673611111111112 0.2351851851851852 0.7673611111111112 0.2833333333333333 0.7402777777777778 0.2833333333333333
1 0.36736111111111114 0.3 0.38472222222222224 0.3 0.38472222222222224 0.34814814814814815 0.36736111111111114 0.34814814814814815
3 0.3909722222222222 0.3 0.41805555555555557 0.3 0.41805555555555557 0.3490740740740741 0.3909722222222222 0.3490740740740741
37 0.4263888888888889 0.3 0.4534722222222222 0.3 0.4534722222222222 0.3361111111111111 0.4263888888888889 0.3361111111111111
0 0.4583333333333333 0.3 0.48541666666666666 0.3 0.48541666666666666 0.34814814814814815 0.4583333333333333 0.34814814814814815
9 0.49166666666666664 0.3 0.5111111111111111 0.3 0.5111111111111111 0.3490740740740741 0.49166666666666664 0.3490740740740741
37 0.5159722222222223 0.3 0.5430555555555556 0.3 0.5430555555555556 0.3351851851851852 0.5159722222222223 0.3351851851851852
2 0.5486111111111112 0.3 0.5756944444444445 0.3 0.5756944444444445 0.34814814814814815 0.5486111111111112 0.34814814814814815
0 0.5826388888888889 0.3 0.6097222222222223 0.3 0.6097222222222223 0.34814814814814815 0.5826388888888889 0.34814814814814815
2 0.6159722222222223 0.3 0.6354166666666667 0.3 0.6354166666666667 0.3490740740740741 0.6159722222222223 0.3490740740740741
5 0.6423611111111112 0.3 0.6618055555555556 0.3 0.6618055555555556 0.3490740740740741 0.6423611111111112 0.3490740740740741
5 0.36736111111111114 0.3648148148148148 0.3944444444444445 0.3648148148148148 0.3944444444444445 0.412962962962963 0.36736111111111114 0.412962962962963
4 0.4027777777777778 0.3648148148148148 0.42986111111111114 0.3648148148148148 0.42986111111111114 0.412962962962963 0.4027777777777778 0.412962962962963
6 0.43819444444444444 0.3648148148148148 0.4652777777777778 0.3648148148148148 0.4652777777777778 0.412962962962963 0.43819444444444444 0.412962962962963
4 0.47152777777777777 0.3648148148148148 0.4909722222222222 0.3648148148148148 0.4909722222222222 0.41388888888888886 0.47152777777777777 0.41388888888888886
7 0.4979166666666667 0.3648148148148148 0.525 0.3648148148148148 0.525 0.412962962962963 0.4979166666666667 0.412962962962963
6 0.5326388888888889 0.3648148148148148 0.5597222222222222 0.3648148148148148 0.5597222222222222 0.412962962962963 0.5326388888888889 0.412962962962963
9 0.5659722222222222 0.3648148148148148 0.5930555555555556 0.3648148148148148 0.5930555555555556 0.412962962962963 0.5659722222222222 0.412962962962963
7 0.5979166666666667 0.3648148148148148 0.625 0.3648148148148148 0.625 0.41388888888888886 0.5979166666666667 0.41388888888888886
31 0.6319444444444444 0.3648148148148148 0.6590277777777778 0.3648148148148148 0.6590277777777778 0.41388888888888886 0.6319444444444444 0.41388888888888886
23 0.6666666666666666 0.3648148148148148 0.69375 0.3648148148148148 0.69375 0.412962962962963 0.6666666666666666 0.412962962962963
