3 0.2972222222222222 0.2222222222222222 0.32430555555555557 0.2222222222222222 0.32430555555555557 0.27037037037037037 0.2972222222222222 0.27037037037037037
1 0.33194444444444443 0.2222222222222222 0.34444444444444444 0.2222222222222222 0.34444444444444444 0.27129629629629626 0.33194444444444443 0.27129629629629626
37 0.3506944444444444 0.2222222222222222 0.37777777777777777 0.2222222222222222 0.37777777777777777 0.2583333333333333 0.3506944444444444 0.2583333333333333
0 0.3861111111111111 0.2222222222222222 0.4131944444444445 0.2222222222222222 0.4131944444444445 0.27037037037037037 0.3861111111111111 0.27037037037037037
5 0.41944444444444445 0.2222222222222222 0.4465277777777778 0.2222222222222222 0.4465277777777778 0.27129629629629626 0.41944444444444445 0.27129629629629626
37 0.4513888888888889 0.2222222222222222 0.47847222222222224 0.2222222222222222 0.47847222222222224 0.2583333333333333 0.4513888888888889 0.2583333333333333
2 0.48541666666666666 0.2222222222222222 0.5125 0.2222222222222222 0.5125 0.27037037037037037 0.48541666666666666 0.27037037037037037
0 0.5180555555555556 0.2222222222222222 0.545138888888889 0.2222222222222222 0.545138888888889 0.27037037037037037 0.5180555555555556 0.27037037037037037
2 0.5534722222222223 0.2222222222222222 0.5729166666666667 0.2222222222222222 0.5729166666666667 0.27129629629629626 0.5534722222222223 0.27129629629629626
5 0.5798611111111112 0.2222222222222222 0.6069444444444445 0.2222222222222222 0.6069444444444445 0.27037037037037037 0.5798611111111112 0.27037037037037037
0 0.6527777777777778 0.2222222222222222 0.6798611111111111 0.2222222222222222 0.6798611111111111 0.27037037037037037 0.6527777777777778 0.27037037037037037
0 0.6881944444444444 0.2222222222222222 0.7152777777777778 0.2222222222222222 0.7152777777777778 0.27037037037037037 0.6881944444444444 0.27037037037037037
36 0.7201388888888889 0.2222222222222222 0.7326388888888888 0.2222222222222222 0.7326388888888888 0.2583333333333333 0.7201388888888889 0.2583333333333333
0 0.7388888888888889 0.2222222222222222 0.7583333333333334 0.2222222222222222 0.7583333333333334 0.2722222222222222 0.7388888888888889 0.2722222222222222
7 0.7652777777777777 0.2222222222222222 0.7847222222222222 0.2222222222222222 0.7847222222222222 0.27129629629629626 0.7652777777777777 0.27129629629629626
1 0.3736111111111111 0.28703703703703703 0.3909722222222222 0.28703703703703703 0.3909722222222222 0.3287037037037037 0.3736111111111111 0.3287037037037037
1 0.39652777777777776 0.28703703703703703 0.41388888888888886 0.28703703703703703 0.41388888888888886 0.3351851851851852 0.39652777777777776 0.3351851851851852
37 0.4215277777777778 0.28703703703703703 0.4486111111111111 0.28703703703703703 0.4486111111111111 0.32314814814814813 0.4215277777777778 0.32314814814814813
1 0.45694444444444443 0.28703703703703703 0.47430555555555554 0.28703703703703703 0.47430555555555554 0.3351851851851852 0.45694444444444443 0.3351851851851852
2 0.48194444444444445 0.28703703703703703 0.5090277777777777 0.28703703703703703 0.5090277777777777 0.3351851851851852 0.48194444444444445 0.3351851851851852
37 0.5145833333333333 0.28703703703703703 0.5416666666666666 0.28703703703703703 0.5416666666666666 0.32314814814814813 0.5145833333333333 0.32314814814814813
2 0.5486111111111112 0.28703703703703703 0.5756944444444445 0.28703703703703703 0.5756944444444445 0.3351851851851852 0.5486111111111112 0.3351851851851852
0 0.5833333333333334 0.28703703703703703 0.6104166666666667 0.28703703703703703 0.6104166666666667 0.3351851851851852 0.5833333333333334 0.3351851851851852
2 0.6152777777777778 0.28703703703703703 0.6347222222222223 0.28703703703703703 0.6347222222222223 0.33611111111111114 0.6152777777777778 0.33611111111111114
4 0.6430555555555556 0.28703703703703703 0.670138888888889 0.28703703703703703 0.670138888888889 0.3351851851851852 0.6430555555555556 0.3351851851851852
9 0.3736111111111111 0.35185185185185186 0.40069444444444446 0.35185185185185186 0.40069444444444446 0.4 0.3736111111111111 0.4
2 0.4076388888888889 0.35185185185185186 0.43472222222222223 0.35185185185185186 0.43472222222222223 0.4 0.4076388888888889 0.4
5 0.4423611111111111 0.35185185185185186 0.46944444444444444 0.35185185185185186 0.46944444444444444 0.4 0.4423611111111111 0.4
2 0.475 0.35185185185185186 0.5020833333333333 0.35185185185185186 0.5020833333333333 0.4009259259259259 0.475 0.4009259259259259
9 0.5090277777777777 0.35185185185185186 0.5361111111111111 0.35185185185185186 0.5361111111111111 0.4 0.5090277777777777 0.4
3 0.5409722222222222 0.35185185185185186 0.5680555555555555 0.35185185185185186 0.5680555555555555 0.4 0.5409722222222222 0.4
6 0.5736111111111111 0.35185185185185186 0.5930555555555556 0.35185185185185186 0.5930555555555556 0.4009259259259259 0.5736111111111111 0.4009259259259259
5 0.6006944444444444 0.35185185185185186 0.6201388888888889 0.35185185185185186 0.6201388888888889 0.40185185185185185 0.6006944444444444 0.40185185185185185
23 0.625 0.35185185185185186 0.6520833333333333 0.35185185185185186 0.6520833333333333 0.4009259259259259 0.625 0.4009259259259259
19 0.6590277777777778 0.35185185185185186 0.6861111111111111 0.35185185185185186 0.6861111111111111 0.4009259259259259 0.6590277777777778 0.4009259259259259
