0 0.2923611111111111 0.22314814814814815 0.3194444444444445 0.22314814814814815 0.3194444444444445 0.27222222222222225 0.2923611111111111 0.27222222222222225
2 0.325 0.22314814814814815 0.34444444444444444 0.22314814814814815 0.34444444444444444 0.27222222222222225 0.325 0.27222222222222225
37 0.35208333333333336 0.22314814814814815 0.3791666666666667 0.22314814814814815 0.3791666666666667 0.25925925925925924 0.35208333333333336 0.25925925925925924
0 0.38680555555555557 0.22314814814814815 0.40625 0.22314814814814815 0.40625 0.27314814814814814 0.38680555555555557 0.27314814814814814
5 0.4111111111111111 0.22314814814814815 0.43819444444444444 0.22314814814814815 0.43819444444444444 0.2712962962962963 0.4111111111111111 0.2712962962962963
37 0.4465277777777778 0.22314814814814815 0.47361111111111115 0.22314814814814815 0.47361111111111115 0.25833333333333336 0.4465277777777778 0.25833333333333336
2 0.48194444444444445 0.22314814814814815 0.5090277777777777 0.22314814814814815 0.5090277777777777 0.27222222222222225 0.48194444444444445 0.27222222222222225
0 0.5145833333333333 0.22314814814814815 0.5416666666666666 0.22314814814814815 0.5416666666666666 0.2712962962962963 0.5145833333333333 0.2712962962962963
2 0.55 0.22314814814814815 0.5694444444444445 0.22314814814814815 0.5694444444444445 0.27222222222222225 0.55 0.27222222222222225
5 0.5763888888888888 0.22314814814814815 0.5958333333333333 0.22314814814814815 0.5958333333333333 0.27314814814814814 0.5763888888888888 0.27314814814814814
2 0.6381944444444444 0.22314814814814815 0.6652777777777777 0.22314814814814815 0.6652777777777777 0.27222222222222225 0.6381944444444444 0.27222222222222225
1 0.6708333333333333 0.22314814814814815 0.6881944444444444 0.22314814814814815 0.6881944444444444 0.2712962962962963 0.6708333333333333 0.2712962962962963
36 0.6965277777777777 0.22314814814814815 0.7090277777777777 0.22314814814814815 0.7090277777777777 0.25925925925925924 0.6965277777777777 0.25925925925925924
5 0.7173611111111111 0.22314814814814815 0.7444444444444445 0.22314814814814815 0.7444444444444445 0.2712962962962963 0.7173611111111111 0.2712962962962963
9 0.7493055555555556 0.22314814814814815 0.7763888888888889 0.22314814814814815 0.7763888888888889 0.2712962962962963 0.7493055555555556 0.2712962962962963
1 0.36875 0.287962962962963 0.3861111111111111 0.287962962962963 0.3861111111111111 0.33611111111111114 0.36875 0.33611111111111114
8 0.39375 0.287962962962963 0.42083333333333334 0.287962962962963 0.42083333333333334 0.33611111111111114 0.39375 0.33611111111111114
37 0.42777777777777776 0.287962962962963 0.44999999999999996 0.287962962962963 0.44999999999999996 0.3175925925925926 0.42777777777777776 0.3175925925925926
0 0.4583333333333333 0.287962962962963 0.47777777777777775 0.287962962962963 0.47777777777777775 0.33796296296296297 0.4583333333333333 0.33796296296296297
8 0.48333333333333334 0.287962962962963 0.5104166666666666 0.287962962962963 0.5104166666666666 0.33611111111111114 0.48333333333333334 0.33611111111111114
37 0.5152777777777777 0.287962962962963 0.5423611111111111 0.287962962962963 0.5423611111111111 0.32407407407407407 0.5152777777777777 0.32407407407407407
2 0.5486111111111112 0.287962962962963 0.5756944444444445 0.287962962962963 0.5756944444444445 0.33611111111111114 0.5486111111111112 0.33611111111111114
0 0.5840277777777778 0.287962962962963 0.6111111111111112 0.287962962962963 0.6111111111111112 0.33611111111111114 0.5840277777777778 0.33611111111111114
2 0.6159722222222223 0.287962962962963 0.6430555555555556 0.287962962962963 0.6430555555555556 0.33611111111111114 0.6159722222222223 0.33611111111111114
5 0.6493055555555556 0.287962962962963 0.6763888888888889 0.287962962962963 0.6763888888888889 0.337037037037037 0.6493055555555556 0.337037037037037
2 0.36875 0.3527777777777778 0.39583333333333337 0.3527777777777778 0.39583333333333337 0.40092592592592596 0.36875 0.40092592592592596
1 0.4041666666666667 0.3527777777777778 0.41805555555555557 0.3527777777777778 0.41805555555555557 0.4018518518518519 0.4041666666666667 0.4018518518518519
1 0.425 0.3527777777777778 0.4375 0.3527777777777778 0.4375 0.4018518518518519 0.425 0.4018518518518519
4 0.44583333333333336 0.3527777777777778 0.4652777777777778 0.3527777777777778 0.4652777777777778 0.4018518518518519 0.44583333333333336 0.4018518518518519
5 0.47152777777777777 0.3527777777777778 0.4986111111111111 0.3527777777777778 0.4986111111111111 0.40092592592592596 0.47152777777777777 0.40092592592592596
9 0.50625 0.3527777777777778 0.5256944444444445 0.3527777777777778 0.5256944444444445 0.4018518518518519 0.50625 0.4018518518518519
4 0.5305555555555556 0.3527777777777778 0.55 0.3527777777777778 0.55 0.4018518518518519 0.5305555555555556 0.4018518518518519
8 0.5583333333333333 0.3527777777777778 0.5854166666666667 0.3527777777777778 0.5854166666666667 0.40092592592592596 0.5583333333333333 0.40092592592592596
11 0.5923611111111111 0.3527777777777778 0.6194444444444445 0.3527777777777778 0.6194444444444445 0.40092592592592596 0.5923611111111111 0.40092592592592596
22 0.6263888888888889 0.3527777777777778 0.6458333333333334 0.3527777777777778 0.6458333333333334 0.4018518518518519 0.6263888888888889 0.4018518518518519
