0 0.3104166666666667 0.23425925925925925 0.3375 0.23425925925925925 0.3375 0.2824074074074074 0.3104166666666667 0.2824074074074074
9 0.34444444444444444 0.23425925925925925 0.3638888888888889 0.23425925925925925 0.3638888888888889 0.2833333333333333 0.34444444444444444 0.2833333333333333
37 0.37083333333333335 0.23425925925925925 0.3979166666666667 0.23425925925925925 0.3979166666666667 0.27037037037037037 0.37083333333333335 0.27037037037037037
0 0.4041666666666667 0.23425925925925925 0.43125 0.23425925925925925 0.43125 0.2824074074074074 0.4041666666666667 0.2824074074074074
8 0.4361111111111111 0.23425925925925925 0.45555555555555555 0.23425925925925925 0.45555555555555555 0.2833333333333333 0.4361111111111111 0.2833333333333333
37 0.4618055555555556 0.23425925925925925 0.48888888888888893 0.23425925925925925 0.48888888888888893 0.27037037037037037 0.4618055555555556 0.27037037037037037
2 0.4965277777777778 0.23425925925925925 0.5236111111111111 0.23425925925925925 0.5236111111111111 0.2824074074074074 0.4965277777777778 0.2824074074074074
0 0.5319444444444444 0.23425925925925925 0.5590277777777778 0.23425925925925925 0.5590277777777778 0.2833333333333333 0.5319444444444444 0.2833333333333333
2 0.5652777777777778 0.23425925925925925 0.5923611111111111 0.23425925925925925 0.5923611111111111 0.2824074074074074 0.5652777777777778 0.2824074074074074
5 0.6 0.23425925925925925 0.6194444444444445 0.23425925925925925 0.6194444444444445 0.2833333333333333 0.6 0.2833333333333333
0 0.6555555555555556 0.23425925925925925 0.675 0.23425925925925925 0.675 0.2833333333333333 0.6555555555555556 0.2833333333333333
9 0.6826388888888889 0.23425925925925925 0.7020833333333334 0.23425925925925925 0.7020833333333334 0.2833333333333333 0.6826388888888889 0.2833333333333333
36 0.7090277777777778 0.23425925925925925 0.7215277777777778 0.23425925925925925 0.7215277777777778 0.27037037037037037 0.7090277777777778 0.27037037037037037
3 0.7263888888888889 0.23425925925925925 0.7534722222222222 0.23425925925925925 0.7534722222222222 0.2824074074074074 0.7263888888888889 0.2824074074074074
9 0.7597222222222222 0.23425925925925925 0.7791666666666667 0.23425925925925925 0.7791666666666667 0.2833333333333333 0.7597222222222222 0.2833333333333333
1 0.38680555555555557 0.29907407407407405 0.4041666666666667 0.29907407407407405 0.4041666666666667 0.3481481481481481 0.38680555555555557 0.3481481481481481
5 0.4097222222222222 0.29907407407407405 0.42916666666666664 0.29907407407407405 0.42916666666666664 0.3481481481481481 0.4097222222222222 0.3481481481481481
37 0.43680555555555556 0.29907407407407405 0.4638888888888889 0.29907407407407405 0.4638888888888889 0.33518518518518514 0.43680555555555556 0.33518518518518514
0 0.47152777777777777 0.29907407407407405 0.4986111111111111 0.29907407407407405 0.4986111111111111 0.3472222222222222 0.47152777777777777 0.3472222222222222
7 0.5048611111111111 0.29907407407407405 0.5243055555555556 0.29907407407407405 0.5243055555555556 0.3481481481481481 0.5048611111111111 0.3481481481481481
37 0.5319444444444444 0.29907407407407405 0.5590277777777778 0.29907407407407405 0.5590277777777778 0.33425925925925926 0.5319444444444444 0.33425925925925926
2 0.5673611111111111 0.29907407407407405 0.5944444444444444 0.29907407407407405 0.5944444444444444 0.3472222222222222 0.5673611111111111 0.3472222222222222
0 0.6 0.29907407407407405 0.6194444444444445 0.29907407407407405 0.6194444444444445 0.3481481481481481 0.6 0.3481481481481481
2 0.6277777777777778 0.29907407407407405 0.6472222222222223 0.29907407407407405 0.6472222222222223 0.34907407407407404 0.6277777777777778 0.34907407407407404
5 0.6548611111111111 0.29907407407407405 0.6743055555555556 0.29907407407407405 0.6743055555555556 0.3481481481481481 0.6548611111111111 0.3481481481481481
7 0.38680555555555557 0.3638888888888889 0.4138888888888889 0.3638888888888889 0.4138888888888889 0.41203703703703703 0.38680555555555557 0.41203703703703703
9 0.42083333333333334 0.3638888888888889 0.44027777777777777 0.3638888888888889 0.44027777777777777 0.41388888888888886 0.42083333333333334 0.41388888888888886
1 0.44513888888888886 0.3638888888888889 0.46249999999999997 0.3638888888888889 0.46249999999999997 0.412962962962963 0.44513888888888886 0.412962962962963
6 0.4708333333333333 0.3638888888888889 0.49027777777777776 0.3638888888888889 0.49027777777777776 0.412962962962963 0.4708333333333333 0.412962962962963
9 0.4951388888888889 0.3638888888888889 0.5145833333333334 0.3638888888888889 0.5145833333333334 0.412962962962963 0.4951388888888889 0.412962962962963
4 0.5194444444444445 0.3638888888888889 0.5465277777777778 0.3638888888888889 0.5465277777777778 0.41203703703703703 0.5194444444444445 0.41203703703703703
8 0.5534722222222223 0.3638888888888889 0.5805555555555556 0.3638888888888889 0.5805555555555556 0.41203703703703703 0.5534722222222223 0.41203703703703703
3 0.5861111111111111 0.3638888888888889 0.6131944444444445 0.3638888888888889 0.6131944444444445 0.41203703703703703 0.5861111111111111 0.41203703703703703
17 0.6201388888888889 0.3638888888888889 0.6395833333333334 0.3638888888888889 0.6395833333333334 0.41388888888888886 0.6201388888888889 0.41388888888888886
29 0.6444444444444445 0.3638888888888889 0.6715277777777778 0.3638888888888889 0.6715277777777778 0.41203703703703703 0.6444444444444445 0.41203703703703703
