2 0.30694444444444446 0.22870370370370371 0.3263888888888889 0.22870370370370371 0.3263888888888889 0.2777777777777778 0.30694444444444446 0.2777777777777778
5 0.33125 0.22870370370370371 0.35833333333333334 0.22870370370370371 0.35833333333333334 0.27685185185185185 0.33125 0.27685185185185185
37 0.3645833333333333 0.22870370370370371 0.39166666666666666 0.22870370370370371 0.39166666666666666 0.26481481481481484 0.3645833333333333 0.26481481481481484
1 0.39791666666666664 0.22870370370370371 0.41041666666666665 0.22870370370370371 0.41041666666666665 0.27870370370370373 0.39791666666666664 0.27870370370370373
0 0.4166666666666667 0.22870370370370371 0.44375000000000003 0.22870370370370371 0.44375000000000003 0.27685185185185185 0.4166666666666667 0.27685185185185185
37 0.44930555555555557 0.22870370370370371 0.4763888888888889 0.22870370370370371 0.4763888888888889 0.26481481481481484 0.44930555555555557 0.26481481481481484
2 0.4826388888888889 0.22870370370370371 0.5097222222222222 0.22870370370370371 0.5097222222222222 0.27685185185185185 0.4826388888888889 0.27685185185185185
0 0.5180555555555556 0.22870370370370371 0.545138888888889 0.22870370370370371 0.545138888888889 0.27685185185185185 0.5180555555555556 0.27685185185185185
2 0.5534722222222223 0.22870370370370371 0.5729166666666667 0.22870370370370371 0.5729166666666667 0.2777777777777778 0.5534722222222223 0.2777777777777778
5 0.58125 0.22870370370370371 0.6083333333333334 0.22870370370370371 0.6083333333333334 0.27685185185185185 0.58125 0.27685185185185185
0 0.6506944444444445 0.22870370370370371 0.6777777777777778 0.22870370370370371 0.6777777777777778 0.27685185185185185 0.6506944444444445 0.27685185185185185
7 0.6861111111111111 0.22870370370370371 0.7055555555555556 0.22870370370370371 0.7055555555555556 0.2777777777777778 0.6861111111111111 0.2777777777777778
36 0.7125 0.22870370370370371 0.725 0.22870370370370371 0.725 0.26481481481481484 0.7125 0.26481481481481484
1 0.7319444444444444 0.22870370370370371 0.7493055555555556 0.22870370370370371 0.7493055555555556 0.2777777777777778 0.7319444444444444 0.2777777777777778
2 0.7576388888888889 0.22870370370370371 0.7847222222222222 0.22870370370370371 0.7847222222222222 0.2777777777777778 0.7576388888888889 0.2777777777777778
1 0.38333333333333336 0.2935185185185185 0.40069444444444446 0.2935185185185185 0.40069444444444446 0.34259259259259256 0.38333333333333336 0.34259259259259256
6 0.40902777777777777 0.2935185185185185 0.4284722222222222 0.2935185185185185 0.4284722222222222 0.34259259259259256 0.40902777777777777 0.34259259259259256
37 0.43680555555555556 0.2935185185185185 0.4638888888888889 0.2935185185185185 0.4638888888888889 0.3296296296296296 0.43680555555555556 0.3296296296296296
0 0.4722222222222222 0.2935185185185185 0.49166666666666664 0.2935185185185185 0.49166666666666664 0.3435185185185185 0.4722222222222222 0.3435185185185185
5 0.49722222222222223 0.2935185185185185 0.5243055555555556 0.2935185185185185 0.5243055555555556 0.3416666666666667 0.49722222222222223 0.3416666666666667
37 0.5291666666666667 0.2935185185185185 0.55625 0.2935185185185185 0.55625 0.3296296296296296 0.5291666666666667 0.3296296296296296
2 0.5631944444444444 0.2935185185185185 0.5902777777777778 0.2935185185185185 0.5902777777777778 0.3416666666666667 0.5631944444444444 0.3416666666666667
0 0.5972222222222222 0.2935185185185185 0.6166666666666667 0.2935185185185185 0.6166666666666667 0.34259259259259256 0.5972222222222222 0.34259259259259256
2 0.625 0.2935185185185185 0.6444444444444445 0.2935185185185185 0.6444444444444445 0.3435185185185185 0.625 0.3435185185185185
5 0.6493055555555556 0.2935185185185185 0.6763888888888889 0.2935185185185185 0.6763888888888889 0.3416666666666667 0.6493055555555556 0.3416666666666667
9 0.38333333333333336 0.35833333333333334 0.4104166666666667 0.35833333333333334 0.4104166666666667 0.4064814814814815 0.38333333333333336 0.4064814814814815
4 0.41805555555555557 0.35833333333333334 0.4375 0.35833333333333334 0.4375 0.40740740740740744 0.41805555555555557 0.40740740740740744
0 0.44305555555555554 0.35833333333333334 0.4701388888888889 0.35833333333333334 0.4701388888888889 0.4064814814814815 0.44305555555555554 0.4064814814814815
0 0.475 0.35833333333333334 0.5020833333333333 0.35833333333333334 0.5020833333333333 0.40740740740740744 0.475 0.40740740740740744
4 0.5097222222222222 0.35833333333333334 0.5368055555555555 0.35833333333333334 0.5368055555555555 0.4064814814814815 0.5097222222222222 0.4064814814814815
4 0.5430555555555555 0.35833333333333334 0.5625 0.35833333333333334 0.5625 0.4064814814814815 0.5430555555555555 0.4064814814814815
8 0.56875 0.35833333333333334 0.5881944444444445 0.35833333333333334 0.5881944444444445 0.40740740740740744 0.56875 0.40740740740740744
6 0.5951388888888889 0.35833333333333334 0.6145833333333334 0.35833333333333334 0.6145833333333334 0.40740740740740744 0.5951388888888889 0.40740740740740744
33 0.6229166666666667 0.35833333333333334 0.6423611111111112 0.35833333333333334 0.6423611111111112 0.40740740740740744 0.6229166666666667 0.40740740740740744
23 0.6493055555555556 0.35833333333333334 0.6763888888888889 0.35833333333333334 0.6763888888888889 0.4064814814814815 0.6493055555555556 0.4064814814814815
