1 0.2916666666666667 0.22314814814814815 0.3041666666666667 0.22314814814814815 0.3041666666666667 0.27222222222222225 0.2916666666666667 0.27222222222222225
7 0.3090277777777778 0.22314814814814815 0.3284722222222222 0.22314814814814815 0.3284722222222222 0.27222222222222225 0.3090277777777778 0.27222222222222225
37 0.33611111111111114 0.22314814814814815 0.3631944444444445 0.22314814814814815 0.3631944444444445 0.25925925925925924 0.33611111111111114 0.25925925925925924
0 0.3715277777777778 0.22314814814814815 0.39861111111111114 0.22314814814814815 0.39861111111111114 0.27222222222222225 0.3715277777777778 0.27222222222222225
5 0.40347222222222223 0.22314814814814815 0.4305555555555556 0.22314814814814815 0.4305555555555556 0.2712962962962963 0.40347222222222223 0.2712962962962963
37 0.4354166666666667 0.22314814814814815 0.4625 0.22314814814814815 0.4625 0.25925925925925924 0.4354166666666667 0.25925925925925924
2 0.46875 0.22314814814814815 0.49583333333333335 0.22314814814814815 0.49583333333333335 0.27222222222222225 0.46875 0.27222222222222225
0 0.5027777777777778 0.22314814814814815 0.5298611111111111 0.22314814814814815 0.5298611111111111 0.2712962962962963 0.5027777777777778 0.2712962962962963
2 0.5375 0.22314814814814815 0.5645833333333333 0.22314814814814815 0.5645833333333333 0.27222222222222225 0.5375 0.27222222222222225
5 0.5701388888888889 0.22314814814814815 0.5895833333333333 0.22314814814814815 0.5895833333333333 0.27222222222222225 0.5701388888888889 0.27222222222222225
1 0.6298611111111111 0.22314814814814815 0.6472222222222223 0.22314814814814815 0.6472222222222223 0.2712962962962963 0.6298611111111111 0.2712962962962963
6 0.6520833333333333 0.22314814814814815 0.6715277777777778 0.22314814814814815 0.6715277777777778 0.27222222222222225 0.6520833333333333 0.27222222222222225
36 0.6791666666666667 0.22314814814814815 0.6902777777777778 0.22314814814814815 0.6902777777777778 0.25925925925925924 0.6791666666666667 0.25925925925925924
0 0.6951388888888889 0.22314814814814815 0.7222222222222222 0.22314814814814815 0.7222222222222222 0.2712962962962963 0.6951388888888889 0.2712962962962963
5 0.7270833333333333 0.22314814814814815 0.7465277777777778 0.22314814814814815 0.7465277777777778 0.27222222222222225 0.7270833333333333 0.27222222222222225
1 0.3680555555555556 0.287962962962963 0.3805555555555556 0.287962962962963 0.3805555555555556 0.337037037037037 0.3680555555555556 0.337037037037037
5 0.3854166666666667 0.287962962962963 0.4048611111111111 0.287962962962963 0.4048611111111111 0.337037037037037 0.3854166666666667 0.337037037037037
37 0.41041666666666665 0.287962962962963 0.4375 0.287962962962963 0.4375 0.32407407407407407 0.41041666666666665 0.32407407407407407
0 0.44305555555555554 0.287962962962963 0.4701388888888889 0.287962962962963 0.4701388888888889 0.33611111111111114 0.44305555555555554 0.33611111111111114
1 0.4777777777777778 0.287962962962963 0.4951388888888889 0.287962962962963 0.4951388888888889 0.33611111111111114 0.4777777777777778 0.33611111111111114
37 0.5020833333333333 0.287962962962963 0.5291666666666667 0.287962962962963 0.5291666666666667 0.32407407407407407 0.5020833333333333 0.32407407407407407
2 0.5340277777777778 0.287962962962963 0.5534722222222223 0.287962962962963 0.5534722222222223 0.337037037037037 0.5340277777777778 0.337037037037037
0 0.5604166666666667 0.287962962962963 0.5875 0.287962962962963 0.5875 0.33611111111111114 0.5604166666666667 0.33611111111111114
2 0.5923611111111111 0.287962962962963 0.6194444444444445 0.287962962962963 0.6194444444444445 0.337037037037037 0.5923611111111111 0.337037037037037
5 0.6256944444444444 0.287962962962963 0.6527777777777778 0.287962962962963 0.6527777777777778 0.33611111111111114 0.6256944444444444 0.33611111111111114
2 0.3680555555555556 0.3527777777777778 0.39513888888888893 0.3527777777777778 0.39513888888888893 0.4018518518518519 0.3680555555555556 0.4018518518518519
2 0.40347222222222223 0.3527777777777778 0.4305555555555556 0.3527777777777778 0.4305555555555556 0.40092592592592596 0.40347222222222223 0.40092592592592596
2 0.43819444444444444 0.3527777777777778 0.4652777777777778 0.3527777777777778 0.4652777777777778 0.40092592592592596 0.43819444444444444 0.40092592592592596
4 0.4708333333333333 0.3527777777777778 0.4979166666666667 0.3527777777777778 0.4979166666666667 0.40092592592592596 0.4708333333333333 0.40092592592592596
4 0.5034722222222222 0.3527777777777778 0.5305555555555556 0.3527777777777778 0.5305555555555556 0.40092592592592596 0.5034722222222222 0.40092592592592596
0 0.5388888888888889 0.3527777777777778 0.5583333333333333 0.3527777777777778 0.5583333333333333 0.4018518518518519 0.5388888888888889 0.4018518518518519
0 0.5666666666666667 0.3527777777777778 0.59375 0.3527777777777778 0.59375 0.4018518518518519 0.5666666666666667 0.4018518518518519
1 0.6020833333333333 0.3527777777777778 0.6145833333333333 0.3527777777777778 0.6145833333333333 0.4018518518518519 0.6020833333333333 0.4018518518518519
20 0.6229166666666667 0.3527777777777778 0.65 0.3527777777777778 0.65 0.40092592592592596 0.6229166666666667 0.40092592592592596
18 0.6555555555555556 0.3527777777777778 0.6729166666666667 0.3527777777777778 0.6729166666666667 0.40092592592592596 0.6555555555555556 0.40092592592592596
