0 0.3090277777777778 0.2222222222222222 0.33611111111111114 0.2222222222222222 0.33611111111111114 0.27037037037037037 0.3090277777777778 0.27037037037037037
9 0.34305555555555556 0.2222222222222222 0.3625 0.2222222222222222 0.3625 0.27129629629629626 0.34305555555555556 0.27129629629629626
37 0.36944444444444446 0.2222222222222222 0.39166666666666666 0.2222222222222222 0.39166666666666666 0.2518518518518518 0.36944444444444446 0.2518518518518518
0 0.3993055555555556 0.2222222222222222 0.42638888888888893 0.2222222222222222 0.42638888888888893 0.27037037037037037 0.3993055555555556 0.27037037037037037
4 0.43472222222222223 0.2222222222222222 0.45416666666666666 0.2222222222222222 0.45416666666666666 0.2722222222222222 0.43472222222222223 0.2722222222222222
37 0.4618055555555556 0.2222222222222222 0.4840277777777778 0.2222222222222222 0.4840277777777778 0.2518518518518518 0.4618055555555556 0.2518518518518518
2 0.4895833333333333 0.2222222222222222 0.5166666666666666 0.2222222222222222 0.5166666666666666 0.27129629629629626 0.4895833333333333 0.27129629629629626
0 0.5236111111111111 0.2222222222222222 0.5430555555555556 0.2222222222222222 0.5430555555555556 0.2722222222222222 0.5236111111111111 0.2722222222222222
2 0.55 0.2222222222222222 0.5770833333333334 0.2222222222222222 0.5770833333333334 0.27037037037037037 0.55 0.27037037037037037
5 0.5833333333333334 0.2222222222222222 0.6104166666666667 0.2222222222222222 0.6104166666666667 0.27037037037037037 0.5833333333333334 0.27037037037037037
0 0.6520833333333333 0.2222222222222222 0.6791666666666667 0.2222222222222222 0.6791666666666667 0.27037037037037037 0.6520833333333333 0.27037037037037037
4 0.6875 0.2222222222222222 0.7145833333333333 0.2222222222222222 0.7145833333333333 0.27037037037037037 0.6875 0.27037037037037037
36 0.7194444444444444 0.2222222222222222 0.7305555555555555 0.2222222222222222 0.7305555555555555 0.2583333333333333 0.7194444444444444 0.2583333333333333
1 0.7375 0.2222222222222222 0.7548611111111112 0.2222222222222222 0.7548611111111112 0.2638888888888889 0.7375 0.2638888888888889
9 0.7625 0.2222222222222222 0.7895833333333333 0.2222222222222222 0.7895833333333333 0.27037037037037037 0.7625 0.27037037037037037
1 0.3854166666666667 0.28703703703703703 0.4027777777777778 0.28703703703703703 0.4027777777777778 0.3351851851851852 0.3854166666666667 0.3351851851851852
5 0.4111111111111111 0.28703703703703703 0.43819444444444444 0.28703703703703703 0.43819444444444444 0.3351851851851852 0.4111111111111111 0.3351851851851852
37 0.44305555555555554 0.28703703703703703 0.4701388888888889 0.28703703703703703 0.4701388888888889 0.32314814814814813 0.44305555555555554 0.32314814814814813
1 0.47708333333333336 0.28703703703703703 0.48958333333333337 0.28703703703703703 0.48958333333333337 0.33611111111111114 0.47708333333333336 0.33611111111111114
0 0.4965277777777778 0.28703703703703703 0.5236111111111111 0.28703703703703703 0.5236111111111111 0.3351851851851852 0.4965277777777778 0.3351851851851852
37 0.5319444444444444 0.28703703703703703 0.5590277777777778 0.28703703703703703 0.5590277777777778 0.32222222222222224 0.5319444444444444 0.32222222222222224
2 0.5645833333333333 0.28703703703703703 0.5916666666666667 0.28703703703703703 0.5916666666666667 0.3351851851851852 0.5645833333333333 0.3351851851851852
0 0.5979166666666667 0.28703703703703703 0.6173611111111111 0.28703703703703703 0.6173611111111111 0.33611111111111114 0.5979166666666667 0.33611111111111114
2 0.625 0.28703703703703703 0.6520833333333333 0.28703703703703703 0.6520833333333333 0.3351851851851852 0.625 0.3351851851851852
5 0.6597222222222222 0.28703703703703703 0.6791666666666667 0.28703703703703703 0.6791666666666667 0.33611111111111114 0.6597222222222222 0.33611111111111114
8 0.3854166666666667 0.35185185185185186 0.41250000000000003 0.35185185185185186 0.41250000000000003 0.4 0.3854166666666667 0.4
8 0.42083333333333334 0.35185185185185186 0.44027777777777777 0.35185185185185186 0.44027777777777777 0.40185185185185185 0.42083333333333334 0.40185185185185185
3 0.4479166666666667 0.35185185185185186 0.47500000000000003 0.35185185185185186 0.47500000000000003 0.4 0.4479166666666667 0.4
4 0.4826388888888889 0.35185185185185186 0.5097222222222222 0.35185185185185186 0.5097222222222222 0.4 0.4826388888888889 0.4
9 0.5173611111111112 0.35185185185185186 0.5368055555555556 0.35185185185185186 0.5368055555555556 0.4009259259259259 0.5173611111111112 0.4009259259259259
9 0.54375 0.35185185185185186 0.5708333333333333 0.35185185185185186 0.5708333333333333 0.4 0.54375 0.4
9 0.5791666666666667 0.35185185185185186 0.5986111111111112 0.35185185185185186 0.5986111111111112 0.4009259259259259 0.5791666666666667 0.4009259259259259
6 0.60625 0.35185185185185186 0.6256944444444444 0.35185185185185186 0.6256944444444444 0.4009259259259259 0.60625 0.4009259259259259
24 0.6319444444444444 0.35185185185185186 0.6513888888888889 0.35185185185185186 0.6513888888888889 0.4009259259259259 0.6319444444444444 0.4009259259259259
26 0.6597222222222222 0.35185185185185186 0.6868055555555556 0.35185185185185186 0.6868055555555556 0.4 0.6597222222222222 0.4
