1 0.3 0.23703703703703705 0.3173611111111111 0.23703703703703705 0.3173611111111111 0.2851851851851852 0.3 0.2851851851851852
8 0.32569444444444445 0.23703703703703705 0.3527777777777778 0.23703703703703705 0.3527777777777778 0.2851851851851852 0.32569444444444445 0.2851851851851852
37 0.3611111111111111 0.23703703703703705 0.38819444444444445 0.23703703703703705 0.38819444444444445 0.27314814814814814 0.3611111111111111 0.27314814814814814
1 0.3951388888888889 0.23703703703703705 0.4125 0.23703703703703705 0.4125 0.2851851851851852 0.3951388888888889 0.2851851851851852
2 0.4201388888888889 0.23703703703703705 0.4395833333333333 0.23703703703703705 0.4395833333333333 0.2861111111111111 0.4201388888888889 0.2861111111111111
37 0.44722222222222224 0.23703703703703705 0.4743055555555556 0.23703703703703705 0.4743055555555556 0.27314814814814814 0.44722222222222224 0.27314814814814814
2 0.4826388888888889 0.23703703703703705 0.5097222222222222 0.23703703703703705 0.5097222222222222 0.2851851851851852 0.4826388888888889 0.2851851851851852
0 0.5173611111111112 0.23703703703703705 0.5444444444444445 0.23703703703703705 0.5444444444444445 0.2851851851851852 0.5173611111111112 0.2851851851851852
2 0.55 0.23703703703703705 0.5770833333333334 0.23703703703703705 0.5770833333333334 0.2861111111111111 0.55 0.2861111111111111
4 0.5826388888888889 0.23703703703703705 0.6097222222222223 0.23703703703703705 0.6097222222222223 0.2861111111111111 0.5826388888888889 0.2861111111111111
1 0.65 0.23703703703703705 0.6673611111111112 0.23703703703703705 0.6673611111111112 0.2851851851851852 0.65 0.2851851851851852
7 0.6756944444444445 0.23703703703703705 0.7027777777777778 0.23703703703703705 0.7027777777777778 0.2861111111111111 0.6756944444444445 0.2861111111111111
36 0.7083333333333334 0.23703703703703705 0.7208333333333333 0.23703703703703705 0.7208333333333333 0.27314814814814814 0.7083333333333334 0.27314814814814814
5 0.7291666666666666 0.23703703703703705 0.7486111111111111 0.23703703703703705 0.7486111111111111 0.28703703703703703 0.7291666666666666 0.28703703703703703
8 0.7569444444444444 0.23703703703703705 0.7840277777777778 0.23703703703703705 0.7840277777777778 0.2861111111111111 0.7569444444444444 0.2861111111111111
1 0.3763888888888889 0.30185185185185187 0.39375 0.30185185185185187 0.39375 0.35000000000000003 0.3763888888888889 0.35000000000000003
2 0.40069444444444446 0.30185185185185187 0.4277777777777778 0.30185185185185187 0.4277777777777778 0.35000000000000003 0.40069444444444446 0.35000000000000003
37 0.43472222222222223 0.30185185185185187 0.4618055555555556 0.30185185185185187 0.4618055555555556 0.3370370370370371 0.43472222222222223 0.3370370370370371
1 0.46944444444444444 0.30185185185185187 0.48194444444444445 0.30185185185185187 0.48194444444444445 0.35185185185185186 0.46944444444444444 0.35185185185185186
0 0.48680555555555555 0.30185185185185187 0.5138888888888888 0.30185185185185187 0.5138888888888888 0.35000000000000003 0.48680555555555555 0.35000000000000003
37 0.5222222222222223 0.30185185185185187 0.5493055555555556 0.30185185185185187 0.5493055555555556 0.33796296296296297 0.5222222222222223 0.33796296296296297
2 0.5541666666666667 0.30185185185185187 0.58125 0.30185185185185187 0.58125 0.35000000000000003 0.5541666666666667 0.35000000000000003
0 0.5861111111111111 0.30185185185185187 0.6131944444444445 0.30185185185185187 0.6131944444444445 0.35000000000000003 0.5861111111111111 0.35000000000000003
2 0.6201388888888889 0.30185185185185187 0.6472222222222223 0.30185185185185187 0.6472222222222223 0.35000000000000003 0.6201388888888889 0.35000000000000003
5 0.6527777777777778 0.30185185185185187 0.6798611111111111 0.30185185185185187 0.6798611111111111 0.35000000000000003 0.6527777777777778 0.35000000000000003
9 0.3763888888888889 0.36666666666666664 0.3958333333333333 0.36666666666666664 0.3958333333333333 0.41574074074074074 0.3763888888888889 0.41574074074074074
5 0.40347222222222223 0.36666666666666664 0.42291666666666666 0.36666666666666664 0.42291666666666666 0.41574074074074074 0.40347222222222223 0.41574074074074074
5 0.4284722222222222 0.36666666666666664 0.45555555555555555 0.36666666666666664 0.45555555555555555 0.4148148148148148 0.4284722222222222 0.4148148148148148
3 0.46041666666666664 0.36666666666666664 0.4875 0.36666666666666664 0.4875 0.4148148148148148 0.46041666666666664 0.4148148148148148
6 0.49583333333333335 0.36666666666666664 0.5152777777777778 0.36666666666666664 0.5152777777777778 0.41574074074074074 0.49583333333333335 0.41574074074074074
4 0.5215277777777778 0.36666666666666664 0.5409722222222223 0.36666666666666664 0.5409722222222223 0.41574074074074074 0.5215277777777778 0.41574074074074074
0 0.5486111111111112 0.36666666666666664 0.5756944444444445 0.36666666666666664 0.5756944444444445 0.4148148148148148 0.5486111111111112 0.4148148148148148
3 0.5840277777777778 0.36666666666666664 0.6111111111111112 0.36666666666666664 0.6111111111111112 0.4148148148148148 0.5840277777777778 0.4148148148148148
29 0.6173611111111111 0.36666666666666664 0.6368055555555556 0.36666666666666664 0.6368055555555556 0.41574074074074074 0.6173611111111111 0.41574074074074074
27 0.6451388888888889 0.36666666666666664 0.6722222222222223 0.36666666666666664 0.6722222222222223 0.4148148148148148 0.6451388888888889 0.4148148148148148
