2 0.28541666666666665 0.23796296296296296 0.3125 0.23796296296296296 0.3125 0.28703703703703703 0.28541666666666665 0.28703703703703703
2 0.31875 0.23796296296296296 0.3458333333333333 0.23796296296296296 0.3458333333333333 0.28703703703703703 0.31875 0.28703703703703703
37 0.3541666666666667 0.23796296296296296 0.38125000000000003 0.23796296296296296 0.38125000000000003 0.2740740740740741 0.3541666666666667 0.2740740740740741
0 0.38680555555555557 0.23796296296296296 0.4138888888888889 0.23796296296296296 0.4138888888888889 0.2861111111111111 0.38680555555555557 0.2861111111111111
6 0.4201388888888889 0.23796296296296296 0.4395833333333333 0.23796296296296296 0.4395833333333333 0.28703703703703703 0.4201388888888889 0.28703703703703703
37 0.44513888888888886 0.23796296296296296 0.4722222222222222 0.23796296296296296 0.4722222222222222 0.27314814814814814 0.44513888888888886 0.27314814814814814
2 0.47708333333333336 0.23796296296296296 0.5041666666666667 0.23796296296296296 0.5041666666666667 0.28703703703703703 0.47708333333333336 0.28703703703703703
0 0.5118055555555555 0.23796296296296296 0.5388888888888889 0.23796296296296296 0.5388888888888889 0.2861111111111111 0.5118055555555555 0.2861111111111111
2 0.54375 0.23796296296296296 0.5708333333333333 0.23796296296296296 0.5708333333333333 0.2861111111111111 0.54375 0.2861111111111111
5 0.5756944444444444 0.23796296296296296 0.5951388888888889 0.23796296296296296 0.5951388888888889 0.28703703703703703 0.5756944444444444 0.28703703703703703
1 0.6361111111111111 0.23796296296296296 0.6534722222222222 0.23796296296296296 0.6534722222222222 0.2861111111111111 0.6361111111111111 0.2861111111111111
8 0.6611111111111111 0.23796296296296296 0.6805555555555556 0.23796296296296296 0.6805555555555556 0.28703703703703703 0.6611111111111111 0.28703703703703703
36 0.6861111111111111 0.23796296296296296 0.6972222222222222 0.23796296296296296 0.6972222222222222 0.2740740740740741 0.6861111111111111 0.2740740740740741
5 0.7027777777777777 0.23796296296296296 0.7298611111111111 0.23796296296296296 0.7298611111111111 0.28703703703703703 0.7027777777777777 0.28703703703703703
1 0.7375 0.23796296296296296 0.75 0.23796296296296296 0.75 0.28703703703703703 0.7375 0.28703703703703703
1 0.36180555555555555 0.30277777777777776 0.37777777777777777 0.30277777777777776 0.37777777777777777 0.3509259259259259 0.36180555555555555 0.3509259259259259
3 0.38263888888888886 0.30277777777777776 0.4097222222222222 0.30277777777777776 0.4097222222222222 0.3509259259259259 0.38263888888888886 0.3509259259259259
37 0.4152777777777778 0.30277777777777776 0.44236111111111115 0.30277777777777776 0.44236111111111115 0.33888888888888885 0.4152777777777778 0.33888888888888885
1 0.45 0.30277777777777776 0.4673611111111111 0.30277777777777776 0.4673611111111111 0.35185185185185186 0.45 0.35185185185185186
2 0.4756944444444444 0.30277777777777776 0.5027777777777778 0.30277777777777776 0.5027777777777778 0.35185185185185186 0.4756944444444444 0.35185185185185186
37 0.5111111111111111 0.30277777777777776 0.5381944444444444 0.30277777777777776 0.5381944444444444 0.33888888888888885 0.5111111111111111 0.33888888888888885
2 0.54375 0.30277777777777776 0.5708333333333333 0.30277777777777776 0.5708333333333333 0.35185185185185186 0.54375 0.35185185185185186
0 0.5784722222222223 0.30277777777777776 0.6055555555555556 0.30277777777777776 0.6055555555555556 0.3509259259259259 0.5784722222222223 0.3509259259259259
2 0.6111111111111112 0.30277777777777776 0.6381944444444445 0.30277777777777776 0.6381944444444445 0.3509259259259259 0.6111111111111112 0.3509259259259259
4 0.6444444444444445 0.30277777777777776 0.663888888888889 0.30277777777777776 0.663888888888889 0.3509259259259259 0.6444444444444445 0.3509259259259259
2 0.36180555555555555 0.3675925925925926 0.3888888888888889 0.3675925925925926 0.3888888888888889 0.41574074074074074 0.36180555555555555 0.41574074074074074
0 0.3958333333333333 0.3675925925925926 0.42291666666666666 0.3675925925925926 0.42291666666666666 0.41574074074074074 0.3958333333333333 0.41574074074074074
0 0.42916666666666664 0.3675925925925926 0.45625 0.3675925925925926 0.45625 0.41666666666666663 0.42916666666666664 0.41666666666666663
3 0.46458333333333335 0.3675925925925926 0.4840277777777778 0.3675925925925926 0.4840277777777778 0.41666666666666663 0.46458333333333335 0.41666666666666663
8 0.4895833333333333 0.3675925925925926 0.5166666666666666 0.3675925925925926 0.5166666666666666 0.41574074074074074 0.4895833333333333 0.41574074074074074
1 0.5236111111111111 0.3675925925925926 0.5409722222222223 0.3675925925925926 0.5409722222222223 0.41574074074074074 0.5236111111111111 0.41574074074074074
2 0.5458333333333333 0.3675925925925926 0.5729166666666666 0.3675925925925926 0.5729166666666666 0.41666666666666663 0.5458333333333333 0.41666666666666663
0 0.5791666666666667 0.3675925925925926 0.6062500000000001 0.3675925925925926 0.6062500000000001 0.41574074074074074 0.5791666666666667 0.41574074074074074
25 0.6118055555555556 0.3675925925925926 0.638888888888889 0.3675925925925926 0.638888888888889 0.41574074074074074 0.6118055555555556 0.41574074074074074
30 0.6465277777777778 0.3675925925925926 0.6659722222222223 0.3675925925925926 0.6659722222222223 0.41666666666666663 0.6465277777777778 0.41666666666666663
