0 0.3104166666666667 0.23055555555555557 0.3375 0.23055555555555557 0.3375 0.27870370370370373 0.3104166666666667 0.27870370370370373
8 0.34375 0.23055555555555557 0.37083333333333335 0.23055555555555557 0.37083333333333335 0.27870370370370373 0.34375 0.27870370370370373
37 0.3784722222222222 0.23055555555555557 0.40555555555555556 0.23055555555555557 0.40555555555555556 0.2657407407407408 0.3784722222222222 0.2657407407407408
1 0.41041666666666665 0.23055555555555557 0.42291666666666666 0.23055555555555557 0.42291666666666666 0.2796296296296297 0.41041666666666665 0.2796296296296297
0 0.42777777777777776 0.23055555555555557 0.4548611111111111 0.23055555555555557 0.4548611111111111 0.2796296296296297 0.42777777777777776 0.2796296296296297
37 0.46041666666666664 0.23055555555555557 0.4875 0.23055555555555557 0.4875 0.26666666666666666 0.46041666666666664 0.26666666666666666
2 0.49375 0.23055555555555557 0.5208333333333334 0.23055555555555557 0.5208333333333334 0.2796296296296297 0.49375 0.2796296296296297
0 0.5270833333333333 0.23055555555555557 0.5541666666666667 0.23055555555555557 0.5541666666666667 0.27870370370370373 0.5270833333333333 0.27870370370370373
2 0.5625 0.23055555555555557 0.5895833333333333 0.23055555555555557 0.5895833333333333 0.27870370370370373 0.5625 0.27870370370370373
5 0.5965277777777778 0.23055555555555557 0.6236111111111111 0.23055555555555557 0.6236111111111111 0.27870370370370373 0.5965277777777778 0.27870370370370373
1 0.6673611111111111 0.23055555555555557 0.6847222222222222 0.23055555555555557 0.6847222222222222 0.27870370370370373 0.6673611111111111 0.27870370370370373
7 0.6902777777777778 0.23055555555555557 0.7173611111111111 0.23055555555555557 0.7173611111111111 0.27870370370370373 0.6902777777777778 0.27870370370370373
36 0.7236111111111111 0.23055555555555557 0.7347222222222222 0.23055555555555557 0.7347222222222222 0.26666666666666666 0.7236111111111111 0.26666666666666666
3 0.7423611111111111 0.23055555555555557 0.7694444444444445 0.23055555555555557 0.7694444444444445 0.27870370370370373 0.7423611111111111 0.27870370370370373
1 0.7743055555555556 0.23055555555555557 0.7916666666666667 0.23055555555555557 0.7916666666666667 0.2796296296296297 0.7743055555555556 0.2796296296296297
1 0.38680555555555557 0.2953703703703704 0.3993055555555556 0.2953703703703704 0.3993055555555556 0.34444444444444444 0.38680555555555557 0.34444444444444444
6 0.4041666666666667 0.2953703703703704 0.43125 0.2953703703703704 0.43125 0.34351851851851856 0.4041666666666667 0.34351851851851856
37 0.43680555555555556 0.2953703703703704 0.4638888888888889 0.2953703703703704 0.4638888888888889 0.3314814814814815 0.43680555555555556 0.3314814814814815
1 0.4722222222222222 0.2953703703703704 0.4895833333333333 0.2953703703703704 0.4895833333333333 0.34351851851851856 0.4722222222222222 0.34351851851851856
0 0.49444444444444446 0.2953703703703704 0.513888888888889 0.2953703703703704 0.513888888888889 0.34444444444444444 0.49444444444444446 0.34444444444444444
37 0.51875 0.2953703703703704 0.5458333333333334 0.2953703703703704 0.5458333333333334 0.3314814814814815 0.51875 0.3314814814814815
2 0.5506944444444445 0.2953703703703704 0.570138888888889 0.2953703703703704 0.570138888888889 0.34444444444444444 0.5506944444444445 0.34444444444444444
0 0.5763888888888888 0.2953703703703704 0.6034722222222222 0.2953703703703704 0.6034722222222222 0.34351851851851856 0.5763888888888888 0.34351851851851856
2 0.6104166666666667 0.2953703703703704 0.6298611111111112 0.2953703703703704 0.6298611111111112 0.3453703703703704 0.6104166666666667 0.3453703703703704
5 0.6381944444444444 0.2953703703703704 0.6576388888888889 0.2953703703703704 0.6576388888888889 0.34444444444444444 0.6381944444444444 0.34444444444444444
4 0.38680555555555557 0.36018518518518516 0.4138888888888889 0.36018518518518516 0.4138888888888889 0.4083333333333333 0.38680555555555557 0.4083333333333333
0 0.42083333333333334 0.36018518518518516 0.4479166666666667 0.36018518518518516 0.4479166666666667 0.4092592592592592 0.42083333333333334 0.4092592592592592
7 0.4534722222222222 0.36018518518518516 0.48055555555555557 0.36018518518518516 0.48055555555555557 0.4083333333333333 0.4534722222222222 0.4083333333333333
7 0.4875 0.36018518518518516 0.5145833333333333 0.36018518518518516 0.5145833333333333 0.4083333333333333 0.4875 0.4083333333333333
9 0.5222222222222223 0.36018518518518516 0.5416666666666667 0.36018518518518516 0.5416666666666667 0.41018518518518515 0.5222222222222223 0.41018518518518515
0 0.5493055555555556 0.36018518518518516 0.5687500000000001 0.36018518518518516 0.5687500000000001 0.4092592592592592 0.5493055555555556 0.4092592592592592
5 0.5743055555555555 0.36018518518518516 0.6013888888888889 0.36018518518518516 0.6013888888888889 0.4083333333333333 0.5743055555555555 0.4083333333333333
9 0.6083333333333333 0.36018518518518516 0.6277777777777778 0.36018518518518516 0.6277777777777778 0.4092592592592592 0.6083333333333333 0.4092592592592592
29 0.6354166666666666 0.36018518518518516 0.6548611111111111 0.36018518518518516 0.6548611111111111 0.41018518518518515 0.6354166666666666 0.41018518518518515
21 0.6604166666666667 0.36018518518518516 0.6875 0.36018518518518516 0.6875 0.4092592592592592 0.6604166666666667 0.4092592592592592
