1 0.30694444444444446 0.23703703703703705 0.3194444444444445 0.23703703703703705 0.3194444444444445 0.28703703703703703 0.30694444444444446 0.28703703703703703
2 0.3277777777777778 0.23703703703703705 0.3472222222222222 0.23703703703703705 0.3472222222222222 0.2861111111111111 0.3277777777777778 0.2861111111111111
37 0.3527777777777778 0.23703703703703705 0.37986111111111115 0.23703703703703705 0.37986111111111115 0.27314814814814814 0.3527777777777778 0.27314814814814814
0 0.3875 0.23703703703703705 0.41458333333333336 0.23703703703703705 0.41458333333333336 0.2851851851851852 0.3875 0.2851851851851852
4 0.4215277777777778 0.23703703703703705 0.4409722222222222 0.23703703703703705 0.4409722222222222 0.2851851851851852 0.4215277777777778 0.2851851851851852
37 0.44583333333333336 0.23703703703703705 0.4729166666666667 0.23703703703703705 0.4729166666666667 0.27314814814814814 0.44583333333333336 0.27314814814814814
2 0.47847222222222224 0.23703703703703705 0.4979166666666667 0.23703703703703705 0.4979166666666667 0.28703703703703703 0.47847222222222224 0.28703703703703703
0 0.5034722222222222 0.23703703703703705 0.5229166666666667 0.23703703703703705 0.5229166666666667 0.2861111111111111 0.5034722222222222 0.2861111111111111
2 0.53125 0.23703703703703705 0.5583333333333333 0.23703703703703705 0.5583333333333333 0.2851851851851852 0.53125 0.2851851851851852
5 0.5652777777777778 0.23703703703703705 0.5923611111111111 0.23703703703703705 0.5923611111111111 0.2861111111111111 0.5652777777777778 0.2861111111111111
0 0.63125 0.23703703703703705 0.6506944444444445 0.23703703703703705 0.6506944444444445 0.2861111111111111 0.63125 0.2861111111111111
0 0.65625 0.23703703703703705 0.6756944444444445 0.23703703703703705 0.6756944444444445 0.28703703703703703 0.65625 0.28703703703703703
36 0.6833333333333333 0.23703703703703705 0.6902777777777778 0.23703703703703705 0.6902777777777778 0.2675925925925926 0.6833333333333333 0.2675925925925926
4 0.6958333333333333 0.23703703703703705 0.7229166666666667 0.23703703703703705 0.7229166666666667 0.2851851851851852 0.6958333333333333 0.2851851851851852
6 0.7277777777777777 0.23703703703703705 0.7472222222222222 0.23703703703703705 0.7472222222222222 0.2861111111111111 0.7277777777777777 0.2861111111111111
1 0.38333333333333336 0.30185185185185187 0.40069444444444446 0.30185185185185187 0.40069444444444446 0.35000000000000003 0.38333333333333336 0.35000000000000003
3 0.40625 0.30185185185185187 0.42569444444444443 0.30185185185185187 0.42569444444444443 0.350925925925926 0.40625 0.350925925925926
37 0.4340277777777778 0.30185185185185187 0.46111111111111114 0.30185185185185187 0.46111111111111114 0.33796296296296297 0.4340277777777778 0.33796296296296297
1 0.4673611111111111 0.30185185185185187 0.4847222222222222 0.30185185185185187 0.4847222222222222 0.350925925925926 0.4673611111111111 0.350925925925926
2 0.49236111111111114 0.30185185185185187 0.5194444444444445 0.30185185185185187 0.5194444444444445 0.35000000000000003 0.49236111111111114 0.35000000000000003
37 0.5263888888888889 0.30185185185185187 0.5534722222222223 0.30185185185185187 0.5534722222222223 0.33796296296296297 0.5263888888888889 0.33796296296296297
2 0.5583333333333333 0.30185185185185187 0.5777777777777778 0.30185185185185187 0.5777777777777778 0.350925925925926 0.5583333333333333 0.350925925925926
0 0.5854166666666667 0.30185185185185187 0.6125 0.30185185185185187 0.6125 0.350925925925926 0.5854166666666667 0.350925925925926
2 0.6194444444444445 0.30185185185185187 0.6465277777777778 0.30185185185185187 0.6465277777777778 0.350925925925926 0.6194444444444445 0.350925925925926
4 0.6513888888888889 0.30185185185185187 0.6708333333333334 0.30185185185185187 0.6708333333333334 0.35185185185185186 0.6513888888888889 0.35185185185185186
5 0.38333333333333336 0.36666666666666664 0.4027777777777778 0.36666666666666664 0.4027777777777778 0.41666666666666663 0.38333333333333336 0.41666666666666663
2 0.4076388888888889 0.36666666666666664 0.43472222222222223 0.36666666666666664 0.43472222222222223 0.4148148148148148 0.4076388888888889 0.4148148148148148
2 0.44305555555555554 0.36666666666666664 0.4701388888888889 0.36666666666666664 0.4701388888888889 0.4148148148148148 0.44305555555555554 0.4148148148148148
1 0.4756944444444444 0.36666666666666664 0.4930555555555555 0.36666666666666664 0.4930555555555555 0.41574074074074074 0.4756944444444444 0.41574074074074074
0 0.5 0.36666666666666664 0.5270833333333333 0.36666666666666664 0.5270833333333333 0.4148148148148148 0.5 0.4148148148148148
3 0.5333333333333333 0.36666666666666664 0.5604166666666667 0.36666666666666664 0.5604166666666667 0.4148148148148148 0.5333333333333333 0.4148148148148148
3 0.5666666666666667 0.36666666666666664 0.59375 0.36666666666666664 0.59375 0.4148148148148148 0.5666666666666667 0.4148148148148148
7 0.6006944444444444 0.36666666666666664 0.6277777777777778 0.36666666666666664 0.6277777777777778 0.4148148148148148 0.6006944444444444 0.4148148148148148
12 0.6333333333333333 0.36666666666666664 0.6527777777777778 0.36666666666666664 0.6527777777777778 0.41574074074074074 0.6333333333333333 0.41574074074074074
13 0.6590277777777778 0.36666666666666664 0.6861111111111111 0.36666666666666664 0.6861111111111111 0.4148148148148148 0.6590277777777778 0.4148148148148148
