0 0.30069444444444443 0.2361111111111111 0.3277777777777778 0.2361111111111111 0.3277777777777778 0.2851851851851852 0.30069444444444443 0.2851851851851852
9 0.33611111111111114 0.2361111111111111 0.35555555555555557 0.2361111111111111 0.35555555555555557 0.2851851851851852 0.33611111111111114 0.2851851851851852
37 0.36041666666666666 0.2361111111111111 0.3875 0.2361111111111111 0.3875 0.2722222222222222 0.36041666666666666 0.2722222222222222
0 0.3951388888888889 0.2361111111111111 0.4222222222222222 0.2361111111111111 0.4222222222222222 0.28425925925925927 0.3951388888888889 0.28425925925925927
5 0.42916666666666664 0.2361111111111111 0.45625 0.2361111111111111 0.45625 0.2851851851851852 0.42916666666666664 0.2851851851851852
37 0.46458333333333335 0.2361111111111111 0.4916666666666667 0.2361111111111111 0.4916666666666667 0.2722222222222222 0.46458333333333335 0.2722222222222222
2 0.4965277777777778 0.2361111111111111 0.5159722222222223 0.2361111111111111 0.5159722222222223 0.2851851851851852 0.4965277777777778 0.2851851851851852
0 0.5243055555555556 0.2361111111111111 0.5513888888888889 0.2361111111111111 0.5513888888888889 0.28425925925925927 0.5243055555555556 0.28425925925925927
2 0.5590277777777778 0.2361111111111111 0.5784722222222223 0.2361111111111111 0.5784722222222223 0.2851851851851852 0.5590277777777778 0.2851851851851852
5 0.5847222222222223 0.2361111111111111 0.6118055555555556 0.2361111111111111 0.6118055555555556 0.2851851851851852 0.5847222222222223 0.2851851851851852
1 0.6520833333333333 0.2361111111111111 0.6694444444444445 0.2361111111111111 0.6694444444444445 0.2851851851851852 0.6520833333333333 0.2851851851851852
5 0.6743055555555556 0.2361111111111111 0.701388888888889 0.2361111111111111 0.701388888888889 0.28425925925925927 0.6743055555555556 0.28425925925925927
36 0.70625 0.2361111111111111 0.71875 0.2361111111111111 0.71875 0.2722222222222222 0.70625 0.2722222222222222
3 0.7256944444444444 0.2361111111111111 0.7527777777777778 0.2361111111111111 0.7527777777777778 0.28425925925925927 0.7256944444444444 0.28425925925925927
0 0.7576388888888889 0.2361111111111111 0.7770833333333333 0.2361111111111111 0.7770833333333333 0.2851851851851852 0.7576388888888889 0.2851851851851852
2 0.3770833333333333 0.30092592592592593 0.4041666666666667 0.30092592592592593 0.4041666666666667 0.3490740740740741 0.3770833333333333 0.3490740740740741
7 0.4125 0.30092592592592593 0.4395833333333333 0.30092592592592593 0.4395833333333333 0.3490740740740741 0.4125 0.3490740740740741
37 0.44583333333333336 0.30092592592592593 0.4729166666666667 0.30092592592592593 0.4729166666666667 0.337037037037037 0.44583333333333336 0.337037037037037
1 0.48055555555555557 0.30092592592592593 0.49375 0.30092592592592593 0.49375 0.35 0.48055555555555557 0.35
2 0.5020833333333333 0.30092592592592593 0.5291666666666667 0.30092592592592593 0.5291666666666667 0.35 0.5020833333333333 0.35
37 0.5354166666666667 0.30092592592592593 0.5625 0.30092592592592593 0.5625 0.337037037037037 0.5354166666666667 0.337037037037037
2 0.5680555555555555 0.30092592592592593 0.5951388888888889 0.30092592592592593 0.5951388888888889 0.35 0.5680555555555555 0.35
0 0.6034722222222222 0.30092592592592593 0.6229166666666667 0.30092592592592593 0.6229166666666667 0.35 0.6034722222222222 0.35
2 0.6277777777777778 0.30092592592592593 0.6548611111111111 0.30092592592592593 0.6548611111111111 0.35 0.6277777777777778 0.35
4 0.6625 0.30092592592592593 0.6819444444444445 0.30092592592592593 0.6819444444444445 0.35 0.6625 0.35
2 0.3770833333333333 0.36574074074074076 0.39652777777777776 0.36574074074074076 0.39652777777777776 0.41481481481481486 0.3770833333333333 0.41481481481481486
7 0.4013888888888889 0.36574074074074076 0.42083333333333334 0.36574074074074076 0.42083333333333334 0.41481481481481486 0.4013888888888889 0.41481481481481486
3 0.42777777777777776 0.36574074074074076 0.4548611111111111 0.36574074074074076 0.4548611111111111 0.4138888888888889 0.42777777777777776 0.4138888888888889
5 0.4625 0.36574074074074076 0.48958333333333337 0.36574074074074076 0.48958333333333337 0.4138888888888889 0.4625 0.4138888888888889
8 0.49722222222222223 0.36574074074074076 0.5166666666666667 0.36574074074074076 0.5166666666666667 0.41574074074074074 0.49722222222222223 0.41574074074074074
1 0.5243055555555556 0.36574074074074076 0.5416666666666667 0.36574074074074076 0.5416666666666667 0.41481481481481486 0.5243055555555556 0.41481481481481486
0 0.5479166666666667 0.36574074074074076 0.5673611111111112 0.36574074074074076 0.5673611111111112 0.41481481481481486 0.5479166666666667 0.41481481481481486
8 0.5736111111111111 0.36574074074074076 0.5930555555555556 0.36574074074074076 0.5930555555555556 0.41481481481481486 0.5736111111111111 0.41481481481481486
11 0.6006944444444444 0.36574074074074076 0.6277777777777778 0.36574074074074076 0.6277777777777778 0.4138888888888889 0.6006944444444444 0.4138888888888889
29 0.6347222222222222 0.36574074074074076 0.6611111111111111 0.36574074074074076 0.6611111111111111 0.41481481481481486 0.6347222222222222 0.41481481481481486
