2 0.2861111111111111 0.22592592592592592 0.31319444444444444 0.22592592592592592 0.31319444444444444 0.275 0.2861111111111111 0.275
4 0.32013888888888886 0.22592592592592592 0.3395833333333333 0.22592592592592592 0.3395833333333333 0.275 0.32013888888888886 0.275
37 0.34652777777777777 0.22592592592592592 0.3736111111111111 0.22592592592592592 0.3736111111111111 0.262037037037037 0.34652777777777777 0.262037037037037
0 0.3798611111111111 0.22592592592592592 0.40694444444444444 0.22592592592592592 0.40694444444444444 0.2740740740740741 0.3798611111111111 0.2740740740740741
6 0.4125 0.22592592592592592 0.4319444444444444 0.22592592592592592 0.4319444444444444 0.275 0.4125 0.275
37 0.43680555555555556 0.22592592592592592 0.4638888888888889 0.22592592592592592 0.4638888888888889 0.2611111111111111 0.43680555555555556 0.2611111111111111
2 0.4722222222222222 0.22592592592592592 0.49930555555555556 0.22592592592592592 0.49930555555555556 0.2740740740740741 0.4722222222222222 0.2740740740740741
0 0.5055555555555555 0.22592592592592592 0.5326388888888889 0.22592592592592592 0.5326388888888889 0.2740740740740741 0.5055555555555555 0.2740740740740741
2 0.5402777777777777 0.22592592592592592 0.5673611111111111 0.22592592592592592 0.5673611111111111 0.275 0.5402777777777777 0.275
5 0.575 0.22592592592592592 0.6020833333333333 0.22592592592592592 0.6020833333333333 0.2740740740740741 0.575 0.2740740740740741
1 0.6444444444444445 0.22592592592592592 0.6569444444444444 0.22592592592592592 0.6569444444444444 0.2759259259259259 0.6444444444444445 0.2759259259259259
5 0.6652777777777777 0.22592592592592592 0.6923611111111111 0.22592592592592592 0.6923611111111111 0.2740740740740741 0.6652777777777777 0.2740740740740741
36 0.6993055555555555 0.22592592592592592 0.7062499999999999 0.22592592592592592 0.7062499999999999 0.2564814814814815 0.6993055555555555 0.2564814814814815
5 0.7111111111111111 0.22592592592592592 0.7305555555555556 0.22592592592592592 0.7305555555555556 0.2759259259259259 0.7111111111111111 0.2759259259259259
8 0.7388888888888889 0.22592592592592592 0.7659722222222223 0.22592592592592592 0.7659722222222223 0.2740740740740741 0.7388888888888889 0.2740740740740741
2 0.3625 0.29074074074074074 0.38958333333333334 0.29074074074074074 0.38958333333333334 0.3388888888888889 0.3625 0.3388888888888889
0 0.3951388888888889 0.29074074074074074 0.4222222222222222 0.29074074074074074 0.4222222222222222 0.3398148148148148 0.3951388888888889 0.3398148148148148
37 0.42986111111111114 0.29074074074074074 0.4569444444444445 0.29074074074074074 0.4569444444444445 0.32685185185185184 0.42986111111111114 0.32685185185185184
0 0.4638888888888889 0.29074074074074074 0.49097222222222225 0.29074074074074074 0.49097222222222225 0.3398148148148148 0.4638888888888889 0.3398148148148148
2 0.49930555555555556 0.29074074074074074 0.51875 0.29074074074074074 0.51875 0.3398148148148148 0.49930555555555556 0.3398148148148148
37 0.5256944444444445 0.29074074074074074 0.5527777777777778 0.29074074074074074 0.5527777777777778 0.32685185185185184 0.5256944444444445 0.32685185185185184
2 0.5583333333333333 0.29074074074074074 0.5777777777777778 0.29074074074074074 0.5777777777777778 0.3398148148148148 0.5583333333333333 0.3398148148148148
0 0.5833333333333334 0.29074074074074074 0.6104166666666667 0.29074074074074074 0.6104166666666667 0.3388888888888889 0.5833333333333334 0.3388888888888889
2 0.6159722222222223 0.29074074074074074 0.6430555555555556 0.29074074074074074 0.6430555555555556 0.3398148148148148 0.6159722222222223 0.3398148148148148
5 0.6493055555555556 0.29074074074074074 0.6687500000000001 0.29074074074074074 0.6687500000000001 0.34074074074074073 0.6493055555555556 0.34074074074074073
9 0.3625 0.35555555555555557 0.38958333333333334 0.35555555555555557 0.38958333333333334 0.40370370370370373 0.3625 0.40370370370370373
3 0.3972222222222222 0.35555555555555557 0.42430555555555555 0.35555555555555557 0.42430555555555555 0.40370370370370373 0.3972222222222222 0.40370370370370373
6 0.43125 0.35555555555555557 0.45069444444444445 0.35555555555555557 0.45069444444444445 0.40555555555555556 0.43125 0.40555555555555556
5 0.45555555555555555 0.35555555555555557 0.4826388888888889 0.35555555555555557 0.4826388888888889 0.40370370370370373 0.45555555555555555 0.40370370370370373
7 0.4909722222222222 0.35555555555555557 0.5180555555555555 0.35555555555555557 0.5180555555555555 0.4046296296296297 0.4909722222222222 0.4046296296296297
1 0.5229166666666667 0.35555555555555557 0.5402777777777779 0.35555555555555557 0.5402777777777779 0.40370370370370373 0.5229166666666667 0.40370370370370373
3 0.5458333333333333 0.35555555555555557 0.5729166666666666 0.35555555555555557 0.5729166666666666 0.40370370370370373 0.5458333333333333 0.40370370370370373
0 0.5791666666666667 0.35555555555555557 0.6062500000000001 0.35555555555555557 0.6062500000000001 0.40370370370370373 0.5791666666666667 0.40370370370370373
23 0.6111111111111112 0.35555555555555557 0.6381944444444445 0.35555555555555557 0.6381944444444445 0.40370370370370373 0.6111111111111112 0.40370370370370373
33 0.6430555555555556 0.35555555555555557 0.670138888888889 0.35555555555555557 0.670138888888889 0.40370370370370373 0.6430555555555556 0.40370370370370373
