1 0.3034722222222222 0.22777777777777777 0.3159722222222222 0.22777777777777777 0.3159722222222222 0.27685185185185185 0.3034722222222222 0.27685185185185185
2 0.32083333333333336 0.22777777777777777 0.3402777777777778 0.22777777777777777 0.3402777777777778 0.27685185185185185 0.32083333333333336 0.27685185185185185
37 0.3486111111111111 0.22777777777777777 0.37569444444444444 0.22777777777777777 0.37569444444444444 0.2638888888888889 0.3486111111111111 0.2638888888888889
0 0.3840277777777778 0.22777777777777777 0.41111111111111115 0.22777777777777777 0.41111111111111115 0.27685185185185185 0.3840277777777778 0.27685185185185185
1 0.41597222222222224 0.22777777777777777 0.43333333333333335 0.22777777777777777 0.43333333333333335 0.2759259259259259 0.41597222222222224 0.2759259259259259
37 0.44027777777777777 0.22777777777777777 0.4673611111111111 0.22777777777777777 0.4673611111111111 0.2638888888888889 0.44027777777777777 0.2638888888888889
2 0.4756944444444444 0.22777777777777777 0.5027777777777778 0.22777777777777777 0.5027777777777778 0.2759259259259259 0.4756944444444444 0.2759259259259259
0 0.5104166666666666 0.22777777777777777 0.5375 0.22777777777777777 0.5375 0.2759259259259259 0.5104166666666666 0.2759259259259259
2 0.5451388888888888 0.22777777777777777 0.5645833333333333 0.22777777777777777 0.5645833333333333 0.2777777777777778 0.5451388888888888 0.2777777777777778
5 0.5708333333333333 0.22777777777777777 0.5902777777777778 0.22777777777777777 0.5902777777777778 0.27685185185185185 0.5708333333333333 0.27685185185185185
0 0.6298611111111111 0.22777777777777777 0.6569444444444444 0.22777777777777777 0.6569444444444444 0.2759259259259259 0.6298611111111111 0.2759259259259259
2 0.6618055555555555 0.22777777777777777 0.68125 0.22777777777777777 0.68125 0.27685185185185185 0.6618055555555555 0.27685185185185185
36 0.6861111111111111 0.22777777777777777 0.6972222222222222 0.22777777777777777 0.6972222222222222 0.2638888888888889 0.6861111111111111 0.2638888888888889
3 0.7055555555555556 0.22777777777777777 0.732638888888889 0.22777777777777777 0.732638888888889 0.2759259259259259 0.7055555555555556 0.2759259259259259
9 0.7409722222222223 0.22777777777777777 0.7680555555555556 0.22777777777777777 0.7680555555555556 0.2759259259259259 0.7409722222222223 0.2759259259259259
1 0.3798611111111111 0.29259259259259257 0.3923611111111111 0.29259259259259257 0.3923611111111111 0.3416666666666667 0.3798611111111111 0.3416666666666667
8 0.4 0.29259259259259257 0.41944444444444445 0.29259259259259257 0.41944444444444445 0.34259259259259256 0.4 0.34259259259259256
37 0.425 0.29259259259259257 0.4513888888888889 0.29259259259259257 0.4513888888888889 0.3277777777777778 0.425 0.3277777777777778
1 0.4597222222222222 0.29259259259259257 0.4770833333333333 0.29259259259259257 0.4770833333333333 0.34074074074074073 0.4597222222222222 0.34074074074074073
2 0.4847222222222222 0.29259259259259257 0.5118055555555555 0.29259259259259257 0.5118055555555555 0.34074074074074073 0.4847222222222222 0.34074074074074073
37 0.5180555555555556 0.29259259259259257 0.545138888888889 0.29259259259259257 0.545138888888889 0.32870370370370366 0.5180555555555556 0.32870370370370366
2 0.5527777777777778 0.29259259259259257 0.5722222222222223 0.29259259259259257 0.5722222222222223 0.34259259259259256 0.5527777777777778 0.34259259259259256
0 0.5798611111111112 0.29259259259259257 0.6069444444444445 0.29259259259259257 0.6069444444444445 0.3416666666666667 0.5798611111111112 0.3416666666666667
2 0.6145833333333334 0.29259259259259257 0.6416666666666667 0.29259259259259257 0.6416666666666667 0.34074074074074073 0.6145833333333334 0.34074074074074073
4 0.6479166666666667 0.29259259259259257 0.6673611111111112 0.29259259259259257 0.6673611111111112 0.3416666666666667 0.6479166666666667 0.3416666666666667
5 0.3798611111111111 0.3574074074074074 0.40694444444444444 0.3574074074074074 0.40694444444444444 0.40555555555555556 0.3798611111111111 0.40555555555555556
3 0.41388888888888886 0.3574074074074074 0.4409722222222222 0.3574074074074074 0.4409722222222222 0.40555555555555556 0.41388888888888886 0.40555555555555556
8 0.4486111111111111 0.3574074074074074 0.4756944444444445 0.3574074074074074 0.4756944444444445 0.40555555555555556 0.4486111111111111 0.40555555555555556
0 0.48333333333333334 0.3574074074074074 0.5104166666666666 0.3574074074074074 0.5104166666666666 0.40555555555555556 0.48333333333333334 0.40555555555555556
9 0.5152777777777777 0.3574074074074074 0.5423611111111111 0.3574074074074074 0.5423611111111111 0.40648148148148144 0.5152777777777777 0.40648148148148144
1 0.5506944444444445 0.3574074074074074 0.5680555555555556 0.3574074074074074 0.5680555555555556 0.40555555555555556 0.5506944444444445 0.40555555555555556
8 0.5763888888888888 0.3574074074074074 0.6034722222222222 0.3574074074074074 0.6034722222222222 0.40555555555555556 0.5763888888888888 0.40555555555555556
7 0.6090277777777777 0.3574074074074074 0.6284722222222222 0.3574074074074074 0.6284722222222222 0.40648148148148144 0.6090277777777777 0.40648148148148144
13 0.6361111111111111 0.3574074074074074 0.6631944444444444 0.3574074074074074 0.6631944444444444 0.40555555555555556 0.6361111111111111 0.40555555555555556
34 0.6715277777777777 0.3574074074074074 0.6986111111111111 0.3574074074074074 0.6986111111111111 0.40555555555555556 0.6715277777777777 0.40555555555555556
