1 0.3020833333333333 0.22962962962962963 0.3145833333333333 0.22962962962962963 0.3145833333333333 0.2787037037037037 0.3020833333333333 0.2787037037037037
2 0.3215277777777778 0.22962962962962963 0.34861111111111115 0.22962962962962963 0.34861111111111115 0.2777777777777778 0.3215277777777778 0.2777777777777778
37 0.35347222222222224 0.22962962962962963 0.3805555555555556 0.22962962962962963 0.3805555555555556 0.2657407407407407 0.35347222222222224 0.2657407407407407
1 0.3888888888888889 0.22962962962962963 0.40625 0.22962962962962963 0.40625 0.2777777777777778 0.3888888888888889 0.2777777777777778
2 0.41458333333333336 0.22962962962962963 0.4416666666666667 0.22962962962962963 0.4416666666666667 0.2777777777777778 0.41458333333333336 0.2777777777777778
37 0.44930555555555557 0.22962962962962963 0.4763888888888889 0.22962962962962963 0.4763888888888889 0.2657407407407407 0.44930555555555557 0.2657407407407407
2 0.48333333333333334 0.22962962962962963 0.5027777777777778 0.22962962962962963 0.5027777777777778 0.2796296296296296 0.48333333333333334 0.2796296296296296
0 0.5111111111111111 0.22962962962962963 0.5381944444444444 0.22962962962962963 0.5381944444444444 0.2777777777777778 0.5111111111111111 0.2777777777777778
2 0.5451388888888888 0.22962962962962963 0.5722222222222222 0.22962962962962963 0.5722222222222222 0.2787037037037037 0.5451388888888888 0.2787037037037037
4 0.5798611111111112 0.22962962962962963 0.6069444444444445 0.22962962962962963 0.6069444444444445 0.2777777777777778 0.5798611111111112 0.2777777777777778
1 0.6493055555555556 0.22962962962962963 0.6625 0.22962962962962963 0.6625 0.2787037037037037 0.6493055555555556 0.2787037037037037
7 0.66875 0.22962962962962963 0.6881944444444444 0.22962962962962963 0.6881944444444444 0.2787037037037037 0.66875 0.2787037037037037
36 0.6965277777777777 0.22962962962962963 0.7076388888888888 0.22962962962962963 0.7076388888888888 0.2657407407407407 0.6965277777777777 0.2657407407407407
1 0.7152777777777778 0.22962962962962963 0.732638888888889 0.22962962962962963 0.732638888888889 0.2777777777777778 0.7152777777777778 0.2777777777777778
0 0.7395833333333334 0.22962962962962963 0.7666666666666667 0.22962962962962963 0.7666666666666667 0.2777777777777778 0.7395833333333334 0.2777777777777778
0 0.3784722222222222 0.29444444444444445 0.39791666666666664 0.29444444444444445 0.39791666666666664 0.34444444444444444 0.3784722222222222 0.34444444444444444
9 0.40625 0.29444444444444445 0.42569444444444443 0.29444444444444445 0.42569444444444443 0.34351851851851856 0.40625 0.34351851851851856
37 0.43194444444444446 0.29444444444444445 0.4590277777777778 0.29444444444444445 0.4590277777777778 0.33055555555555555 0.43194444444444446 0.33055555555555555
0 0.46597222222222223 0.29444444444444445 0.4930555555555556 0.29444444444444445 0.4930555555555556 0.3425925925925926 0.46597222222222223 0.3425925925925926
4 0.4979166666666667 0.29444444444444445 0.5173611111111112 0.29444444444444445 0.5173611111111112 0.34351851851851856 0.4979166666666667 0.34351851851851856
37 0.5229166666666667 0.29444444444444445 0.55 0.29444444444444445 0.55 0.33055555555555555 0.5229166666666667 0.33055555555555555
2 0.5555555555555556 0.29444444444444445 0.5750000000000001 0.29444444444444445 0.5750000000000001 0.34444444444444444 0.5555555555555556 0.34444444444444444
0 0.58125 0.29444444444444445 0.6006944444444445 0.29444444444444445 0.6006944444444445 0.34351851851851856 0.58125 0.34351851851851856
2 0.6090277777777777 0.29444444444444445 0.6361111111111111 0.29444444444444445 0.6361111111111111 0.3425925925925926 0.6090277777777777 0.3425925925925926
5 0.6416666666666667 0.29444444444444445 0.6687500000000001 0.29444444444444445 0.6687500000000001 0.3425925925925926 0.6416666666666667 0.3425925925925926
3 0.3784722222222222 0.3592592592592593 0.39791666666666664 0.3592592592592593 0.39791666666666664 0.4083333333333333 0.3784722222222222 0.4083333333333333
7 0.4048611111111111 0.3592592592592593 0.43194444444444446 0.3592592592592593 0.43194444444444446 0.40740740740740744 0.4048611111111111 0.40740740740740744
8 0.44027777777777777 0.3592592592592593 0.4673611111111111 0.3592592592592593 0.4673611111111111 0.40740740740740744 0.44027777777777777 0.40740740740740744
0 0.475 0.3592592592592593 0.5020833333333333 0.3592592592592593 0.5020833333333333 0.4083333333333333 0.475 0.4083333333333333
7 0.5090277777777777 0.3592592592592593 0.5361111111111111 0.3592592592592593 0.5361111111111111 0.40740740740740744 0.5090277777777777 0.40740740740740744
7 0.5409722222222222 0.3592592592592593 0.5604166666666667 0.3592592592592593 0.5604166666666667 0.4083333333333333 0.5409722222222222 0.4083333333333333
7 0.56875 0.3592592592592593 0.5958333333333333 0.3592592592592593 0.5958333333333333 0.4083333333333333 0.56875 0.4083333333333333
4 0.6020833333333333 0.3592592592592593 0.6291666666666667 0.3592592592592593 0.6291666666666667 0.40740740740740744 0.6020833333333333 0.40740740740740744
34 0.6354166666666666 0.3592592592592593 0.6625 0.3592592592592593 0.6625 0.40740740740740744 0.6354166666666666 0.40740740740740744
20 0.6708333333333333 0.3592592592592593 0.6902777777777778 0.3592592592592593 0.6902777777777778 0.4083333333333333 0.6708333333333333 0.4083333333333333
