1 0.29305555555555557 0.22777777777777777 0.3104166666666667 0.22777777777777777 0.3104166666666667 0.2759259259259259 0.29305555555555557 0.2759259259259259
5 0.3159722222222222 0.22777777777777777 0.33541666666666664 0.22777777777777777 0.33541666666666664 0.27685185185185185 0.3159722222222222 0.27685185185185185
37 0.34305555555555556 0.22777777777777777 0.3701388888888889 0.22777777777777777 0.3701388888888889 0.2638888888888889 0.34305555555555556 0.2638888888888889
0 0.37569444444444444 0.22777777777777777 0.4027777777777778 0.22777777777777777 0.4027777777777778 0.2759259259259259 0.37569444444444444 0.2759259259259259
7 0.4083333333333333 0.22777777777777777 0.42777777777777776 0.22777777777777777 0.42777777777777776 0.27685185185185185 0.4083333333333333 0.27685185185185185
37 0.4354166666666667 0.22777777777777777 0.4625 0.22777777777777777 0.4625 0.2638888888888889 0.4354166666666667 0.2638888888888889
2 0.46875 0.22777777777777777 0.49583333333333335 0.22777777777777777 0.49583333333333335 0.2759259259259259 0.46875 0.2759259259259259
0 0.5027777777777778 0.22777777777777777 0.5298611111111111 0.22777777777777777 0.5298611111111111 0.2759259259259259 0.5027777777777778 0.2759259259259259
2 0.5347222222222222 0.22777777777777777 0.5618055555555556 0.22777777777777777 0.5618055555555556 0.2759259259259259 0.5347222222222222 0.2759259259259259
5 0.5666666666666667 0.22777777777777777 0.59375 0.22777777777777777 0.59375 0.27685185185185185 0.5666666666666667 0.27685185185185185
1 0.6381944444444444 0.22777777777777777 0.6555555555555556 0.22777777777777777 0.6555555555555556 0.27685185185185185 0.6381944444444444 0.27685185185185185
1 0.6638888888888889 0.22777777777777777 0.6763888888888888 0.22777777777777777 0.6763888888888888 0.27685185185185185 0.6638888888888889 0.27685185185185185
36 0.6840277777777778 0.22777777777777777 0.6951388888888889 0.22777777777777777 0.6951388888888889 0.2638888888888889 0.6840277777777778 0.2638888888888889
2 0.7013888888888888 0.22777777777777777 0.7284722222222222 0.22777777777777777 0.7284722222222222 0.2759259259259259 0.7013888888888888 0.2759259259259259
2 0.7368055555555556 0.22777777777777777 0.763888888888889 0.22777777777777777 0.763888888888889 0.2759259259259259 0.7368055555555556 0.2759259259259259
0 0.36944444444444446 0.29259259259259257 0.3965277777777778 0.29259259259259257 0.3965277777777778 0.34074074074074073 0.36944444444444446 0.34074074074074073
8 0.40208333333333335 0.29259259259259257 0.4291666666666667 0.29259259259259257 0.4291666666666667 0.34074074074074073 0.40208333333333335 0.34074074074074073
37 0.4361111111111111 0.29259259259259257 0.46319444444444446 0.29259259259259257 0.46319444444444446 0.32870370370370366 0.4361111111111111 0.32870370370370366
0 0.46805555555555556 0.29259259259259257 0.4951388888888889 0.29259259259259257 0.4951388888888889 0.34074074074074073 0.46805555555555556 0.34074074074074073
1 0.5020833333333333 0.29259259259259257 0.5194444444444445 0.29259259259259257 0.5194444444444445 0.34074074074074073 0.5020833333333333 0.34074074074074073
37 0.5243055555555556 0.29259259259259257 0.5513888888888889 0.29259259259259257 0.5513888888888889 0.32870370370370366 0.5243055555555556 0.32870370370370366
2 0.5583333333333333 0.29259259259259257 0.5854166666666667 0.29259259259259257 0.5854166666666667 0.3416666666666667 0.5583333333333333 0.3416666666666667
0 0.59375 0.29259259259259257 0.6208333333333333 0.29259259259259257 0.6208333333333333 0.34074074074074073 0.59375 0.34074074074074073
2 0.6263888888888889 0.29259259259259257 0.6458333333333334 0.29259259259259257 0.6458333333333334 0.34259259259259256 0.6263888888888889 0.34259259259259256
5 0.6534722222222222 0.29259259259259257 0.6729166666666667 0.29259259259259257 0.6729166666666667 0.3416666666666667 0.6534722222222222 0.3416666666666667
1 0.36944444444444446 0.3574074074074074 0.3826388888888889 0.3574074074074074 0.3826388888888889 0.40648148148148144 0.36944444444444446 0.40648148148148144
3 0.38819444444444445 0.3574074074074074 0.4152777777777778 0.3574074074074074 0.4152777777777778 0.40555555555555556 0.38819444444444445 0.40555555555555556
5 0.42291666666666666 0.3574074074074074 0.45 0.3574074074074074 0.45 0.40555555555555556 0.42291666666666666 0.40555555555555556
7 0.4548611111111111 0.3574074074074074 0.47430555555555554 0.3574074074074074 0.47430555555555554 0.40648148148148144 0.4548611111111111 0.40648148148148144
8 0.4798611111111111 0.3574074074074074 0.5069444444444444 0.3574074074074074 0.5069444444444444 0.40555555555555556 0.4798611111111111 0.40555555555555556
1 0.5118055555555555 0.3574074074074074 0.5291666666666667 0.3574074074074074 0.5291666666666667 0.40648148148148144 0.5118055555555555 0.40648148148148144
2 0.5340277777777778 0.3574074074074074 0.5611111111111111 0.3574074074074074 0.5611111111111111 0.40555555555555556 0.5340277777777778 0.40555555555555556
0 0.5680555555555555 0.3574074074074074 0.5951388888888889 0.3574074074074074 0.5951388888888889 0.40555555555555556 0.5680555555555555 0.40555555555555556
13 0.6034722222222222 0.3574074074074074 0.6229166666666667 0.3574074074074074 0.6229166666666667 0.4074074074074074 0.6034722222222222 0.4074074074074074
22 0.6291666666666667 0.3574074074074074 0.6486111111111111 0.3574074074074074 0.6486111111111111 0.40648148148148144 0.6291666666666667 0.40648148148148144
