1 0.2902777777777778 0.23703703703703705 0.30347222222222225 0.23703703703703705 0.30347222222222225 0.28703703703703703 0.2902777777777778 0.28703703703703703
8 0.30972222222222223 0.23703703703703705 0.3368055555555556 0.23703703703703705 0.3368055555555556 0.2851851851851852 0.30972222222222223 0.2851851851851852
37 0.34375 0.23703703703703705 0.37083333333333335 0.23703703703703705 0.37083333333333335 0.27314814814814814 0.34375 0.27314814814814814
1 0.37916666666666665 0.23703703703703705 0.39652777777777776 0.23703703703703705 0.39652777777777776 0.2851851851851852 0.37916666666666665 0.2851851851851852
0 0.4027777777777778 0.23703703703703705 0.42986111111111114 0.23703703703703705 0.42986111111111114 0.2851851851851852 0.4027777777777778 0.2851851851851852
37 0.43680555555555556 0.23703703703703705 0.4638888888888889 0.23703703703703705 0.4638888888888889 0.27314814814814814 0.43680555555555556 0.27314814814814814
2 0.46875 0.23703703703703705 0.48819444444444443 0.23703703703703705 0.48819444444444443 0.2861111111111111 0.46875 0.2861111111111111
0 0.4965277777777778 0.23703703703703705 0.5236111111111111 0.23703703703703705 0.5236111111111111 0.2851851851851852 0.4965277777777778 0.2851851851851852
2 0.5291666666666667 0.23703703703703705 0.55625 0.23703703703703705 0.55625 0.2851851851851852 0.5291666666666667 0.2851851851851852
5 0.5638888888888889 0.23703703703703705 0.5909722222222222 0.23703703703703705 0.5909722222222222 0.2861111111111111 0.5638888888888889 0.2861111111111111
2 0.6361111111111111 0.23703703703703705 0.6631944444444444 0.23703703703703705 0.6631944444444444 0.2861111111111111 0.6361111111111111 0.2861111111111111
3 0.6701388888888888 0.23703703703703705 0.6972222222222222 0.23703703703703705 0.6972222222222222 0.2861111111111111 0.6701388888888888 0.2861111111111111
36 0.7041666666666667 0.23703703703703705 0.7152777777777778 0.23703703703703705 0.7152777777777778 0.27314814814814814 0.7041666666666667 0.27314814814814814
3 0.7215277777777778 0.23703703703703705 0.7486111111111111 0.23703703703703705 0.7486111111111111 0.2861111111111111 0.7215277777777778 0.2861111111111111
3 0.75625 0.23703703703703705 0.7833333333333333 0.23703703703703705 0.7833333333333333 0.2851851851851852 0.75625 0.2851851851851852
0 0.36666666666666664 0.30185185185185187 0.38611111111111107 0.30185185185185187 0.38611111111111107 0.350925925925926 0.36666666666666664 0.350925925925926
7 0.3909722222222222 0.30185185185185187 0.41805555555555557 0.30185185185185187 0.41805555555555557 0.35000000000000003 0.3909722222222222 0.35000000000000003
37 0.4263888888888889 0.30185185185185187 0.4534722222222222 0.30185185185185187 0.4534722222222222 0.33796296296296297 0.4263888888888889 0.33796296296296297
0 0.46111111111111114 0.30185185185185187 0.4881944444444445 0.30185185185185187 0.4881944444444445 0.35000000000000003 0.46111111111111114 0.35000000000000003
6 0.49583333333333335 0.30185185185185187 0.5152777777777778 0.30185185185185187 0.5152777777777778 0.350925925925926 0.49583333333333335 0.350925925925926
37 0.5201388888888889 0.30185185185185187 0.5472222222222223 0.30185185185185187 0.5472222222222223 0.33796296296296297 0.5201388888888889 0.33796296296296297
2 0.5541666666666667 0.30185185185185187 0.58125 0.30185185185185187 0.58125 0.35000000000000003 0.5541666666666667 0.35000000000000003
0 0.5861111111111111 0.30185185185185187 0.6131944444444445 0.30185185185185187 0.6131944444444445 0.350925925925926 0.5861111111111111 0.350925925925926
2 0.6208333333333333 0.30185185185185187 0.6402777777777778 0.30185185185185187 0.6402777777777778 0.350925925925926 0.6208333333333333 0.350925925925926
5 0.6479166666666667 0.30185185185185187 0.675 0.30185185185185187 0.675 0.35000000000000003 0.6479166666666667 0.35000000000000003
1 0.36666666666666664 0.36666666666666664 0.38402777777777775 0.36666666666666664 0.38402777777777775 0.4148148148148148 0.36666666666666664 0.4148148148148148
9 0.38958333333333334 0.36666666666666664 0.4166666666666667 0.36666666666666664 0.4166666666666667 0.41574074074074074 0.38958333333333334 0.41574074074074074
1 0.425 0.36666666666666664 0.4423611111111111 0.36666666666666664 0.4423611111111111 0.4148148148148148 0.425 0.4148148148148148
3 0.4479166666666667 0.36666666666666664 0.47500000000000003 0.36666666666666664 0.47500000000000003 0.4148148148148148 0.4479166666666667 0.4148148148148148
7 0.48125 0.36666666666666664 0.5083333333333333 0.36666666666666664 0.5083333333333333 0.4148148148148148 0.48125 0.4148148148148148
5 0.5166666666666667 0.36666666666666664 0.5437500000000001 0.36666666666666664 0.5437500000000001 0.4148148148148148 0.5166666666666667 0.4148148148148148
9 0.5520833333333334 0.36666666666666664 0.5715277777777779 0.36666666666666664 0.5715277777777779 0.41574074074074074 0.5520833333333334 0.41574074074074074
6 0.5763888888888888 0.36666666666666664 0.5958333333333333 0.36666666666666664 0.5958333333333333 0.41666666666666663 0.5763888888888888 0.41666666666666663
16 0.6034722222222222 0.36666666666666664 0.6305555555555555 0.36666666666666664 0.6305555555555555 0.4148148148148148 0.6034722222222222 0.4148148148148148
16 0.6368055555555555 0.36666666666666664 0.65625 0.36666666666666664 0.65625 0.41574074074074074 0.6368055555555555 0.41574074074074074
