1 0.3076388888888889 0.2351851851851852 0.3201388888888889 0.2351851851851852 0.3201388888888889 0.28425925925925927 0.3076388888888889 0.28425925925925927
9 0.325 0.2351851851851852 0.34444444444444444 0.2351851851851852 0.34444444444444444 0.28425925925925927 0.325 0.28425925925925927
37 0.34930555555555554 0.2351851851851852 0.3763888888888889 0.2351851851851852 0.3763888888888889 0.2712962962962963 0.34930555555555554 0.2712962962962963
0 0.3840277777777778 0.2351851851851852 0.41111111111111115 0.2351851851851852 0.41111111111111115 0.28425925925925927 0.3840277777777778 0.28425925925925927
6 0.4166666666666667 0.2351851851851852 0.44375000000000003 0.2351851851851852 0.44375000000000003 0.2833333333333333 0.4166666666666667 0.2833333333333333
37 0.4486111111111111 0.2351851851851852 0.4756944444444445 0.2351851851851852 0.4756944444444445 0.2712962962962963 0.4486111111111111 0.2712962962962963
2 0.48055555555555557 0.2351851851851852 0.5 0.2351851851851852 0.5 0.28425925925925927 0.48055555555555557 0.28425925925925927
0 0.5055555555555555 0.2351851851851852 0.525 0.2351851851851852 0.525 0.28425925925925927 0.5055555555555555 0.28425925925925927
2 0.5298611111111111 0.2351851851851852 0.5569444444444445 0.2351851851851852 0.5569444444444445 0.2833333333333333 0.5298611111111111 0.2833333333333333
5 0.5618055555555556 0.2351851851851852 0.5888888888888889 0.2351851851851852 0.5888888888888889 0.2833333333333333 0.5618055555555556 0.2833333333333333
0 0.6270833333333333 0.2351851851851852 0.6541666666666667 0.2351851851851852 0.6541666666666667 0.2833333333333333 0.6270833333333333 0.2833333333333333
3 0.6625 0.2351851851851852 0.6895833333333333 0.2351851851851852 0.6895833333333333 0.2833333333333333 0.6625 0.2833333333333333
36 0.6958333333333333 0.2351851851851852 0.7069444444444444 0.2351851851851852 0.7069444444444444 0.2712962962962963 0.6958333333333333 0.2712962962962963
0 0.7118055555555556 0.2351851851851852 0.7388888888888889 0.2351851851851852 0.7388888888888889 0.2833333333333333 0.7118055555555556 0.2833333333333333
6 0.7465277777777778 0.2351851851851852 0.7659722222222223 0.2351851851851852 0.7659722222222223 0.28425925925925927 0.7465277777777778 0.28425925925925927
0 0.3840277777777778 0.3 0.41111111111111115 0.3 0.41111111111111115 0.3490740740740741 0.3840277777777778 0.3490740740740741
5 0.41597222222222224 0.3 0.4354166666666667 0.3 0.4354166666666667 0.35 0.41597222222222224 0.35
37 0.4423611111111111 0.3 0.4645833333333333 0.3 0.4645833333333333 0.3296296296296296 0.4423611111111111 0.3296296296296296
0 0.4708333333333333 0.3 0.4979166666666667 0.3 0.4979166666666667 0.34814814814814815 0.4708333333333333 0.34814814814814815
4 0.5055555555555555 0.3 0.5326388888888889 0.3 0.5326388888888889 0.34814814814814815 0.5055555555555555 0.34814814814814815
37 0.5409722222222222 0.3 0.5680555555555555 0.3 0.5680555555555555 0.3361111111111111 0.5409722222222222 0.3361111111111111
2 0.5763888888888888 0.3 0.5958333333333333 0.3 0.5958333333333333 0.3490740740740741 0.5763888888888888 0.3490740740740741
0 0.6013888888888889 0.3 0.6208333333333333 0.3 0.6208333333333333 0.3490740740740741 0.6013888888888889 0.3490740740740741
2 0.6277777777777778 0.3 0.6548611111111111 0.3 0.6548611111111111 0.34814814814814815 0.6277777777777778 0.34814814814814815
5 0.6631944444444444 0.3 0.6826388888888889 0.3 0.6826388888888889 0.3490740740740741 0.6631944444444444 0.3490740740740741
0 0.3840277777777778 0.3648148148148148 0.41111111111111115 0.3648148148148148 0.41111111111111115 0.412962962962963 0.3840277777777778 0.412962962962963
2 0.41944444444444445 0.3648148148148148 0.4465277777777778 0.3648148148148148 0.4465277777777778 0.412962962962963 0.41944444444444445 0.412962962962963
1 0.4548611111111111 0.3648148148148148 0.4722222222222222 0.3648148148148148 0.4722222222222222 0.412962962962963 0.4548611111111111 0.412962962962963
0 0.4791666666666667 0.3648148148148148 0.50625 0.3648148148148148 0.50625 0.412962962962963 0.4791666666666667 0.412962962962963
1 0.5125 0.3648148148148148 0.5298611111111111 0.3648148148148148 0.5298611111111111 0.412962962962963 0.5125 0.412962962962963
2 0.5368055555555555 0.3648148148148148 0.55625 0.3648148148148148 0.55625 0.4148148148148148 0.5368055555555555 0.4148148148148148
1 0.5638888888888889 0.3648148148148148 0.58125 0.3648148148148148 0.58125 0.41388888888888886 0.5638888888888889 0.41388888888888886
0 0.5888888888888889 0.3648148148148148 0.6159722222222223 0.3648148148148148 0.6159722222222223 0.412962962962963 0.5888888888888889 0.412962962962963
12 0.6208333333333333 0.3648148148148148 0.6402777777777778 0.3648148148148148 0.6402777777777778 0.41388888888888886 0.6208333333333333 0.41388888888888886
30 0.6479166666666667 0.3648148148148148 0.6673611111111112 0.3648148148148148 0.6673611111111112 0.41388888888888886 0.6479166666666667 0.41388888888888886
