1 0.29375 0.23425925925925925 0.3111111111111111 0.23425925925925925 0.3111111111111111 0.2824074074074074 0.29375 0.2824074074074074
4 0.3194444444444444 0.23425925925925925 0.34652777777777777 0.23425925925925925 0.34652777777777777 0.2824074074074074 0.3194444444444444 0.2824074074074074
37 0.35138888888888886 0.23425925925925925 0.37777777777777777 0.23425925925925925 0.37777777777777777 0.26944444444444443 0.35138888888888886 0.26944444444444443
0 0.3861111111111111 0.23425925925925925 0.4131944444444445 0.23425925925925925 0.4131944444444445 0.2824074074074074 0.3861111111111111 0.2824074074074074
5 0.41805555555555557 0.23425925925925925 0.4451388888888889 0.23425925925925925 0.4451388888888889 0.2824074074074074 0.41805555555555557 0.2824074074074074
37 0.45069444444444445 0.23425925925925925 0.4777777777777778 0.23425925925925925 0.4777777777777778 0.27037037037037037 0.45069444444444445 0.27037037037037037
2 0.48541666666666666 0.23425925925925925 0.5048611111111111 0.23425925925925925 0.5048611111111111 0.2833333333333333 0.48541666666666666 0.2833333333333333
0 0.5125 0.23425925925925925 0.5395833333333333 0.23425925925925925 0.5395833333333333 0.2824074074074074 0.5125 0.2824074074074074
2 0.5479166666666667 0.23425925925925925 0.5673611111111112 0.23425925925925925 0.5673611111111112 0.28425925925925927 0.5479166666666667 0.28425925925925927
5 0.5743055555555555 0.23425925925925925 0.59375 0.23425925925925925 0.59375 0.2833333333333333 0.5743055555555555 0.2833333333333333
0 0.6368055555555555 0.23425925925925925 0.6638888888888889 0.23425925925925925 0.6638888888888889 0.2824074074074074 0.6368055555555555 0.2824074074074074
2 0.6715277777777777 0.23425925925925925 0.6986111111111111 0.23425925925925925 0.6986111111111111 0.2824074074074074 0.6715277777777777 0.2824074074074074
36 0.7034722222222223 0.23425925925925925 0.7159722222222222 0.23425925925925925 0.7159722222222222 0.27037037037037037 0.7034722222222223 0.27037037037037037
2 0.7243055555555555 0.23425925925925925 0.74375 0.23425925925925925 0.74375 0.28425925925925927 0.7243055555555555 0.28425925925925927
3 0.7520833333333333 0.23425925925925925 0.7791666666666667 0.23425925925925925 0.7791666666666667 0.2824074074074074 0.7520833333333333 0.2824074074074074
1 0.3701388888888889 0.29907407407407405 0.3875 0.29907407407407405 0.3875 0.3481481481481481 0.3701388888888889 0.3481481481481481
2 0.3958333333333333 0.29907407407407405 0.42291666666666666 0.29907407407407405 0.42291666666666666 0.3472222222222222 0.3958333333333333 0.3472222222222222
37 0.4305555555555556 0.29907407407407405 0.45763888888888893 0.29907407407407405 0.45763888888888893 0.33518518518518514 0.4305555555555556 0.33518518518518514
1 0.46319444444444446 0.29907407407407405 0.4756944444444445 0.29907407407407405 0.4756944444444445 0.3481481481481481 0.46319444444444446 0.3481481481481481
2 0.48194444444444445 0.29907407407407405 0.5090277777777777 0.29907407407407405 0.5090277777777777 0.3472222222222222 0.48194444444444445 0.3472222222222222
37 0.5152777777777777 0.29907407407407405 0.5423611111111111 0.29907407407407405 0.5423611111111111 0.33518518518518514 0.5152777777777777 0.33518518518518514
2 0.5506944444444445 0.29907407407407405 0.570138888888889 0.29907407407407405 0.570138888888889 0.3481481481481481 0.5506944444444445 0.3481481481481481
0 0.5770833333333333 0.29907407407407405 0.6041666666666666 0.29907407407407405 0.6041666666666666 0.3472222222222222 0.5770833333333333 0.3472222222222222
2 0.6097222222222223 0.29907407407407405 0.6368055555555556 0.29907407407407405 0.6368055555555556 0.3472222222222222 0.6097222222222223 0.3472222222222222
4 0.6430555555555556 0.29907407407407405 0.670138888888889 0.29907407407407405 0.670138888888889 0.3472222222222222 0.6430555555555556 0.3472222222222222
7 0.3701388888888889 0.3638888888888889 0.38958333333333334 0.3638888888888889 0.38958333333333334 0.41388888888888886 0.3701388888888889 0.41388888888888886
2 0.39791666666666664 0.3638888888888889 0.425 0.3638888888888889 0.425 0.41203703703703703 0.39791666666666664 0.41203703703703703
6 0.4305555555555556 0.3638888888888889 0.45763888888888893 0.3638888888888889 0.45763888888888893 0.41203703703703703 0.4305555555555556 0.41203703703703703
2 0.4638888888888889 0.3638888888888889 0.48333333333333334 0.3638888888888889 0.48333333333333334 0.412962962962963 0.4638888888888889 0.412962962962963
6 0.48819444444444443 0.3638888888888889 0.5076388888888889 0.3638888888888889 0.5076388888888889 0.41388888888888886 0.48819444444444443 0.41388888888888886
2 0.5125 0.3638888888888889 0.5319444444444444 0.3638888888888889 0.5319444444444444 0.41388888888888886 0.5125 0.41388888888888886
7 0.5402777777777777 0.3638888888888889 0.5673611111111111 0.3638888888888889 0.5673611111111111 0.41203703703703703 0.5402777777777777 0.41203703703703703
9 0.575 0.3638888888888889 0.5944444444444444 0.3638888888888889 0.5944444444444444 0.412962962962963 0.575 0.412962962962963
16 0.5993055555555555 0.3638888888888889 0.6263888888888889 0.3638888888888889 0.6263888888888889 0.41203703703703703 0.5993055555555555 0.41203703703703703
12 0.6340277777777777 0.3638888888888889 0.6611111111111111 0.3638888888888889 0.6611111111111111 0.412962962962963 0.6340277777777777 0.412962962962963
