1 0.3055555555555556 0.22685185185185186 0.3229166666666667 0.22685185185185186 0.3229166666666667 0.275 0.3055555555555556 0.275
2 0.32916666666666666 0.22685185185185186 0.3486111111111111 0.22685185185185186 0.3486111111111111 0.27685185185185185 0.32916666666666666 0.27685185185185185
37 0.3541666666666667 0.22685185185185186 0.38125000000000003 0.22685185185185186 0.38125000000000003 0.26296296296296295 0.3541666666666667 0.26296296296296295
1 0.38819444444444445 0.22685185185185186 0.40555555555555556 0.22685185185185186 0.40555555555555556 0.275 0.38819444444444445 0.275
2 0.4111111111111111 0.22685185185185186 0.43819444444444444 0.22685185185185186 0.43819444444444444 0.275 0.4111111111111111 0.275
37 0.4444444444444444 0.22685185185185186 0.47152777777777777 0.22685185185185186 0.47152777777777777 0.26296296296296295 0.4444444444444444 0.26296296296296295
2 0.4791666666666667 0.22685185185185186 0.50625 0.22685185185185186 0.50625 0.275 0.4791666666666667 0.275
0 0.5145833333333333 0.22685185185185186 0.5416666666666666 0.22685185185185186 0.5416666666666666 0.2759259259259259 0.5145833333333333 0.2759259259259259
2 0.5472222222222223 0.22685185185185186 0.5743055555555556 0.22685185185185186 0.5743055555555556 0.275 0.5472222222222223 0.275
4 0.5819444444444445 0.22685185185185186 0.6090277777777778 0.22685185185185186 0.6090277777777778 0.275 0.5819444444444445 0.275
1 0.6555555555555556 0.22685185185185186 0.6694444444444444 0.22685185185185186 0.6694444444444444 0.2759259259259259 0.6555555555555556 0.2759259259259259
3 0.675 0.22685185185185186 0.7020833333333334 0.22685185185185186 0.7020833333333334 0.2759259259259259 0.675 0.2759259259259259
36 0.7076388888888889 0.22685185185185186 0.71875 0.22685185185185186 0.71875 0.26296296296296295 0.7076388888888889 0.26296296296296295
4 0.7263888888888889 0.22685185185185186 0.7534722222222222 0.22685185185185186 0.7534722222222222 0.275 0.7263888888888889 0.275
5 0.7604166666666666 0.22685185185185186 0.7875 0.22685185185185186 0.7875 0.2759259259259259 0.7604166666666666 0.2759259259259259
1 0.3819444444444444 0.2916666666666667 0.39444444444444443 0.2916666666666667 0.39444444444444443 0.3407407407407408 0.3819444444444444 0.3407407407407408
7 0.40208333333333335 0.2916666666666667 0.4291666666666667 0.2916666666666667 0.4291666666666667 0.33981481481481485 0.40208333333333335 0.33981481481481485
37 0.4361111111111111 0.2916666666666667 0.46319444444444446 0.2916666666666667 0.46319444444444446 0.3277777777777778 0.4361111111111111 0.3277777777777778
1 0.46944444444444444 0.2916666666666667 0.48680555555555555 0.2916666666666667 0.48680555555555555 0.3407407407407408 0.46944444444444444 0.3407407407407408
2 0.49375 0.2916666666666667 0.5131944444444445 0.2916666666666667 0.5131944444444445 0.3416666666666667 0.49375 0.3416666666666667
37 0.5201388888888889 0.2916666666666667 0.5472222222222223 0.2916666666666667 0.5472222222222223 0.3277777777777778 0.5201388888888889 0.3277777777777778
2 0.5534722222222223 0.2916666666666667 0.5805555555555556 0.2916666666666667 0.5805555555555556 0.33981481481481485 0.5534722222222223 0.33981481481481485
0 0.5888888888888889 0.2916666666666667 0.6159722222222223 0.2916666666666667 0.6159722222222223 0.33981481481481485 0.5888888888888889 0.33981481481481485
2 0.6215277777777778 0.2916666666666667 0.6486111111111111 0.2916666666666667 0.6486111111111111 0.3407407407407408 0.6215277777777778 0.3407407407407408
4 0.6548611111111111 0.2916666666666667 0.6819444444444445 0.2916666666666667 0.6819444444444445 0.33981481481481485 0.6548611111111111 0.33981481481481485
8 0.3819444444444444 0.35648148148148145 0.40902777777777777 0.35648148148148145 0.40902777777777777 0.4046296296296296 0.3819444444444444 0.4046296296296296
0 0.41388888888888886 0.35648148148148145 0.4409722222222222 0.35648148148148145 0.4409722222222222 0.4046296296296296 0.41388888888888886 0.4046296296296296
8 0.4479166666666667 0.35648148148148145 0.47500000000000003 0.35648148148148145 0.47500000000000003 0.4046296296296296 0.4479166666666667 0.4046296296296296
1 0.48333333333333334 0.35648148148148145 0.5006944444444444 0.35648148148148145 0.5006944444444444 0.4046296296296296 0.48333333333333334 0.4046296296296296
0 0.5055555555555555 0.35648148148148145 0.5326388888888889 0.35648148148148145 0.5326388888888889 0.4046296296296296 0.5055555555555555 0.4046296296296296
0 0.5375 0.35648148148148145 0.5645833333333333 0.35648148148148145 0.5645833333333333 0.4046296296296296 0.5375 0.4046296296296296
1 0.5729166666666666 0.35648148148148145 0.5902777777777778 0.35648148148148145 0.5902777777777778 0.4046296296296296 0.5729166666666666 0.4046296296296296
0 0.5972222222222222 0.35648148148148145 0.6243055555555556 0.35648148148148145 0.6243055555555556 0.4046296296296296 0.5972222222222222 0.4046296296296296
13 0.6326388888888889 0.35648148148148145 0.6597222222222222 0.35648148148148145 0.6597222222222222 0.4046296296296296 0.6326388888888889 0.4046296296296296
29 0.6680555555555555 0.35648148148148145 0.6951388888888889 0.35648148148148145 0.6951388888888889 0.4046296296296296 0.6680555555555555 0.4046296296296296
