0 0.2861111111111111 0.23055555555555557 0.31319444444444444 0.23055555555555557 0.31319444444444444 0.27870370370370373 0.2861111111111111 0.27870370370370373
5 0.3194444444444444 0.23055555555555557 0.33888888888888885 0.23055555555555557 0.33888888888888885 0.2796296296296297 0.3194444444444444 0.2796296296296297
37 0.3451388888888889 0.23055555555555557 0.37222222222222223 0.23055555555555557 0.37222222222222223 0.26666666666666666 0.3451388888888889 0.26666666666666666
1 0.3770833333333333 0.23055555555555557 0.39444444444444443 0.23055555555555557 0.39444444444444443 0.27870370370370373 0.3770833333333333 0.27870370370370373
2 0.4 0.23055555555555557 0.42708333333333337 0.23055555555555557 0.42708333333333337 0.27870370370370373 0.4 0.27870370370370373
37 0.43472222222222223 0.23055555555555557 0.4618055555555556 0.23055555555555557 0.4618055555555556 0.26666666666666666 0.43472222222222223 0.26666666666666666
2 0.46805555555555556 0.23055555555555557 0.4951388888888889 0.23055555555555557 0.4951388888888889 0.2796296296296297 0.46805555555555556 0.2796296296296297
0 0.5013888888888889 0.23055555555555557 0.5284722222222222 0.23055555555555557 0.5284722222222222 0.27870370370370373 0.5013888888888889 0.27870370370370373
2 0.5354166666666667 0.23055555555555557 0.5625 0.23055555555555557 0.5625 0.2796296296296297 0.5354166666666667 0.2796296296296297
4 0.5680555555555555 0.23055555555555557 0.5951388888888889 0.23055555555555557 0.5951388888888889 0.27870370370370373 0.5680555555555555 0.27870370370370373
2 0.6340277777777777 0.23055555555555557 0.6534722222222222 0.23055555555555557 0.6534722222222222 0.2796296296296297 0.6340277777777777 0.2796296296296297
2 0.6583333333333333 0.23055555555555557 0.6854166666666667 0.23055555555555557 0.6854166666666667 0.27870370370370373 0.6583333333333333 0.27870370370370373
36 0.6902777777777778 0.23055555555555557 0.7027777777777777 0.23055555555555557 0.7027777777777777 0.26666666666666666 0.6902777777777778 0.26666666666666666
1 0.7090277777777778 0.23055555555555557 0.726388888888889 0.23055555555555557 0.726388888888889 0.27870370370370373 0.7090277777777778 0.27870370370370373
5 0.7319444444444444 0.23055555555555557 0.7513888888888889 0.23055555555555557 0.7513888888888889 0.2796296296296297 0.7319444444444444 0.2796296296296297
2 0.3625 0.2953703703703704 0.3819444444444444 0.2953703703703704 0.3819444444444444 0.34444444444444444 0.3625 0.34444444444444444
4 0.38958333333333334 0.2953703703703704 0.40902777777777777 0.2953703703703704 0.40902777777777777 0.34444444444444444 0.38958333333333334 0.34444444444444444
37 0.41597222222222224 0.2953703703703704 0.4430555555555556 0.2953703703703704 0.4430555555555556 0.3314814814814815 0.41597222222222224 0.3314814814814815
0 0.4479166666666667 0.2953703703703704 0.47500000000000003 0.2953703703703704 0.47500000000000003 0.34351851851851856 0.4479166666666667 0.34351851851851856
8 0.48125 0.2953703703703704 0.5006944444444444 0.2953703703703704 0.5006944444444444 0.3453703703703704 0.48125 0.3453703703703704
37 0.5090277777777777 0.2953703703703704 0.5361111111111111 0.2953703703703704 0.5361111111111111 0.3314814814814815 0.5090277777777777 0.3314814814814815
2 0.5430555555555555 0.2953703703703704 0.5625 0.2953703703703704 0.5625 0.34444444444444444 0.5430555555555555 0.34444444444444444
0 0.5680555555555555 0.2953703703703704 0.5951388888888889 0.2953703703703704 0.5951388888888889 0.34351851851851856 0.5680555555555555 0.34351851851851856
2 0.6034722222222222 0.2953703703703704 0.6305555555555555 0.2953703703703704 0.6305555555555555 0.34351851851851856 0.6034722222222222 0.34351851851851856
5 0.6361111111111111 0.2953703703703704 0.6555555555555556 0.2953703703703704 0.6555555555555556 0.34444444444444444 0.6361111111111111 0.34444444444444444
3 0.3625 0.36018518518518516 0.3819444444444444 0.36018518518518516 0.3819444444444444 0.4092592592592592 0.3625 0.4092592592592592
8 0.38680555555555557 0.36018518518518516 0.40625 0.36018518518518516 0.40625 0.4092592592592592 0.38680555555555557 0.4092592592592592
8 0.41388888888888886 0.36018518518518516 0.4333333333333333 0.36018518518518516 0.4333333333333333 0.4092592592592592 0.41388888888888886 0.4092592592592592
9 0.44027777777777777 0.36018518518518516 0.4673611111111111 0.36018518518518516 0.4673611111111111 0.4083333333333333 0.44027777777777777 0.4083333333333333
4 0.4756944444444444 0.36018518518518516 0.49513888888888885 0.36018518518518516 0.49513888888888885 0.4092592592592592 0.4756944444444444 0.4092592592592592
4 0.5 0.36018518518518516 0.5194444444444445 0.36018518518518516 0.5194444444444445 0.4092592592592592 0.5 0.4092592592592592
6 0.5263888888888889 0.36018518518518516 0.5534722222222223 0.36018518518518516 0.5534722222222223 0.4083333333333333 0.5263888888888889 0.4083333333333333
2 0.5590277777777778 0.36018518518518516 0.5784722222222223 0.36018518518518516 0.5784722222222223 0.4092592592592592 0.5590277777777778 0.4092592592592592
10 0.5854166666666667 0.36018518518518516 0.6125 0.36018518518518516 0.6125 0.4083333333333333 0.5854166666666667 0.4083333333333333
31 0.6194444444444445 0.36018518518518516 0.638888888888889 0.36018518518518516 0.638888888888889 0.4092592592592592 0.6194444444444445 0.4092592592592592
