2 0.2875 0.2351851851851852 0.3145833333333333 0.2351851851851852 0.3145833333333333 0.2833333333333333 0.2875 0.2833333333333333
6 0.32083333333333336 0.2351851851851852 0.3479166666666667 0.2351851851851852 0.3479166666666667 0.2833333333333333 0.32083333333333336 0.2833333333333333
37 0.3527777777777778 0.2351851851851852 0.37986111111111115 0.2351851851851852 0.37986111111111115 0.2712962962962963 0.3527777777777778 0.2712962962962963
0 0.38819444444444445 0.2351851851851852 0.4076388888888889 0.2351851851851852 0.4076388888888889 0.28425925925925927 0.38819444444444445 0.28425925925925927
7 0.41458333333333336 0.2351851851851852 0.4416666666666667 0.2351851851851852 0.4416666666666667 0.28425925925925927 0.41458333333333336 0.28425925925925927
37 0.44722222222222224 0.2351851851851852 0.4743055555555556 0.2351851851851852 0.4743055555555556 0.2712962962962963 0.44722222222222224 0.2712962962962963
2 0.48125 0.2351851851851852 0.5083333333333333 0.2351851851851852 0.5083333333333333 0.2833333333333333 0.48125 0.2833333333333333
0 0.5131944444444444 0.2351851851851852 0.5402777777777777 0.2351851851851852 0.5402777777777777 0.2833333333333333 0.5131944444444444 0.2833333333333333
2 0.5486111111111112 0.2351851851851852 0.5756944444444445 0.2351851851851852 0.5756944444444445 0.2833333333333333 0.5486111111111112 0.2833333333333333
5 0.5819444444444445 0.2351851851851852 0.6090277777777778 0.2351851851851852 0.6090277777777778 0.2833333333333333 0.5819444444444445 0.2833333333333333
0 0.6513888888888889 0.2351851851851852 0.6708333333333334 0.2351851851851852 0.6708333333333334 0.2851851851851852 0.6513888888888889 0.2851851851851852
7 0.6784722222222223 0.2351851851851852 0.6979166666666667 0.2351851851851852 0.6979166666666667 0.28425925925925927 0.6784722222222223 0.28425925925925927
36 0.70625 0.2351851851851852 0.7173611111111111 0.2351851851851852 0.7173611111111111 0.2712962962962963 0.70625 0.2712962962962963
4 0.7222222222222222 0.2351851851851852 0.7416666666666667 0.2351851851851852 0.7416666666666667 0.28425925925925927 0.7222222222222222 0.28425925925925927
0 0.7486111111111111 0.2351851851851852 0.7756944444444445 0.2351851851851852 0.7756944444444445 0.2833333333333333 0.7486111111111111 0.2833333333333333
2 0.3638888888888889 0.3 0.3909722222222222 0.3 0.3909722222222222 0.34814814814814815 0.3638888888888889 0.34814814814814815
5 0.3993055555555556 0.3 0.42638888888888893 0.3 0.42638888888888893 0.34814814814814815 0.3993055555555556 0.34814814814814815
37 0.43194444444444446 0.3 0.4590277777777778 0.3 0.4590277777777778 0.3351851851851852 0.43194444444444446 0.3351851851851852
1 0.46458333333333335 0.3 0.47708333333333336 0.3 0.47708333333333336 0.35 0.46458333333333335 0.35
2 0.4847222222222222 0.3 0.5118055555555555 0.3 0.5118055555555555 0.34814814814814815 0.4847222222222222 0.34814814814814815
37 0.5166666666666667 0.3 0.5437500000000001 0.3 0.5437500000000001 0.3361111111111111 0.5166666666666667 0.3361111111111111
2 0.55 0.3 0.5770833333333334 0.3 0.5770833333333334 0.34814814814814815 0.55 0.34814814814814815
0 0.5840277777777778 0.3 0.6034722222222223 0.3 0.6034722222222223 0.3490740740740741 0.5840277777777778 0.3490740740740741
2 0.6097222222222223 0.3 0.6368055555555556 0.3 0.6368055555555556 0.34814814814814815 0.6097222222222223 0.34814814814814815
4 0.6423611111111112 0.3 0.6694444444444445 0.3 0.6694444444444445 0.34814814814814815 0.6423611111111112 0.34814814814814815
2 0.3638888888888889 0.3648148148148148 0.3833333333333333 0.3648148148148148 0.3833333333333333 0.41388888888888886 0.3638888888888889 0.41388888888888886
5 0.38819444444444445 0.3648148148148148 0.4076388888888889 0.3648148148148148 0.4076388888888889 0.41388888888888886 0.38819444444444445 0.41388888888888886
6 0.41458333333333336 0.3648148148148148 0.4340277777777778 0.3648148148148148 0.4340277777777778 0.4148148148148148 0.41458333333333336 0.4148148148148148
1 0.4409722222222222 0.3648148148148148 0.4534722222222222 0.3648148148148148 0.4534722222222222 0.4148148148148148 0.4409722222222222 0.4148148148148148
0 0.45902777777777776 0.3648148148148148 0.4784722222222222 0.3648148148148148 0.4784722222222222 0.41388888888888886 0.45902777777777776 0.41388888888888886
6 0.48541666666666666 0.3648148148148148 0.5125 0.3648148148148148 0.5125 0.412962962962963 0.48541666666666666 0.412962962962963
0 0.5208333333333334 0.3648148148148148 0.5479166666666667 0.3648148148148148 0.5479166666666667 0.412962962962963 0.5208333333333334 0.412962962962963
1 0.5541666666666667 0.3648148148148148 0.5715277777777779 0.3648148148148148 0.5715277777777779 0.412962962962963 0.5541666666666667 0.412962962962963
34 0.5798611111111112 0.3648148148148148 0.5993055555555556 0.3648148148148148 0.5993055555555556 0.41388888888888886 0.5798611111111112 0.41388888888888886
17 0.6076388888888888 0.3648148148148148 0.6347222222222222 0.3648148148148148 0.6347222222222222 0.412962962962963 0.6076388888888888 0.412962962962963
