0 0.3076388888888889 0.2222222222222222 0.33472222222222225 0.2222222222222222 0.33472222222222225 0.27037037037037037 0.3076388888888889 0.27037037037037037
7 0.3416666666666667 0.2222222222222222 0.3611111111111111 0.2222222222222222 0.3611111111111111 0.27129629629629626 0.3416666666666667 0.27129629629629626
37 0.36736111111111114 0.2222222222222222 0.3944444444444445 0.2222222222222222 0.3944444444444445 0.2583333333333333 0.36736111111111114 0.2583333333333333
1 0.4013888888888889 0.2222222222222222 0.41875 0.2222222222222222 0.41875 0.27129629629629626 0.4013888888888889 0.27129629629629626
0 0.42569444444444443 0.2222222222222222 0.4527777777777778 0.2222222222222222 0.4527777777777778 0.27129629629629626 0.42569444444444443 0.27129629629629626
37 0.4576388888888889 0.2222222222222222 0.4847222222222222 0.2222222222222222 0.4847222222222222 0.2583333333333333 0.4576388888888889 0.2583333333333333
2 0.4930555555555556 0.2222222222222222 0.5201388888888889 0.2222222222222222 0.5201388888888889 0.27129629629629626 0.4930555555555556 0.27129629629629626
0 0.5263888888888889 0.2222222222222222 0.5534722222222223 0.2222222222222222 0.5534722222222223 0.27037037037037037 0.5263888888888889 0.27037037037037037
2 0.5604166666666667 0.2222222222222222 0.5875 0.2222222222222222 0.5875 0.27129629629629626 0.5604166666666667 0.27129629629629626
5 0.59375 0.2222222222222222 0.6208333333333333 0.2222222222222222 0.6208333333333333 0.27037037037037037 0.59375 0.27037037037037037
0 0.6638888888888889 0.2222222222222222 0.6833333333333333 0.2222222222222222 0.6833333333333333 0.2722222222222222 0.6638888888888889 0.2722222222222222
2 0.6909722222222222 0.2222222222222222 0.7104166666666667 0.2222222222222222 0.7104166666666667 0.2722222222222222 0.6909722222222222 0.2722222222222222
36 0.7173611111111111 0.2222222222222222 0.7298611111111111 0.2222222222222222 0.7298611111111111 0.2583333333333333 0.7173611111111111 0.2583333333333333
5 0.7347222222222223 0.2222222222222222 0.7541666666666668 0.2222222222222222 0.7541666666666668 0.27129629629629626 0.7347222222222223 0.27129629629629626
5 0.7604166666666666 0.2222222222222222 0.7798611111111111 0.2222222222222222 0.7798611111111111 0.27129629629629626 0.7604166666666666 0.27129629629629626
2 0.3840277777777778 0.28703703703703703 0.40347222222222223 0.28703703703703703 0.40347222222222223 0.33611111111111114 0.3840277777777778 0.33611111111111114
2 0.41180555555555554 0.28703703703703703 0.4388888888888889 0.28703703703703703 0.4388888888888889 0.33611111111111114 0.41180555555555554 0.33611111111111114
37 0.44513888888888886 0.28703703703703703 0.4722222222222222 0.28703703703703703 0.4722222222222222 0.32314814814814813 0.44513888888888886 0.32314814814814813
0 0.47708333333333336 0.28703703703703703 0.5041666666666667 0.28703703703703703 0.5041666666666667 0.3351851851851852 0.47708333333333336 0.3351851851851852
4 0.5118055555555555 0.28703703703703703 0.5388888888888889 0.28703703703703703 0.5388888888888889 0.3351851851851852 0.5118055555555555 0.3351851851851852
37 0.5472222222222223 0.28703703703703703 0.5743055555555556 0.28703703703703703 0.5743055555555556 0.32314814814814813 0.5472222222222223 0.32314814814814813
2 0.5819444444444445 0.28703703703703703 0.6090277777777778 0.28703703703703703 0.6090277777777778 0.3351851851851852 0.5819444444444445 0.3351851851851852
0 0.6152777777777778 0.28703703703703703 0.6423611111111112 0.28703703703703703 0.6423611111111112 0.3351851851851852 0.6152777777777778 0.3351851851851852
2 0.6506944444444445 0.28703703703703703 0.6777777777777778 0.28703703703703703 0.6777777777777778 0.3351851851851852 0.6506944444444445 0.3351851851851852
5 0.6826388888888889 0.28703703703703703 0.7097222222222223 0.28703703703703703 0.7097222222222223 0.3351851851851852 0.6826388888888889 0.3351851851851852
5 0.3840277777777778 0.35185185185185186 0.41111111111111115 0.35185185185185186 0.41111111111111115 0.4 0.3840277777777778 0.4
0 0.4166666666666667 0.35185185185185186 0.44375000000000003 0.35185185185185186 0.44375000000000003 0.4 0.4166666666666667 0.4
8 0.4486111111111111 0.35185185185185186 0.46805555555555556 0.35185185185185186 0.46805555555555556 0.4009259259259259 0.4486111111111111 0.4009259259259259
6 0.4756944444444444 0.35185185185185186 0.49513888888888885 0.35185185185185186 0.49513888888888885 0.40185185185185185 0.4756944444444444 0.40185185185185185
3 0.5027777777777778 0.35185185185185186 0.5298611111111111 0.35185185185185186 0.5298611111111111 0.4 0.5027777777777778 0.4
4 0.5368055555555555 0.35185185185185186 0.55625 0.35185185185185186 0.55625 0.4009259259259259 0.5368055555555555 0.4009259259259259
8 0.5611111111111111 0.35185185185185186 0.5881944444444445 0.35185185185185186 0.5881944444444445 0.4 0.5611111111111111 0.4
8 0.5958333333333333 0.35185185185185186 0.6152777777777778 0.35185185185185186 0.6152777777777778 0.4009259259259259 0.5958333333333333 0.4009259259259259
19 0.6222222222222222 0.35185185185185186 0.6416666666666667 0.35185185185185186 0.6416666666666667 0.4009259259259259 0.6222222222222222 0.4009259259259259
34 0.6472222222222223 0.35185185185185186 0.6666666666666667 0.35185185185185186 0.6666666666666667 0.40185185185185185 0.6472222222222223 0.40185185185185185
