0 0.2972222222222222 0.22592592592592592 0.32430555555555557 0.22592592592592592 0.32430555555555557 0.2740740740740741 0.2972222222222222 0.2740740740740741
7 0.33194444444444443 0.22592592592592592 0.35138888888888886 0.22592592592592592 0.35138888888888886 0.275 0.33194444444444443 0.275
37 0.35625 0.22592592592592592 0.38333333333333336 0.22592592592592592 0.38333333333333336 0.262037037037037 0.35625 0.262037037037037
0 0.38958333333333334 0.22592592592592592 0.4166666666666667 0.22592592592592592 0.4166666666666667 0.2740740740740741 0.38958333333333334 0.2740740740740741
6 0.42430555555555555 0.22592592592592592 0.4513888888888889 0.22592592592592592 0.4513888888888889 0.2740740740740741 0.42430555555555555 0.2740740740740741
37 0.45902777777777776 0.22592592592592592 0.48541666666666666 0.22592592592592592 0.48541666666666666 0.2611111111111111 0.45902777777777776 0.2611111111111111
2 0.49375 0.22592592592592592 0.5131944444444445 0.22592592592592592 0.5131944444444445 0.275 0.49375 0.275
0 0.5180555555555556 0.22592592592592592 0.545138888888889 0.22592592592592592 0.545138888888889 0.2740740740740741 0.5180555555555556 0.2740740740740741
2 0.5513888888888889 0.22592592592592592 0.5784722222222223 0.22592592592592592 0.5784722222222223 0.275 0.5513888888888889 0.275
5 0.5868055555555556 0.22592592592592592 0.6062500000000001 0.22592592592592592 0.6062500000000001 0.275 0.5868055555555556 0.275
0 0.6458333333333334 0.22592592592592592 0.6729166666666667 0.22592592592592592 0.6729166666666667 0.2740740740740741 0.6458333333333334 0.2740740740740741
9 0.6791666666666667 0.22592592592592592 0.70625 0.22592592592592592 0.70625 0.2740740740740741 0.6791666666666667 0.2740740740740741
36 0.7138888888888889 0.22592592592592592 0.725 0.22592592592592592 0.725 0.262037037037037 0.7138888888888889 0.262037037037037
0 0.7326388888888888 0.22592592592592592 0.7520833333333333 0.22592592592592592 0.7520833333333333 0.275 0.7326388888888888 0.275
2 0.7576388888888889 0.22592592592592592 0.7847222222222222 0.22592592592592592 0.7847222222222222 0.2740740740740741 0.7576388888888889 0.2740740740740741
1 0.3736111111111111 0.29074074074074074 0.3909722222222222 0.29074074074074074 0.3909722222222222 0.3388888888888889 0.3736111111111111 0.3388888888888889
8 0.39791666666666664 0.29074074074074074 0.41736111111111107 0.29074074074074074 0.41736111111111107 0.34074074074074073 0.39791666666666664 0.34074074074074073
37 0.425 0.29074074074074074 0.45208333333333334 0.29074074074074074 0.45208333333333334 0.32685185185185184 0.425 0.32685185185185184
0 0.4583333333333333 0.29074074074074074 0.48541666666666666 0.29074074074074074 0.48541666666666666 0.3388888888888889 0.4583333333333333 0.3388888888888889
7 0.49166666666666664 0.29074074074074074 0.5111111111111111 0.29074074074074074 0.5111111111111111 0.3398148148148148 0.49166666666666664 0.3398148148148148
37 0.5194444444444445 0.29074074074074074 0.5465277777777778 0.29074074074074074 0.5465277777777778 0.32685185185185184 0.5194444444444445 0.32685185185185184
2 0.5541666666666667 0.29074074074074074 0.58125 0.29074074074074074 0.58125 0.3398148148148148 0.5541666666666667 0.3398148148148148
0 0.5875 0.29074074074074074 0.6145833333333334 0.29074074074074074 0.6145833333333334 0.3388888888888889 0.5875 0.3388888888888889
2 0.6215277777777778 0.29074074074074074 0.6486111111111111 0.29074074074074074 0.6486111111111111 0.3388888888888889 0.6215277777777778 0.3388888888888889
5 0.6569444444444444 0.29074074074074074 0.6840277777777778 0.29074074074074074 0.6840277777777778 0.3388888888888889 0.6569444444444444 0.3388888888888889
9 0.3736111111111111 0.35555555555555557 0.39305555555555555 0.35555555555555557 0.39305555555555555 0.4046296296296297 0.3736111111111111 0.4046296296296297
8 0.40069444444444446 0.35555555555555557 0.4277777777777778 0.35555555555555557 0.4277777777777778 0.40370370370370373 0.40069444444444446 0.40370370370370373
3 0.4361111111111111 0.35555555555555557 0.46319444444444446 0.35555555555555557 0.46319444444444446 0.40370370370370373 0.4361111111111111 0.40370370370370373
4 0.47152777777777777 0.35555555555555557 0.4909722222222222 0.35555555555555557 0.4909722222222222 0.4046296296296297 0.47152777777777777 0.4046296296296297
9 0.4979166666666667 0.35555555555555557 0.525 0.35555555555555557 0.525 0.40370370370370373 0.4979166666666667 0.40370370370370373
5 0.53125 0.35555555555555557 0.5583333333333333 0.35555555555555557 0.5583333333333333 0.40370370370370373 0.53125 0.40370370370370373
5 0.5666666666666667 0.35555555555555557 0.5861111111111111 0.35555555555555557 0.5861111111111111 0.4046296296296297 0.5666666666666667 0.4046296296296297
6 0.5923611111111111 0.35555555555555557 0.6118055555555556 0.35555555555555557 0.6118055555555556 0.4046296296296297 0.5923611111111111 0.4046296296296297
14 0.61875 0.35555555555555557 0.6381944444444445 0.35555555555555557 0.6381944444444445 0.40555555555555556 0.61875 0.40555555555555556
22 0.6458333333333334 0.35555555555555557 0.6729166666666667 0.35555555555555557 0.6729166666666667 0.40370370370370373 0.6458333333333334 0.40370370370370373
