1 0.29375 0.22685185185185186 0.3111111111111111 0.22685185185185186 0.3111111111111111 0.275 0.29375 0.275
3 0.3194444444444444 0.22685185185185186 0.34652777777777777 0.22685185185185186 0.34652777777777777 0.275 0.3194444444444444 0.275
37 0.35208333333333336 0.22685185185185186 0.3791666666666667 0.22685185185185186 0.3791666666666667 0.26296296296296295 0.35208333333333336 0.26296296296296295
0 0.3840277777777778 0.22685185185185186 0.40347222222222223 0.22685185185185186 0.40347222222222223 0.27685185185185185 0.3840277777777778 0.27685185185185185
6 0.4083333333333333 0.22685185185185186 0.42777777777777776 0.22685185185185186 0.42777777777777776 0.2759259259259259 0.4083333333333333 0.2759259259259259
37 0.4340277777777778 0.22685185185185186 0.46111111111111114 0.22685185185185186 0.46111111111111114 0.26296296296296295 0.4340277777777778 0.26296296296296295
2 0.46875 0.22685185185185186 0.49583333333333335 0.22685185185185186 0.49583333333333335 0.275 0.46875 0.275
0 0.5027777777777778 0.22685185185185186 0.5222222222222223 0.22685185185185186 0.5222222222222223 0.27685185185185185 0.5027777777777778 0.27685185185185185
2 0.5298611111111111 0.22685185185185186 0.5569444444444445 0.22685185185185186 0.5569444444444445 0.275 0.5298611111111111 0.275
5 0.5618055555555556 0.22685185185185186 0.5888888888888889 0.22685185185185186 0.5888888888888889 0.275 0.5618055555555556 0.275
1 0.6263888888888889 0.22685185185185186 0.64375 0.22685185185185186 0.64375 0.275 0.6263888888888889 0.275
0 0.6513888888888889 0.22685185185185186 0.6708333333333334 0.22685185185185186 0.6708333333333334 0.2759259259259259 0.6513888888888889 0.2759259259259259
36 0.6770833333333334 0.22685185185185186 0.6895833333333333 0.22685185185185186 0.6895833333333333 0.26296296296296295 0.6770833333333334 0.26296296296296295
2 0.6951388888888889 0.22685185185185186 0.7145833333333333 0.22685185185185186 0.7145833333333333 0.2759259259259259 0.6951388888888889 0.2759259259259259
4 0.7194444444444444 0.22685185185185186 0.7388888888888889 0.22685185185185186 0.7388888888888889 0.2759259259259259 0.7194444444444444 0.2759259259259259
2 0.3701388888888889 0.2916666666666667 0.39722222222222225 0.2916666666666667 0.39722222222222225 0.33981481481481485 0.3701388888888889 0.33981481481481485
1 0.4027777777777778 0.2916666666666667 0.4152777777777778 0.2916666666666667 0.4152777777777778 0.3407407407407408 0.4027777777777778 0.3407407407407408
37 0.4201388888888889 0.2916666666666667 0.44722222222222224 0.2916666666666667 0.44722222222222224 0.3277777777777778 0.4201388888888889 0.3277777777777778
0 0.45416666666666666 0.2916666666666667 0.48125 0.2916666666666667 0.48125 0.33981481481481485 0.45416666666666666 0.33981481481481485
1 0.4888888888888889 0.2916666666666667 0.50625 0.2916666666666667 0.50625 0.3407407407407408 0.4888888888888889 0.3407407407407408
37 0.5131944444444444 0.2916666666666667 0.5402777777777777 0.2916666666666667 0.5402777777777777 0.3277777777777778 0.5131944444444444 0.3277777777777778
2 0.5479166666666667 0.2916666666666667 0.5750000000000001 0.2916666666666667 0.5750000000000001 0.33981481481481485 0.5479166666666667 0.33981481481481485
0 0.5805555555555556 0.2916666666666667 0.607638888888889 0.2916666666666667 0.607638888888889 0.3407407407407408 0.5805555555555556 0.3407407407407408
2 0.6152777777777778 0.2916666666666667 0.6423611111111112 0.2916666666666667 0.6423611111111112 0.33981481481481485 0.6152777777777778 0.33981481481481485
5 0.6506944444444445 0.2916666666666667 0.670138888888889 0.2916666666666667 0.670138888888889 0.3416666666666667 0.6506944444444445 0.3416666666666667
5 0.3701388888888889 0.35648148148148145 0.39722222222222225 0.35648148148148145 0.39722222222222225 0.40555555555555556 0.3701388888888889 0.40555555555555556
9 0.40555555555555556 0.35648148148148145 0.425 0.35648148148148145 0.425 0.40555555555555556 0.40555555555555556 0.40555555555555556
9 0.4305555555555556 0.35648148148148145 0.45763888888888893 0.35648148148148145 0.45763888888888893 0.4046296296296296 0.4305555555555556 0.4046296296296296
8 0.4652777777777778 0.35648148148148145 0.49236111111111114 0.35648148148148145 0.49236111111111114 0.4046296296296296 0.4652777777777778 0.4046296296296296
9 0.4979166666666667 0.35648148148148145 0.5173611111111112 0.35648148148148145 0.5173611111111112 0.40648148148148144 0.4979166666666667 0.40648148148148144
6 0.525 0.35648148148148145 0.5444444444444445 0.35648148148148145 0.5444444444444445 0.40555555555555556 0.525 0.40555555555555556
2 0.5493055555555556 0.35648148148148145 0.576388888888889 0.35648148148148145 0.576388888888889 0.4046296296296296 0.5493055555555556 0.4046296296296296
7 0.5833333333333334 0.35648148148148145 0.6104166666666667 0.35648148148148145 0.6104166666666667 0.4046296296296296 0.5833333333333334 0.4046296296296296
18 0.6152777777777778 0.35648148148148145 0.632638888888889 0.35648148148148145 0.632638888888889 0.4046296296296296 0.6152777777777778 0.4046296296296296
34 0.6388888888888888 0.35648148148148145 0.6583333333333333 0.35648148148148145 0.6583333333333333 0.40648148148148144 0.6388888888888888 0.40648148148148144
