1 0.2965277777777778 0.22962962962962963 0.3090277777777778 0.22962962962962963 0.3090277777777778 0.26944444444444443 0.2965277777777778 0.26944444444444443
2 0.3145833333333333 0.22962962962962963 0.3416666666666667 0.22962962962962963 0.3416666666666667 0.2777777777777778 0.3145833333333333 0.2777777777777778
37 0.34791666666666665 0.22962962962962963 0.375 0.22962962962962963 0.375 0.2657407407407407 0.34791666666666665 0.2657407407407407
0 0.38333333333333336 0.22962962962962963 0.4104166666666667 0.22962962962962963 0.4104166666666667 0.2777777777777778 0.38333333333333336 0.2777777777777778
9 0.4152777777777778 0.22962962962962963 0.43472222222222223 0.22962962962962963 0.43472222222222223 0.2787037037037037 0.4152777777777778 0.2787037037037037
37 0.44027777777777777 0.22962962962962963 0.4673611111111111 0.22962962962962963 0.4673611111111111 0.2657407407407407 0.44027777777777777 0.2657407407407407
2 0.47291666666666665 0.22962962962962963 0.4923611111111111 0.22962962962962963 0.4923611111111111 0.2796296296296296 0.47291666666666665 0.2796296296296296
0 0.49930555555555556 0.22962962962962963 0.5263888888888889 0.22962962962962963 0.5263888888888889 0.2777777777777778 0.49930555555555556 0.2777777777777778
2 0.5333333333333333 0.22962962962962963 0.5604166666666667 0.22962962962962963 0.5604166666666667 0.2777777777777778 0.5333333333333333 0.2777777777777778
5 0.56875 0.22962962962962963 0.5958333333333333 0.22962962962962963 0.5958333333333333 0.2777777777777778 0.56875 0.2777777777777778
0 0.6354166666666666 0.22962962962962963 0.6625 0.22962962962962963 0.6625 0.2787037037037037 0.6354166666666666 0.2787037037037037
0 0.6708333333333333 0.22962962962962963 0.6979166666666666 0.22962962962962963 0.6979166666666666 0.2777777777777778 0.6708333333333333 0.2777777777777778
36 0.7041666666666667 0.22962962962962963 0.7152777777777778 0.22962962962962963 0.7152777777777778 0.2657407407407407 0.7041666666666667 0.2657407407407407
0 0.7229166666666667 0.22962962962962963 0.75 0.22962962962962963 0.75 0.2777777777777778 0.7229166666666667 0.2777777777777778
0 0.7569444444444444 0.22962962962962963 0.7840277777777778 0.22962962962962963 0.7840277777777778 0.2777777777777778 0.7569444444444444 0.2777777777777778
1 0.3729166666666667 0.29444444444444445 0.3854166666666667 0.29444444444444445 0.3854166666666667 0.34351851851851856 0.3729166666666667 0.34351851851851856
1 0.39375 0.29444444444444445 0.40625 0.29444444444444445 0.40625 0.34444444444444444 0.39375 0.34444444444444444
37 0.4125 0.29444444444444445 0.4395833333333333 0.29444444444444445 0.4395833333333333 0.33055555555555555 0.4125 0.33055555555555555
0 0.44513888888888886 0.29444444444444445 0.4722222222222222 0.29444444444444445 0.4722222222222222 0.34351851851851856 0.44513888888888886 0.34351851851851856
7 0.48055555555555557 0.29444444444444445 0.5 0.29444444444444445 0.5 0.34351851851851856 0.48055555555555557 0.34351851851851856
37 0.5083333333333333 0.29444444444444445 0.5354166666666667 0.29444444444444445 0.5354166666666667 0.33055555555555555 0.5083333333333333 0.33055555555555555
2 0.54375 0.29444444444444445 0.5708333333333333 0.29444444444444445 0.5708333333333333 0.3425925925925926 0.54375 0.3425925925925926
0 0.5791666666666667 0.29444444444444445 0.6062500000000001 0.29444444444444445 0.6062500000000001 0.3425925925925926 0.5791666666666667 0.3425925925925926
2 0.6118055555555556 0.29444444444444445 0.638888888888889 0.29444444444444445 0.638888888888889 0.3425925925925926 0.6118055555555556 0.3425925925925926
5 0.64375 0.29444444444444445 0.6631944444444445 0.29444444444444445 0.6631944444444445 0.34444444444444444 0.64375 0.34444444444444444
5 0.3729166666666667 0.3592592592592593 0.3923611111111111 0.3592592592592593 0.3923611111111111 0.4083333333333333 0.3729166666666667 0.4083333333333333
4 0.39861111111111114 0.3592592592592593 0.4256944444444445 0.3592592592592593 0.4256944444444445 0.40740740740740744 0.39861111111111114 0.40740740740740744
2 0.43125 0.3592592592592593 0.45833333333333337 0.3592592592592593 0.45833333333333337 0.4083333333333333 0.43125 0.4083333333333333
7 0.46597222222222223 0.3592592592592593 0.4930555555555556 0.3592592592592593 0.4930555555555556 0.40740740740740744 0.46597222222222223 0.40740740740740744
7 0.5013888888888889 0.3592592592592593 0.5284722222222222 0.3592592592592593 0.5284722222222222 0.40740740740740744 0.5013888888888889 0.40740740740740744
9 0.5333333333333333 0.3592592592592593 0.5604166666666667 0.3592592592592593 0.5604166666666667 0.40740740740740744 0.5333333333333333 0.40740740740740744
2 0.5680555555555555 0.3592592592592593 0.5875 0.3592592592592593 0.5875 0.40925925925925927 0.5680555555555555 0.40925925925925927
1 0.59375 0.3592592592592593 0.6111111111111112 0.3592592592592593 0.6111111111111112 0.40740740740740744 0.59375 0.40740740740740744
27 0.61875 0.3592592592592593 0.6381944444444445 0.3592592592592593 0.6381944444444445 0.4083333333333333 0.61875 0.4083333333333333
21 0.6430555555555556 0.3592592592592593 0.670138888888889 0.3592592592592593 0.670138888888889 0.4083333333333333 0.6430555555555556 0.4083333333333333
