0 0.29583333333333334 0.23425925925925925 0.3229166666666667 0.23425925925925925 0.3229166666666667 0.2833333333333333 0.29583333333333334 0.2833333333333333
1 0.3277777777777778 0.23425925925925925 0.3402777777777778 0.23425925925925925 0.3402777777777778 0.28425925925925927 0.3277777777777778 0.28425925925925927
37 0.3486111111111111 0.23425925925925925 0.37569444444444444 0.23425925925925925 0.37569444444444444 0.27037037037037037 0.3486111111111111 0.27037037037037037
1 0.38263888888888886 0.23425925925925925 0.39652777777777776 0.23425925925925925 0.39652777777777776 0.2833333333333333 0.38263888888888886 0.2833333333333333
0 0.40347222222222223 0.23425925925925925 0.4305555555555556 0.23425925925925925 0.4305555555555556 0.2824074074074074 0.40347222222222223 0.2824074074074074
37 0.4375 0.23425925925925925 0.4638888888888889 0.23425925925925925 0.4638888888888889 0.26944444444444443 0.4375 0.26944444444444443
2 0.4701388888888889 0.23425925925925925 0.4895833333333333 0.23425925925925925 0.4895833333333333 0.28425925925925927 0.4701388888888889 0.28425925925925927
0 0.4979166666666667 0.23425925925925925 0.5173611111111112 0.23425925925925925 0.5173611111111112 0.2833333333333333 0.4979166666666667 0.2833333333333333
2 0.5222222222222223 0.23425925925925925 0.5416666666666667 0.23425925925925925 0.5416666666666667 0.2833333333333333 0.5222222222222223 0.2833333333333333
5 0.5493055555555556 0.23425925925925925 0.576388888888889 0.23425925925925925 0.576388888888889 0.2824074074074074 0.5493055555555556 0.2824074074074074
0 0.6159722222222223 0.23425925925925925 0.6430555555555556 0.23425925925925925 0.6430555555555556 0.2824074074074074 0.6159722222222223 0.2824074074074074
9 0.6486111111111111 0.23425925925925925 0.6680555555555556 0.23425925925925925 0.6680555555555556 0.2833333333333333 0.6486111111111111 0.2833333333333333
36 0.6763888888888889 0.23425925925925925 0.6888888888888889 0.23425925925925925 0.6888888888888889 0.27037037037037037 0.6763888888888889 0.27037037037037037
1 0.6958333333333333 0.23425925925925925 0.7083333333333333 0.23425925925925925 0.7083333333333333 0.2740740740740741 0.6958333333333333 0.2740740740740741
2 0.7145833333333333 0.23425925925925925 0.7416666666666667 0.23425925925925925 0.7416666666666667 0.2824074074074074 0.7145833333333333 0.2824074074074074
1 0.37222222222222223 0.29907407407407405 0.38472222222222224 0.29907407407407405 0.38472222222222224 0.3481481481481481 0.37222222222222223 0.3481481481481481
5 0.3909722222222222 0.29907407407407405 0.41805555555555557 0.29907407407407405 0.41805555555555557 0.3472222222222222 0.3909722222222222 0.3472222222222222
37 0.42569444444444443 0.29907407407407405 0.4527777777777778 0.29907407407407405 0.4527777777777778 0.33518518518518514 0.42569444444444443 0.33518518518518514
0 0.4576388888888889 0.29907407407407405 0.4847222222222222 0.29907407407407405 0.4847222222222222 0.3472222222222222 0.4576388888888889 0.3472222222222222
1 0.4909722222222222 0.29907407407407405 0.5034722222222222 0.29907407407407405 0.5034722222222222 0.34907407407407404 0.4909722222222222 0.34907407407407404
37 0.5111111111111111 0.29907407407407405 0.5381944444444444 0.29907407407407405 0.5381944444444444 0.33425925925925926 0.5111111111111111 0.33425925925925926
2 0.5444444444444444 0.29907407407407405 0.5638888888888889 0.29907407407407405 0.5638888888888889 0.3481481481481481 0.5444444444444444 0.3481481481481481
0 0.5708333333333333 0.29907407407407405 0.5979166666666667 0.29907407407407405 0.5979166666666667 0.3472222222222222 0.5708333333333333 0.3472222222222222
2 0.60625 0.29907407407407405 0.6333333333333333 0.29907407407407405 0.6333333333333333 0.3472222222222222 0.60625 0.3472222222222222
5 0.6388888888888888 0.29907407407407405 0.6583333333333333 0.29907407407407405 0.6583333333333333 0.3481481481481481 0.6388888888888888 0.3481481481481481
7 0.37222222222222223 0.3638888888888889 0.39166666666666666 0.3638888888888889 0.39166666666666666 0.412962962962963 0.37222222222222223 0.412962962962963
5 0.3993055555555556 0.3638888888888889 0.42638888888888893 0.3638888888888889 0.42638888888888893 0.412962962962963 0.3993055555555556 0.412962962962963
4 0.4326388888888889 0.3638888888888889 0.45972222222222225 0.3638888888888889 0.45972222222222225 0.41203703703703703 0.4326388888888889 0.41203703703703703
7 0.46597222222222223 0.3638888888888889 0.48541666666666666 0.3638888888888889 0.48541666666666666 0.412962962962963 0.46597222222222223 0.412962962962963
0 0.49236111111111114 0.3638888888888889 0.5194444444444445 0.3638888888888889 0.5194444444444445 0.41203703703703703 0.49236111111111114 0.41203703703703703
4 0.525 0.3638888888888889 0.5520833333333334 0.3638888888888889 0.5520833333333334 0.41203703703703703 0.525 0.41203703703703703
9 0.5569444444444445 0.3638888888888889 0.576388888888889 0.3638888888888889 0.576388888888889 0.412962962962963 0.5569444444444445 0.412962962962963
8 0.5833333333333334 0.3638888888888889 0.6104166666666667 0.3638888888888889 0.6104166666666667 0.41203703703703703 0.5833333333333334 0.41203703703703703
25 0.6159722222222223 0.3638888888888889 0.6354166666666667 0.3638888888888889 0.6354166666666667 0.41388888888888886 0.6159722222222223 0.41388888888888886
16 0.6409722222222223 0.3638888888888889 0.6680555555555556 0.3638888888888889 0.6680555555555556 0.41203703703703703 0.6409722222222223 0.41203703703703703
