0 0.2965277777777778 0.23425925925925925 0.3236111111111111 0.23425925925925925 0.3236111111111111 0.2824074074074074 0.2965277777777778 0.2824074074074074
7 0.33125 0.23425925925925925 0.3506944444444444 0.23425925925925925 0.3506944444444444 0.2833333333333333 0.33125 0.2833333333333333
37 0.35694444444444445 0.23425925925925925 0.3840277777777778 0.23425925925925925 0.3840277777777778 0.27037037037037037 0.35694444444444445 0.27037037037037037
0 0.3888888888888889 0.23425925925925925 0.41597222222222224 0.23425925925925925 0.41597222222222224 0.2824074074074074 0.3888888888888889 0.2824074074074074
9 0.4236111111111111 0.23425925925925925 0.44305555555555554 0.23425925925925925 0.44305555555555554 0.2833333333333333 0.4236111111111111 0.2833333333333333
37 0.4479166666666667 0.23425925925925925 0.47500000000000003 0.23425925925925925 0.47500000000000003 0.27037037037037037 0.4479166666666667 0.27037037037037037
2 0.48055555555555557 0.23425925925925925 0.5076388888888889 0.23425925925925925 0.5076388888888889 0.2824074074074074 0.48055555555555557 0.2824074074074074
0 0.5125 0.23425925925925925 0.5319444444444444 0.23425925925925925 0.5319444444444444 0.2833333333333333 0.5125 0.2833333333333333
2 0.5368055555555555 0.23425925925925925 0.5638888888888889 0.23425925925925925 0.5638888888888889 0.2824074074074074 0.5368055555555555 0.2824074074074074
5 0.5715277777777777 0.23425925925925925 0.5986111111111111 0.23425925925925925 0.5986111111111111 0.2833333333333333 0.5715277777777777 0.2833333333333333
0 0.6381944444444444 0.23425925925925925 0.6652777777777777 0.23425925925925925 0.6652777777777777 0.2824074074074074 0.6381944444444444 0.2824074074074074
0 0.6701388888888888 0.23425925925925925 0.6895833333333333 0.23425925925925925 0.6895833333333333 0.28425925925925927 0.6701388888888888 0.28425925925925927
36 0.6958333333333333 0.23425925925925925 0.7069444444444444 0.23425925925925925 0.7069444444444444 0.27037037037037037 0.6958333333333333 0.27037037037037037
0 0.7125 0.23425925925925925 0.7395833333333334 0.23425925925925925 0.7395833333333334 0.2824074074074074 0.7125 0.2824074074074074
0 0.7458333333333333 0.23425925925925925 0.7652777777777778 0.23425925925925925 0.7652777777777778 0.28425925925925927 0.7458333333333333 0.28425925925925927
2 0.3729166666666667 0.29907407407407405 0.4 0.29907407407407405 0.4 0.3472222222222222 0.3729166666666667 0.3472222222222222
3 0.40694444444444444 0.29907407407407405 0.4340277777777778 0.29907407407407405 0.4340277777777778 0.3481481481481481 0.40694444444444444 0.3481481481481481
37 0.4388888888888889 0.29907407407407405 0.46597222222222223 0.29907407407407405 0.46597222222222223 0.33518518518518514 0.4388888888888889 0.33518518518518514
0 0.47430555555555554 0.29907407407407405 0.5013888888888889 0.29907407407407405 0.5013888888888889 0.3472222222222222 0.47430555555555554 0.3472222222222222
1 0.5076388888888889 0.29907407407407405 0.5201388888888888 0.29907407407407405 0.5201388888888888 0.3481481481481481 0.5076388888888889 0.3481481481481481
37 0.5277777777777778 0.29907407407407405 0.5548611111111111 0.29907407407407405 0.5548611111111111 0.33518518518518514 0.5277777777777778 0.33518518518518514
2 0.5625 0.29907407407407405 0.5819444444444445 0.29907407407407405 0.5819444444444445 0.3481481481481481 0.5625 0.3481481481481481
0 0.5875 0.29907407407407405 0.6069444444444445 0.29907407407407405 0.6069444444444445 0.3481481481481481 0.5875 0.3481481481481481
2 0.6145833333333334 0.29907407407407405 0.6416666666666667 0.29907407407407405 0.6416666666666667 0.3481481481481481 0.6145833333333334 0.3481481481481481
5 0.6493055555555556 0.29907407407407405 0.6763888888888889 0.29907407407407405 0.6763888888888889 0.3481481481481481 0.6493055555555556 0.3481481481481481
5 0.3729166666666667 0.3638888888888889 0.4 0.3638888888888889 0.4 0.41203703703703703 0.3729166666666667 0.41203703703703703
8 0.40555555555555556 0.3638888888888889 0.425 0.3638888888888889 0.425 0.412962962962963 0.40555555555555556 0.412962962962963
8 0.4326388888888889 0.3638888888888889 0.45972222222222225 0.3638888888888889 0.45972222222222225 0.41203703703703703 0.4326388888888889 0.41203703703703703
1 0.46458333333333335 0.3638888888888889 0.4756944444444445 0.3638888888888889 0.4756944444444445 0.41203703703703703 0.46458333333333335 0.41203703703703703
6 0.48333333333333334 0.3638888888888889 0.5027777777777778 0.3638888888888889 0.5027777777777778 0.41388888888888886 0.48333333333333334 0.41388888888888886
0 0.5097222222222222 0.3638888888888889 0.5368055555555555 0.3638888888888889 0.5368055555555555 0.41203703703703703 0.5097222222222222 0.41203703703703703
8 0.5451388888888888 0.3638888888888889 0.5645833333333333 0.3638888888888889 0.5645833333333333 0.41388888888888886 0.5451388888888888 0.41388888888888886
2 0.5694444444444444 0.3638888888888889 0.5888888888888889 0.3638888888888889 0.5888888888888889 0.412962962962963 0.5694444444444444 0.412962962962963
21 0.5958333333333333 0.3638888888888889 0.6229166666666667 0.3638888888888889 0.6229166666666667 0.41203703703703703 0.5958333333333333 0.41203703703703703
16 0.6298611111111111 0.3638888888888889 0.6569444444444444 0.3638888888888889 0.6569444444444444 0.41203703703703703 0.6298611111111111 0.41203703703703703
