1 0.29305555555555557 0.22870370370370371 0.3104166666666667 0.22870370370370371 0.3104166666666667 0.27685185185185185 0.29305555555555557 0.27685185185185185
5 0.31527777777777777 0.22870370370370371 0.3423611111111111 0.22870370370370371 0.3423611111111111 0.27685185185185185 0.31527777777777777 0.27685185185185185
37 0.3506944444444444 0.22870370370370371 0.37777777777777777 0.22870370370370371 0.37777777777777777 0.26481481481481484 0.3506944444444444 0.26481481481481484
0 0.3840277777777778 0.22870370370370371 0.41111111111111115 0.22870370370370371 0.41111111111111115 0.27685185185185185 0.3840277777777778 0.27685185185185185
7 0.4173611111111111 0.22870370370370371 0.44375000000000003 0.22870370370370371 0.44375000000000003 0.2777777777777778 0.4173611111111111 0.2777777777777778
37 0.44930555555555557 0.22870370370370371 0.4763888888888889 0.22870370370370371 0.4763888888888889 0.26481481481481484 0.44930555555555557 0.26481481481481484
2 0.48333333333333334 0.22870370370370371 0.5104166666666666 0.22870370370370371 0.5104166666666666 0.27685185185185185 0.48333333333333334 0.27685185185185185
0 0.5180555555555556 0.22870370370370371 0.545138888888889 0.22870370370370371 0.545138888888889 0.2777777777777778 0.5180555555555556 0.2777777777777778
2 0.5534722222222223 0.22870370370370371 0.5805555555555556 0.22870370370370371 0.5805555555555556 0.27685185185185185 0.5534722222222223 0.27685185185185185
5 0.5868055555555556 0.22870370370370371 0.6138888888888889 0.22870370370370371 0.6138888888888889 0.27685185185185185 0.5868055555555556 0.27685185185185185
2 0.6569444444444444 0.22870370370370371 0.6763888888888889 0.22870370370370371 0.6763888888888889 0.27870370370370373 0.6569444444444444 0.27870370370370373
3 0.68125 0.22870370370370371 0.7083333333333334 0.22870370370370371 0.7083333333333334 0.27685185185185185 0.68125 0.27685185185185185
36 0.7152777777777778 0.22870370370370371 0.7277777777777777 0.22870370370370371 0.7277777777777777 0.26481481481481484 0.7152777777777778 0.26481481481481484
1 0.7340277777777777 0.22870370370370371 0.7513888888888889 0.22870370370370371 0.7513888888888889 0.27685185185185185 0.7340277777777777 0.27685185185185185
0 0.7597222222222222 0.22870370370370371 0.7791666666666667 0.22870370370370371 0.7791666666666667 0.27870370370370373 0.7597222222222222 0.27870370370370373
0 0.36944444444444446 0.2935185185185185 0.3888888888888889 0.2935185185185185 0.3888888888888889 0.34259259259259256 0.36944444444444446 0.34259259259259256
7 0.39444444444444443 0.2935185185185185 0.41388888888888886 0.2935185185185185 0.41388888888888886 0.34259259259259256 0.39444444444444443 0.34259259259259256
37 0.41875 0.2935185185185185 0.4409722222222222 0.2935185185185185 0.4409722222222222 0.32314814814814813 0.41875 0.32314814814814813
0 0.4479166666666667 0.2935185185185185 0.47500000000000003 0.2935185185185185 0.47500000000000003 0.3416666666666667 0.4479166666666667 0.3416666666666667
9 0.4798611111111111 0.2935185185185185 0.5069444444444444 0.2935185185185185 0.5069444444444444 0.3416666666666667 0.4798611111111111 0.3416666666666667
37 0.5125 0.2935185185185185 0.5395833333333333 0.2935185185185185 0.5395833333333333 0.3296296296296296 0.5125 0.3296296296296296
2 0.5444444444444444 0.2935185185185185 0.5715277777777777 0.2935185185185185 0.5715277777777777 0.3416666666666667 0.5444444444444444 0.3416666666666667
0 0.5784722222222223 0.2935185185185185 0.6055555555555556 0.2935185185185185 0.6055555555555556 0.3416666666666667 0.5784722222222223 0.3416666666666667
2 0.6131944444444445 0.2935185185185185 0.6402777777777778 0.2935185185185185 0.6402777777777778 0.3416666666666667 0.6131944444444445 0.3416666666666667
5 0.6472222222222223 0.2935185185185185 0.6743055555555556 0.2935185185185185 0.6743055555555556 0.3416666666666667 0.6472222222222223 0.3416666666666667
5 0.36944444444444446 0.35833333333333334 0.3965277777777778 0.35833333333333334 0.3965277777777778 0.4064814814814815 0.36944444444444446 0.4064814814814815
7 0.4027777777777778 0.35833333333333334 0.4222222222222222 0.35833333333333334 0.4222222222222222 0.40740740740740744 0.4027777777777778 0.40740740740740744
8 0.42986111111111114 0.35833333333333334 0.44930555555555557 0.35833333333333334 0.44930555555555557 0.40740740740740744 0.42986111111111114 0.40740740740740744
0 0.4548611111111111 0.35833333333333334 0.48194444444444445 0.35833333333333334 0.48194444444444445 0.4064814814814815 0.4548611111111111 0.4064814814814815
1 0.48680555555555555 0.35833333333333334 0.5041666666666667 0.35833333333333334 0.5041666666666667 0.4064814814814815 0.48680555555555555 0.4064814814814815
8 0.5104166666666666 0.35833333333333334 0.5298611111111111 0.35833333333333334 0.5298611111111111 0.40740740740740744 0.5104166666666666 0.40740740740740744
2 0.5375 0.35833333333333334 0.5645833333333333 0.35833333333333334 0.5645833333333333 0.40740740740740744 0.5375 0.40740740740740744
7 0.5729166666666666 0.35833333333333334 0.5923611111111111 0.35833333333333334 0.5923611111111111 0.40740740740740744 0.5729166666666666 0.40740740740740744
27 0.6 0.35833333333333334 0.6194444444444445 0.35833333333333334 0.6194444444444445 0.40740740740740744 0.6 0.40740740740740744
33 0.6270833333333333 0.35833333333333334 0.6465277777777778 0.35833333333333334 0.6465277777777778 0.40740740740740744 0.6270833333333333 0.40740740740740744
