2 0.2861111111111111 0.2351851851851852 0.31319444444444444 0.2351851851851852 0.31319444444444444 0.28425925925925927 0.2861111111111111 0.28425925925925927
9 0.3194444444444444 0.2351851851851852 0.33541666666666664 0.2351851851851852 0.33541666666666664 0.28425925925925927 0.3194444444444444 0.28425925925925927
37 0.34305555555555556 0.2351851851851852 0.3701388888888889 0.2351851851851852 0.3701388888888889 0.2712962962962963 0.34305555555555556 0.2712962962962963
0 0.3770833333333333 0.2351851851851852 0.4041666666666667 0.2351851851851852 0.4041666666666667 0.2833333333333333 0.3770833333333333 0.2833333333333333
9 0.41041666666666665 0.2351851851851852 0.4375 0.2351851851851852 0.4375 0.2833333333333333 0.41041666666666665 0.2833333333333333
37 0.4423611111111111 0.2351851851851852 0.46875 0.2351851851851852 0.46875 0.27037037037037037 0.4423611111111111 0.27037037037037037
2 0.4736111111111111 0.2351851851851852 0.5006944444444444 0.2351851851851852 0.5006944444444444 0.28425925925925927 0.4736111111111111 0.28425925925925927
0 0.50625 0.2351851851851852 0.5256944444444445 0.2351851851851852 0.5256944444444445 0.28425925925925927 0.50625 0.28425925925925927
2 0.5305555555555556 0.2351851851851852 0.5576388888888889 0.2351851851851852 0.5576388888888889 0.2833333333333333 0.5305555555555556 0.2833333333333333
5 0.5625 0.2351851851851852 0.5895833333333333 0.2351851851851852 0.5895833333333333 0.2833333333333333 0.5625 0.2833333333333333
1 0.6298611111111111 0.2351851851851852 0.642361111111111 0.2351851851851852 0.642361111111111 0.28425925925925927 0.6298611111111111 0.28425925925925927
2 0.6493055555555556 0.2351851851851852 0.6763888888888889 0.2351851851851852 0.6763888888888889 0.2833333333333333 0.6493055555555556 0.2833333333333333
36 0.6819444444444445 0.2351851851851852 0.6930555555555555 0.2351851851851852 0.6930555555555555 0.2712962962962963 0.6819444444444445 0.2712962962962963
2 0.6979166666666666 0.2351851851851852 0.7173611111111111 0.2351851851851852 0.7173611111111111 0.28425925925925927 0.6979166666666666 0.28425925925925927
0 0.7229166666666667 0.2351851851851852 0.7423611111111111 0.2351851851851852 0.7423611111111111 0.28425925925925927 0.7229166666666667 0.28425925925925927
2 0.3625 0.3 0.3819444444444444 0.3 0.3819444444444444 0.3490740740740741 0.3625 0.3490740740740741
8 0.3888888888888889 0.3 0.4083333333333333 0.3 0.4083333333333333 0.3490740740740741 0.3888888888888889 0.3490740740740741
37 0.4152777777777778 0.3 0.44236111111111115 0.3 0.44236111111111115 0.3361111111111111 0.4152777777777778 0.3361111111111111
0 0.4479166666666667 0.3 0.4673611111111111 0.3 0.4673611111111111 0.35 0.4479166666666667 0.35
2 0.4722222222222222 0.3 0.49930555555555556 0.3 0.49930555555555556 0.3490740740740741 0.4722222222222222 0.3490740740740741
37 0.5041666666666667 0.3 0.53125 0.3 0.53125 0.3361111111111111 0.5041666666666667 0.3361111111111111
2 0.5361111111111111 0.3 0.5555555555555556 0.3 0.5555555555555556 0.3490740740740741 0.5361111111111111 0.3490740740740741
0 0.5638888888888889 0.3 0.5909722222222222 0.3 0.5909722222222222 0.34814814814814815 0.5638888888888889 0.34814814814814815
2 0.5993055555555555 0.3 0.61875 0.3 0.61875 0.35 0.5993055555555555 0.35
5 0.6256944444444444 0.3 0.6527777777777778 0.3 0.6527777777777778 0.3490740740740741 0.6256944444444444 0.3490740740740741
5 0.3625 0.3648148148148148 0.38958333333333334 0.3648148148148148 0.38958333333333334 0.412962962962963 0.3625 0.412962962962963
3 0.39652777777777776 0.3648148148148148 0.4236111111111111 0.3648148148148148 0.4236111111111111 0.412962962962963 0.39652777777777776 0.412962962962963
1 0.4284722222222222 0.3648148148148148 0.4458333333333333 0.3648148148148148 0.4458333333333333 0.412962962962963 0.4284722222222222 0.412962962962963
5 0.4527777777777778 0.3648148148148148 0.4798611111111111 0.3648148148148148 0.4798611111111111 0.412962962962963 0.4527777777777778 0.412962962962963
5 0.4875 0.3648148148148148 0.5069444444444444 0.3648148148148148 0.5069444444444444 0.41388888888888886 0.4875 0.41388888888888886
1 0.5131944444444444 0.3648148148148148 0.5256944444444444 0.3648148148148148 0.5256944444444444 0.41388888888888886 0.5131944444444444 0.41388888888888886
8 0.5340277777777778 0.3648148148148148 0.5534722222222223 0.3648148148148148 0.5534722222222223 0.41388888888888886 0.5340277777777778 0.41388888888888886
6 0.5618055555555556 0.3648148148148148 0.58125 0.3648148148148148 0.58125 0.41388888888888886 0.5618055555555556 0.41388888888888886
19 0.5861111111111111 0.3648148148148148 0.6131944444444445 0.3648148148148148 0.6131944444444445 0.41388888888888886 0.5861111111111111 0.41388888888888886
27 0.61875 0.3648148148148148 0.6381944444444445 0.3648148148148148 0.6381944444444445 0.41388888888888886 0.61875 0.41388888888888886
