0 0.28888888888888886 0.225 0.3159722222222222 0.225 0.3159722222222222 0.27314814814814814 0.28888888888888886 0.27314814814814814
5 0.3229166666666667 0.225 0.35000000000000003 0.225 0.35000000000000003 0.27314814814814814 0.3229166666666667 0.27314814814814814
37 0.35694444444444445 0.225 0.3840277777777778 0.225 0.3840277777777778 0.2611111111111111 0.35694444444444445 0.2611111111111111
0 0.38958333333333334 0.225 0.40902777777777777 0.225 0.40902777777777777 0.275 0.38958333333333334 0.275
4 0.4152777777777778 0.225 0.44236111111111115 0.225 0.44236111111111115 0.27314814814814814 0.4152777777777778 0.27314814814814814
37 0.45069444444444445 0.225 0.4777777777777778 0.225 0.4777777777777778 0.2601851851851852 0.45069444444444445 0.2601851851851852
2 0.4847222222222222 0.225 0.5041666666666667 0.225 0.5041666666666667 0.2740740740740741 0.4847222222222222 0.2740740740740741
0 0.5097222222222222 0.225 0.5291666666666667 0.225 0.5291666666666667 0.2740740740740741 0.5097222222222222 0.2740740740740741
2 0.5368055555555555 0.225 0.5638888888888889 0.225 0.5638888888888889 0.27314814814814814 0.5368055555555555 0.27314814814814814
5 0.5722222222222222 0.225 0.5993055555555555 0.225 0.5993055555555555 0.27314814814814814 0.5722222222222222 0.27314814814814814
1 0.6402777777777777 0.225 0.6576388888888889 0.225 0.6576388888888889 0.27314814814814814 0.6402777777777777 0.27314814814814814
4 0.6631944444444444 0.225 0.6902777777777778 0.225 0.6902777777777778 0.27314814814814814 0.6631944444444444 0.27314814814814814
36 0.6972222222222222 0.225 0.7041666666666666 0.225 0.7041666666666666 0.25555555555555554 0.6972222222222222 0.25555555555555554
0 0.7097222222222223 0.225 0.7291666666666667 0.225 0.7291666666666667 0.2740740740740741 0.7097222222222223 0.2740740740740741
1 0.7375 0.225 0.75 0.225 0.75 0.27314814814814814 0.7375 0.27314814814814814
0 0.36527777777777776 0.2898148148148148 0.3923611111111111 0.2898148148148148 0.3923611111111111 0.33796296296296297 0.36527777777777776 0.33796296296296297
7 0.4 0.2898148148148148 0.42708333333333337 0.2898148148148148 0.42708333333333337 0.33796296296296297 0.4 0.33796296296296297
37 0.4340277777777778 0.2898148148148148 0.46111111111111114 0.2898148148148148 0.46111111111111114 0.325 0.4340277777777778 0.325
0 0.4673611111111111 0.2898148148148148 0.49444444444444446 0.2898148148148148 0.49444444444444446 0.33796296296296297 0.4673611111111111 0.33796296296296297
7 0.5006944444444444 0.2898148148148148 0.5201388888888889 0.2898148148148148 0.5201388888888889 0.3388888888888889 0.5006944444444444 0.3388888888888889
37 0.5256944444444445 0.2898148148148148 0.5527777777777778 0.2898148148148148 0.5527777777777778 0.3259259259259259 0.5256944444444445 0.3259259259259259
2 0.5590277777777778 0.2898148148148148 0.5861111111111111 0.2898148148148148 0.5861111111111111 0.33796296296296297 0.5590277777777778 0.33796296296296297
0 0.59375 0.2898148148148148 0.6208333333333333 0.2898148148148148 0.6208333333333333 0.33796296296296297 0.59375 0.33796296296296297
2 0.6291666666666667 0.2898148148148148 0.65625 0.2898148148148148 0.65625 0.33796296296296297 0.6291666666666667 0.33796296296296297
5 0.6638888888888889 0.2898148148148148 0.6833333333333333 0.2898148148148148 0.6833333333333333 0.3388888888888889 0.6638888888888889 0.3388888888888889
1 0.36527777777777776 0.35462962962962963 0.37777777777777777 0.35462962962962963 0.37777777777777777 0.4027777777777778 0.36527777777777776 0.4027777777777778
1 0.38472222222222224 0.35462962962962963 0.39861111111111114 0.35462962962962963 0.39861111111111114 0.4037037037037037 0.38472222222222224 0.4037037037037037
8 0.40625 0.35462962962962963 0.42569444444444443 0.35462962962962963 0.42569444444444443 0.4037037037037037 0.40625 0.4037037037037037
0 0.43125 0.35462962962962963 0.45833333333333337 0.35462962962962963 0.45833333333333337 0.4037037037037037 0.43125 0.4037037037037037
0 0.4652777777777778 0.35462962962962963 0.49236111111111114 0.35462962962962963 0.49236111111111114 0.4037037037037037 0.4652777777777778 0.4037037037037037
4 0.4979166666666667 0.35462962962962963 0.525 0.35462962962962963 0.525 0.4027777777777778 0.4979166666666667 0.4027777777777778
8 0.5298611111111111 0.35462962962962963 0.5569444444444445 0.35462962962962963 0.5569444444444445 0.4027777777777778 0.5298611111111111 0.4027777777777778
7 0.5652777777777778 0.35462962962962963 0.5923611111111111 0.35462962962962963 0.5923611111111111 0.4027777777777778 0.5652777777777778 0.4027777777777778
19 0.5986111111111111 0.35462962962962963 0.6256944444444444 0.35462962962962963 0.6256944444444444 0.4027777777777778 0.5986111111111111 0.4027777777777778
27 0.6340277777777777 0.35462962962962963 0.6611111111111111 0.35462962962962963 0.6611111111111111 0.4027777777777778 0.6340277777777777 0.4027777777777778
