0 0.30833333333333335 0.23333333333333334 0.3354166666666667 0.23333333333333334 0.3354166666666667 0.2814814814814815 0.30833333333333335 0.2814814814814815
8 0.34375 0.23333333333333334 0.36319444444444443 0.23333333333333334 0.36319444444444443 0.28240740740740744 0.34375 0.28240740740740744
37 0.36875 0.23333333333333334 0.39583333333333337 0.23333333333333334 0.39583333333333337 0.26944444444444443 0.36875 0.26944444444444443
1 0.4041666666666667 0.23333333333333334 0.4215277777777778 0.23333333333333334 0.4215277777777778 0.2814814814814815 0.4041666666666667 0.2814814814814815
0 0.42777777777777776 0.23333333333333334 0.4472222222222222 0.23333333333333334 0.4472222222222222 0.28240740740740744 0.42777777777777776 0.28240740740740744
37 0.4548611111111111 0.23333333333333334 0.48194444444444445 0.23333333333333334 0.48194444444444445 0.26944444444444443 0.4548611111111111 0.26944444444444443
2 0.4875 0.23333333333333334 0.5069444444444444 0.23333333333333334 0.5069444444444444 0.28240740740740744 0.4875 0.28240740740740744
0 0.5131944444444444 0.23333333333333334 0.5402777777777777 0.23333333333333334 0.5402777777777777 0.2814814814814815 0.5131944444444444 0.2814814814814815
2 0.5465277777777777 0.23333333333333334 0.5659722222222222 0.23333333333333334 0.5659722222222222 0.28240740740740744 0.5465277777777777 0.28240740740740744
5 0.5736111111111111 0.23333333333333334 0.6006944444444444 0.23333333333333334 0.6006944444444444 0.2814814814814815 0.5736111111111111 0.2814814814814815
1 0.6444444444444445 0.23333333333333334 0.6583333333333333 0.23333333333333334 0.6583333333333333 0.28240740740740744 0.6444444444444445 0.28240740740740744
9 0.6645833333333333 0.23333333333333334 0.6916666666666667 0.23333333333333334 0.6916666666666667 0.2814814814814815 0.6645833333333333 0.2814814814814815
36 0.6986111111111111 0.23333333333333334 0.7097222222222221 0.23333333333333334 0.7097222222222221 0.26944444444444443 0.6986111111111111 0.26944444444444443
2 0.7145833333333333 0.23333333333333334 0.7340277777777778 0.23333333333333334 0.7340277777777778 0.2833333333333333 0.7145833333333333 0.2833333333333333
1 0.7402777777777778 0.23333333333333334 0.757638888888889 0.23333333333333334 0.757638888888889 0.2814814814814815 0.7402777777777778 0.2814814814814815
3 0.38472222222222224 0.29814814814814816 0.4118055555555556 0.29814814814814816 0.4118055555555556 0.3462962962962963 0.38472222222222224 0.3462962962962963
1 0.4166666666666667 0.29814814814814816 0.4291666666666667 0.29814814814814816 0.4291666666666667 0.3472222222222222 0.4166666666666667 0.3472222222222222
37 0.4340277777777778 0.29814814814814816 0.46111111111111114 0.29814814814814816 0.46111111111111114 0.33425925925925926 0.4340277777777778 0.33425925925925926
0 0.46805555555555556 0.29814814814814816 0.4951388888888889 0.29814814814814816 0.4951388888888889 0.3462962962962963 0.46805555555555556 0.3462962962962963
8 0.5006944444444444 0.29814814814814816 0.5201388888888889 0.29814814814814816 0.5201388888888889 0.34814814814814815 0.5006944444444444 0.34814814814814815
37 0.5277777777777778 0.29814814814814816 0.5548611111111111 0.29814814814814816 0.5548611111111111 0.33425925925925926 0.5277777777777778 0.33425925925925926
2 0.5618055555555556 0.29814814814814816 0.5888888888888889 0.29814814814814816 0.5888888888888889 0.3462962962962963 0.5618055555555556 0.3462962962962963
0 0.5972222222222222 0.29814814814814816 0.6243055555555556 0.29814814814814816 0.6243055555555556 0.3462962962962963 0.5972222222222222 0.3462962962962963
2 0.6298611111111111 0.29814814814814816 0.6493055555555556 0.29814814814814816 0.6493055555555556 0.3472222222222222 0.6298611111111111 0.3472222222222222
5 0.65625 0.29814814814814816 0.6833333333333333 0.29814814814814816 0.6833333333333333 0.3462962962962963 0.65625 0.3462962962962963
2 0.38472222222222224 0.362962962962963 0.4118055555555556 0.362962962962963 0.4118055555555556 0.41111111111111115 0.38472222222222224 0.41111111111111115
7 0.41944444444444445 0.362962962962963 0.4465277777777778 0.362962962962963 0.4465277777777778 0.41111111111111115 0.41944444444444445 0.41111111111111115
2 0.4548611111111111 0.362962962962963 0.48194444444444445 0.362962962962963 0.48194444444444445 0.4120370370370371 0.4548611111111111 0.4120370370370371
6 0.48819444444444443 0.362962962962963 0.5076388888888889 0.362962962962963 0.5076388888888889 0.4120370370370371 0.48819444444444443 0.4120370370370371
7 0.5159722222222223 0.362962962962963 0.5430555555555556 0.362962962962963 0.5430555555555556 0.41111111111111115 0.5159722222222223 0.41111111111111115
6 0.5506944444444445 0.362962962962963 0.570138888888889 0.362962962962963 0.570138888888889 0.412962962962963 0.5506944444444445 0.412962962962963
4 0.5777777777777777 0.362962962962963 0.6048611111111111 0.362962962962963 0.6048611111111111 0.41111111111111115 0.5777777777777777 0.41111111111111115
7 0.6118055555555556 0.362962962962963 0.6312500000000001 0.362962962962963 0.6312500000000001 0.4120370370370371 0.6118055555555556 0.4120370370370371
16 0.6381944444444444 0.362962962962963 0.6652777777777777 0.362962962962963 0.6652777777777777 0.41111111111111115 0.6381944444444444 0.41111111111111115
17 0.6722222222222223 0.362962962962963 0.6916666666666668 0.362962962962963 0.6916666666666668 0.4120370370370371 0.6722222222222223 0.4120370370370371
