2 0.28541666666666665 0.2324074074074074 0.3125 0.2324074074074074 0.3125 0.28055555555555556 0.28541666666666665 0.28055555555555556
0 0.32083333333333336 0.2324074074074074 0.3479166666666667 0.2324074074074074 0.3479166666666667 0.28055555555555556 0.32083333333333336 0.28055555555555556
37 0.3527777777777778 0.2324074074074074 0.37986111111111115 0.2324074074074074 0.37986111111111115 0.2675925925925926 0.3527777777777778 0.2675925925925926
1 0.3875 0.2324074074074074 0.4 0.2324074074074074 0.4 0.2824074074074074 0.3875 0.2824074074074074
2 0.40694444444444444 0.2324074074074074 0.4340277777777778 0.2324074074074074 0.4340277777777778 0.28055555555555556 0.40694444444444444 0.28055555555555556
37 0.44027777777777777 0.2324074074074074 0.4673611111111111 0.2324074074074074 0.4673611111111111 0.2685185185185185 0.44027777777777777 0.2685185185185185
2 0.4722222222222222 0.2324074074074074 0.49930555555555556 0.2324074074074074 0.49930555555555556 0.28148148148148144 0.4722222222222222 0.28148148148148144
0 0.50625 0.2324074074074074 0.5333333333333333 0.2324074074074074 0.5333333333333333 0.28055555555555556 0.50625 0.28055555555555556
2 0.5388888888888889 0.2324074074074074 0.5659722222222222 0.2324074074074074 0.5659722222222222 0.28055555555555556 0.5388888888888889 0.28055555555555556
4 0.5743055555555555 0.2324074074074074 0.59375 0.2324074074074074 0.59375 0.28148148148148144 0.5743055555555555 0.28148148148148144
0 0.6347222222222222 0.2324074074074074 0.6618055555555555 0.2324074074074074 0.6618055555555555 0.28055555555555556 0.6347222222222222 0.28055555555555556
4 0.6673611111111111 0.2324074074074074 0.6944444444444444 0.2324074074074074 0.6944444444444444 0.28055555555555556 0.6673611111111111 0.28055555555555556
36 0.7013888888888888 0.2324074074074074 0.7124999999999999 0.2324074074074074 0.7124999999999999 0.2685185185185185 0.7013888888888888 0.2685185185185185
0 0.7180555555555556 0.2324074074074074 0.7451388888888889 0.2324074074074074 0.7451388888888889 0.28055555555555556 0.7180555555555556 0.28055555555555556
9 0.7534722222222222 0.2324074074074074 0.7805555555555556 0.2324074074074074 0.7805555555555556 0.28055555555555556 0.7534722222222222 0.28055555555555556
1 0.36180555555555555 0.2972222222222222 0.37916666666666665 0.2972222222222222 0.37916666666666665 0.3453703703703704 0.36180555555555555 0.3453703703703704
2 0.3854166666666667 0.2972222222222222 0.41250000000000003 0.2972222222222222 0.41250000000000003 0.3462962962962963 0.3854166666666667 0.3462962962962963
37 0.41944444444444445 0.2972222222222222 0.4465277777777778 0.2972222222222222 0.4465277777777778 0.3333333333333333 0.41944444444444445 0.3333333333333333
0 0.45208333333333334 0.2972222222222222 0.4791666666666667 0.2972222222222222 0.4791666666666667 0.3453703703703704 0.45208333333333334 0.3453703703703704
3 0.4847222222222222 0.2972222222222222 0.5041666666666667 0.2972222222222222 0.5041666666666667 0.3472222222222222 0.4847222222222222 0.3472222222222222
37 0.5090277777777777 0.2972222222222222 0.5361111111111111 0.2972222222222222 0.5361111111111111 0.3333333333333333 0.5090277777777777 0.3333333333333333
2 0.5444444444444444 0.2972222222222222 0.5715277777777777 0.2972222222222222 0.5715277777777777 0.3453703703703704 0.5444444444444444 0.3453703703703704
0 0.5770833333333333 0.2972222222222222 0.6041666666666666 0.2972222222222222 0.6041666666666666 0.3453703703703704 0.5770833333333333 0.3453703703703704
2 0.6104166666666667 0.2972222222222222 0.6298611111111112 0.2972222222222222 0.6298611111111112 0.3472222222222222 0.6104166666666667 0.3472222222222222
5 0.6368055555555555 0.2972222222222222 0.6638888888888889 0.2972222222222222 0.6638888888888889 0.3453703703703704 0.6368055555555555 0.3453703703703704
3 0.36180555555555555 0.36203703703703705 0.3888888888888889 0.36203703703703705 0.3888888888888889 0.4111111111111111 0.36180555555555555 0.4111111111111111
7 0.39444444444444443 0.36203703703703705 0.4215277777777778 0.36203703703703705 0.4215277777777778 0.4101851851851852 0.39444444444444443 0.4101851851851852
4 0.42777777777777776 0.36203703703703705 0.4472222222222222 0.36203703703703705 0.4472222222222222 0.4111111111111111 0.42777777777777776 0.4111111111111111
0 0.45555555555555555 0.36203703703703705 0.4826388888888889 0.36203703703703705 0.4826388888888889 0.4101851851851852 0.45555555555555555 0.4101851851851852
7 0.4909722222222222 0.36203703703703705 0.5104166666666666 0.36203703703703705 0.5104166666666666 0.4111111111111111 0.4909722222222222 0.4111111111111111
9 0.5166666666666667 0.36203703703703705 0.5361111111111112 0.36203703703703705 0.5361111111111112 0.4111111111111111 0.5166666666666667 0.4111111111111111
8 0.5444444444444444 0.36203703703703705 0.5638888888888889 0.36203703703703705 0.5638888888888889 0.41203703703703703 0.5444444444444444 0.41203703703703703
2 0.5722222222222222 0.36203703703703705 0.5993055555555555 0.36203703703703705 0.5993055555555555 0.4101851851851852 0.5722222222222222 0.4101851851851852
29 0.60625 0.36203703703703705 0.6333333333333333 0.36203703703703705 0.6333333333333333 0.4111111111111111 0.60625 0.4111111111111111
17 0.6381944444444444 0.36203703703703705 0.6652777777777777 0.36203703703703705 0.6652777777777777 0.4101851851851852 0.6381944444444444 0.4101851851851852
