2 0.29583333333333334 0.22407407407407406 0.3229166666666667 0.22407407407407406 0.3229166666666667 0.27314814814814814 0.29583333333333334 0.27314814814814814
1 0.3277777777777778 0.22407407407407406 0.3402777777777778 0.22407407407407406 0.3402777777777778 0.27314814814814814 0.3277777777777778 0.27314814814814814
37 0.3472222222222222 0.22407407407407406 0.37430555555555556 0.22407407407407406 0.37430555555555556 0.2601851851851852 0.3472222222222222 0.2601851851851852
0 0.38125 0.22407407407407406 0.4006944444444444 0.22407407407407406 0.4006944444444444 0.27314814814814814 0.38125 0.27314814814814814
7 0.40694444444444444 0.22407407407407406 0.4263888888888889 0.22407407407407406 0.4263888888888889 0.27314814814814814 0.40694444444444444 0.27314814814814814
37 0.43125 0.22407407407407406 0.45833333333333337 0.22407407407407406 0.45833333333333337 0.2601851851851852 0.43125 0.2601851851851852
2 0.46597222222222223 0.22407407407407406 0.4930555555555556 0.22407407407407406 0.4930555555555556 0.2722222222222222 0.46597222222222223 0.2722222222222222
0 0.5 0.22407407407407406 0.5194444444444445 0.22407407407407406 0.5194444444444445 0.27314814814814814 0.5 0.27314814814814814
2 0.5277777777777778 0.22407407407407406 0.5472222222222223 0.22407407407407406 0.5472222222222223 0.27314814814814814 0.5277777777777778 0.27314814814814814
5 0.5548611111111111 0.22407407407407406 0.5819444444444445 0.22407407407407406 0.5819444444444445 0.2722222222222222 0.5548611111111111 0.2722222222222222
1 0.6222222222222222 0.22407407407407406 0.6395833333333334 0.22407407407407406 0.6395833333333334 0.27314814814814814 0.6222222222222222 0.27314814814814814
1 0.6479166666666667 0.22407407407407406 0.6604166666666667 0.22407407407407406 0.6604166666666667 0.27314814814814814 0.6479166666666667 0.27314814814814814
36 0.6673611111111111 0.22407407407407406 0.679861111111111 0.22407407407407406 0.679861111111111 0.2601851851851852 0.6673611111111111 0.2601851851851852
2 0.6875 0.22407407407407406 0.7145833333333333 0.22407407407407406 0.7145833333333333 0.2722222222222222 0.6875 0.2722222222222222
8 0.7201388888888889 0.22407407407407406 0.7472222222222222 0.22407407407407406 0.7472222222222222 0.2722222222222222 0.7201388888888889 0.2722222222222222
1 0.37222222222222223 0.28888888888888886 0.38472222222222224 0.28888888888888886 0.38472222222222224 0.3379629629629629 0.37222222222222223 0.3379629629629629
3 0.39305555555555555 0.28888888888888886 0.4125 0.28888888888888886 0.4125 0.3379629629629629 0.39305555555555555 0.3379629629629629
37 0.41944444444444445 0.28888888888888886 0.44166666666666665 0.28888888888888886 0.44166666666666665 0.3185185185185185 0.41944444444444445 0.3185185185185185
0 0.4465277777777778 0.28888888888888886 0.46597222222222223 0.28888888888888886 0.46597222222222223 0.3379629629629629 0.4465277777777778 0.3379629629629629
4 0.47152777777777777 0.28888888888888886 0.4986111111111111 0.28888888888888886 0.4986111111111111 0.337037037037037 0.47152777777777777 0.337037037037037
37 0.5034722222222222 0.28888888888888886 0.5305555555555556 0.28888888888888886 0.5305555555555556 0.32499999999999996 0.5034722222222222 0.32499999999999996
2 0.5381944444444444 0.28888888888888886 0.5576388888888889 0.28888888888888886 0.5576388888888889 0.3379629629629629 0.5381944444444444 0.3379629629629629
0 0.5645833333333333 0.28888888888888886 0.5916666666666667 0.28888888888888886 0.5916666666666667 0.337037037037037 0.5645833333333333 0.337037037037037
2 0.5979166666666667 0.28888888888888886 0.6173611111111111 0.28888888888888886 0.6173611111111111 0.33888888888888885 0.5979166666666667 0.33888888888888885
5 0.6243055555555556 0.28888888888888886 0.6513888888888889 0.28888888888888886 0.6513888888888889 0.337037037037037 0.6243055555555556 0.337037037037037
9 0.37222222222222223 0.3537037037037037 0.3993055555555556 0.3537037037037037 0.3993055555555556 0.40185185185185185 0.37222222222222223 0.40185185185185185
1 0.40555555555555556 0.3537037037037037 0.41805555555555557 0.3537037037037037 0.41805555555555557 0.4027777777777778 0.40555555555555556 0.4027777777777778
6 0.4236111111111111 0.3537037037037037 0.45069444444444445 0.3537037037037037 0.45069444444444445 0.40185185185185185 0.4236111111111111 0.40185185185185185
7 0.4583333333333333 0.3537037037037037 0.47777777777777775 0.3537037037037037 0.47777777777777775 0.40185185185185185 0.4583333333333333 0.40185185185185185
6 0.4826388888888889 0.3537037037037037 0.5020833333333333 0.3537037037037037 0.5020833333333333 0.4037037037037037 0.4826388888888889 0.4037037037037037
0 0.5090277777777777 0.3537037037037037 0.5361111111111111 0.3537037037037037 0.5361111111111111 0.4027777777777778 0.5090277777777777 0.4027777777777778
1 0.5416666666666666 0.3537037037037037 0.5590277777777778 0.3537037037037037 0.5590277777777778 0.40185185185185185 0.5416666666666666 0.40185185185185185
8 0.5645833333333333 0.3537037037037037 0.5916666666666667 0.3537037037037037 0.5916666666666667 0.40185185185185185 0.5645833333333333 0.40185185185185185
23 0.5972222222222222 0.3537037037037037 0.6243055555555556 0.3537037037037037 0.6243055555555556 0.40185185185185185 0.5972222222222222 0.40185185185185185
12 0.6319444444444444 0.3537037037037037 0.6590277777777778 0.3537037037037037 0.6590277777777778 0.4027777777777778 0.6319444444444444 0.4027777777777778
