0 0.2861111111111111 0.22962962962962963 0.31319444444444444 0.22962962962962963 0.31319444444444444 0.2777777777777778 0.2861111111111111 0.2777777777777778
2 0.3194444444444444 0.22962962962962963 0.33888888888888885 0.22962962962962963 0.33888888888888885 0.2796296296296296 0.3194444444444444 0.2796296296296296
37 0.34375 0.22962962962962963 0.37083333333333335 0.22962962962962963 0.37083333333333335 0.2657407407407407 0.34375 0.2657407407407407
0 0.37569444444444444 0.22962962962962963 0.3951388888888889 0.22962962962962963 0.3951388888888889 0.2787037037037037 0.37569444444444444 0.2787037037037037
7 0.4013888888888889 0.22962962962962963 0.42847222222222225 0.22962962962962963 0.42847222222222225 0.2777777777777778 0.4013888888888889 0.2777777777777778
37 0.4361111111111111 0.22962962962962963 0.46319444444444446 0.22962962962962963 0.46319444444444446 0.26481481481481484 0.4361111111111111 0.26481481481481484
2 0.47152777777777777 0.22962962962962963 0.4986111111111111 0.22962962962962963 0.4986111111111111 0.2777777777777778 0.47152777777777777 0.2777777777777778
0 0.5055555555555555 0.22962962962962963 0.5326388888888889 0.22962962962962963 0.5326388888888889 0.2777777777777778 0.5055555555555555 0.2777777777777778
2 0.5388888888888889 0.22962962962962963 0.5659722222222222 0.22962962962962963 0.5659722222222222 0.2777777777777778 0.5388888888888889 0.2777777777777778
5 0.5715277777777777 0.22962962962962963 0.5986111111111111 0.22962962962962963 0.5986111111111111 0.2777777777777778 0.5715277777777777 0.2777777777777778
1 0.6444444444444445 0.22962962962962963 0.6618055555555556 0.22962962962962963 0.6618055555555556 0.2787037037037037 0.6444444444444445 0.2787037037037037
4 0.6666666666666666 0.22962962962962963 0.6861111111111111 0.22962962962962963 0.6861111111111111 0.2787037037037037 0.6666666666666666 0.2787037037037037
36 0.6923611111111111 0.22962962962962963 0.704861111111111 0.22962962962962963 0.704861111111111 0.2657407407407407 0.6923611111111111 0.2657407407407407
3 0.7118055555555556 0.22962962962962963 0.7388888888888889 0.22962962962962963 0.7388888888888889 0.2787037037037037 0.7118055555555556 0.2787037037037037
5 0.7465277777777778 0.22962962962962963 0.7659722222222223 0.22962962962962963 0.7659722222222223 0.2796296296296296 0.7465277777777778 0.2796296296296296
2 0.3625 0.29444444444444445 0.38958333333333334 0.29444444444444445 0.38958333333333334 0.3425925925925926 0.3625 0.3425925925925926
3 0.3951388888888889 0.29444444444444445 0.4222222222222222 0.29444444444444445 0.4222222222222222 0.3425925925925926 0.3951388888888889 0.3425925925925926
37 0.42916666666666664 0.29444444444444445 0.45625 0.29444444444444445 0.45625 0.33055555555555555 0.42916666666666664 0.33055555555555555
0 0.46319444444444446 0.29444444444444445 0.4902777777777778 0.29444444444444445 0.4902777777777778 0.3425925925925926 0.46319444444444446 0.3425925925925926
8 0.49722222222222223 0.29444444444444445 0.5243055555555556 0.29444444444444445 0.5243055555555556 0.3425925925925926 0.49722222222222223 0.3425925925925926
37 0.5298611111111111 0.29444444444444445 0.5569444444444445 0.29444444444444445 0.5569444444444445 0.33055555555555555 0.5298611111111111 0.33055555555555555
2 0.5645833333333333 0.29444444444444445 0.5916666666666667 0.29444444444444445 0.5916666666666667 0.34351851851851856 0.5645833333333333 0.34351851851851856
0 0.5986111111111111 0.29444444444444445 0.6256944444444444 0.29444444444444445 0.6256944444444444 0.3425925925925926 0.5986111111111111 0.3425925925925926
2 0.6326388888888889 0.29444444444444445 0.6597222222222222 0.29444444444444445 0.6597222222222222 0.3425925925925926 0.6326388888888889 0.3425925925925926
5 0.6652777777777777 0.29444444444444445 0.6923611111111111 0.29444444444444445 0.6923611111111111 0.3425925925925926 0.6652777777777777 0.3425925925925926
3 0.3625 0.3592592592592593 0.38958333333333334 0.3592592592592593 0.38958333333333334 0.40740740740740744 0.3625 0.40740740740740744
8 0.39444444444444443 0.3592592592592593 0.41388888888888886 0.3592592592592593 0.41388888888888886 0.4083333333333333 0.39444444444444443 0.4083333333333333
6 0.41944444444444445 0.3592592592592593 0.4388888888888889 0.3592592592592593 0.4388888888888889 0.40925925925925927 0.41944444444444445 0.40925925925925927
8 0.4465277777777778 0.3592592592592593 0.47361111111111115 0.3592592592592593 0.47361111111111115 0.40740740740740744 0.4465277777777778 0.40740740740740744
5 0.48194444444444445 0.3592592592592593 0.5090277777777777 0.3592592592592593 0.5090277777777777 0.40740740740740744 0.48194444444444445 0.40740740740740744
9 0.5166666666666667 0.3592592592592593 0.5361111111111112 0.3592592592592593 0.5361111111111112 0.4083333333333333 0.5166666666666667 0.4083333333333333
1 0.5416666666666666 0.3592592592592593 0.5541666666666666 0.3592592592592593 0.5541666666666666 0.4083333333333333 0.5416666666666666 0.4083333333333333
1 0.5625 0.3592592592592593 0.5798611111111112 0.3592592592592593 0.5798611111111112 0.40740740740740744 0.5625 0.40740740740740744
33 0.5854166666666667 0.3592592592592593 0.6125 0.3592592592592593 0.6125 0.4083333333333333 0.5854166666666667 0.4083333333333333
29 0.6173611111111111 0.3592592592592593 0.6368055555555556 0.3592592592592593 0.6368055555555556 0.4083333333333333 0.6173611111111111 0.4083333333333333
