1 0.30069444444444443 0.23148148148148148 0.31319444444444444 0.23148148148148148 0.31319444444444444 0.28055555555555556 0.30069444444444443 0.28055555555555556
1 0.32013888888888886 0.23148148148148148 0.33749999999999997 0.23148148148148148 0.33749999999999997 0.2796296296296296 0.32013888888888886 0.2796296296296296
37 0.34375 0.23148148148148148 0.37083333333333335 0.23148148148148148 0.37083333333333335 0.2675925925925926 0.34375 0.2675925925925926
0 0.3770833333333333 0.23148148148148148 0.4041666666666667 0.23148148148148148 0.4041666666666667 0.2796296296296296 0.3770833333333333 0.2796296296296296
6 0.4125 0.23148148148148148 0.4395833333333333 0.23148148148148148 0.4395833333333333 0.28055555555555556 0.4125 0.28055555555555556
37 0.4479166666666667 0.23148148148148148 0.47500000000000003 0.23148148148148148 0.47500000000000003 0.2675925925925926 0.4479166666666667 0.2675925925925926
2 0.4798611111111111 0.23148148148148148 0.5069444444444444 0.23148148148148148 0.5069444444444444 0.28055555555555556 0.4798611111111111 0.28055555555555556
0 0.5131944444444444 0.23148148148148148 0.5326388888888889 0.23148148148148148 0.5326388888888889 0.28055555555555556 0.5131944444444444 0.28055555555555556
2 0.5402777777777777 0.23148148148148148 0.5673611111111111 0.23148148148148148 0.5673611111111111 0.2796296296296296 0.5402777777777777 0.2796296296296296
5 0.575 0.23148148148148148 0.6020833333333333 0.23148148148148148 0.6020833333333333 0.2796296296296296 0.575 0.2796296296296296
1 0.6479166666666667 0.23148148148148148 0.6652777777777779 0.23148148148148148 0.6652777777777779 0.2796296296296296 0.6479166666666667 0.2796296296296296
1 0.6715277777777777 0.23148148148148148 0.6888888888888889 0.23148148148148148 0.6888888888888889 0.2796296296296296 0.6715277777777777 0.2796296296296296
36 0.6958333333333333 0.23148148148148148 0.7069444444444444 0.23148148148148148 0.7069444444444444 0.2675925925925926 0.6958333333333333 0.2675925925925926
3 0.7131944444444445 0.23148148148148148 0.7402777777777778 0.23148148148148148 0.7402777777777778 0.2796296296296296 0.7131944444444445 0.2796296296296296
8 0.7451388888888889 0.23148148148148148 0.7722222222222223 0.23148148148148148 0.7722222222222223 0.2796296296296296 0.7451388888888889 0.2796296296296296
0 0.3770833333333333 0.2962962962962963 0.4041666666666667 0.2962962962962963 0.4041666666666667 0.34444444444444444 0.3770833333333333 0.34444444444444444
6 0.40902777777777777 0.2962962962962963 0.4361111111111111 0.2962962962962963 0.4361111111111111 0.34444444444444444 0.40902777777777777 0.34444444444444444
37 0.44375 0.2962962962962963 0.4708333333333333 0.2962962962962963 0.4708333333333333 0.3324074074074074 0.44375 0.3324074074074074
1 0.4756944444444444 0.2962962962962963 0.4888888888888889 0.2962962962962963 0.4888888888888889 0.3453703703703703 0.4756944444444444 0.3453703703703703
2 0.49583333333333335 0.2962962962962963 0.5229166666666667 0.2962962962962963 0.5229166666666667 0.34444444444444444 0.49583333333333335 0.34444444444444444
37 0.5305555555555556 0.2962962962962963 0.5576388888888889 0.2962962962962963 0.5576388888888889 0.3324074074074074 0.5305555555555556 0.3324074074074074
2 0.5645833333333333 0.2962962962962963 0.5916666666666667 0.2962962962962963 0.5916666666666667 0.34444444444444444 0.5645833333333333 0.34444444444444444
0 0.5993055555555555 0.2962962962962963 0.6263888888888889 0.2962962962962963 0.6263888888888889 0.34444444444444444 0.5993055555555555 0.34444444444444444
2 0.6347222222222222 0.2962962962962963 0.6618055555555555 0.2962962962962963 0.6618055555555555 0.34444444444444444 0.6347222222222222 0.34444444444444444
4 0.6680555555555555 0.2962962962962963 0.6951388888888889 0.2962962962962963 0.6951388888888889 0.3453703703703703 0.6680555555555555 0.3453703703703703
6 0.3770833333333333 0.3611111111111111 0.39652777777777776 0.3611111111111111 0.39652777777777776 0.4101851851851852 0.3770833333333333 0.4101851851851852
9 0.40347222222222223 0.3611111111111111 0.42291666666666666 0.3611111111111111 0.42291666666666666 0.4101851851851852 0.40347222222222223 0.4101851851851852
4 0.4305555555555556 0.3611111111111111 0.45763888888888893 0.3611111111111111 0.45763888888888893 0.40925925925925927 0.4305555555555556 0.40925925925925927
6 0.4625 0.3611111111111111 0.48194444444444445 0.3611111111111111 0.48194444444444445 0.4101851851851852 0.4625 0.4101851851851852
6 0.4888888888888889 0.3611111111111111 0.5083333333333333 0.3611111111111111 0.5083333333333333 0.4111111111111111 0.4888888888888889 0.4111111111111111
3 0.5152777777777777 0.3611111111111111 0.5423611111111111 0.3611111111111111 0.5423611111111111 0.4101851851851852 0.5152777777777777 0.4101851851851852
3 0.5472222222222223 0.3611111111111111 0.5743055555555556 0.3611111111111111 0.5743055555555556 0.4101851851851852 0.5472222222222223 0.4101851851851852
5 0.5819444444444445 0.3611111111111111 0.601388888888889 0.3611111111111111 0.601388888888889 0.4111111111111111 0.5819444444444445 0.4111111111111111
28 0.6083333333333333 0.3611111111111111 0.6354166666666666 0.3611111111111111 0.6354166666666666 0.40925925925925927 0.6083333333333333 0.40925925925925927
31 0.6430555555555556 0.3611111111111111 0.6625000000000001 0.3611111111111111 0.6625000000000001 0.4101851851851852 0.6430555555555556 0.4101851851851852
