2 0.2972222222222222 0.2324074074074074 0.31666666666666665 0.2324074074074074 0.31666666666666665 0.28148148148148144 0.2972222222222222 0.28148148148148144
7 0.32430555555555557 0.2324074074074074 0.3513888888888889 0.2324074074074074 0.3513888888888889 0.28055555555555556 0.32430555555555557 0.28055555555555556
37 0.35694444444444445 0.2324074074074074 0.3840277777777778 0.2324074074074074 0.3840277777777778 0.2675925925925926 0.35694444444444445 0.2675925925925926
0 0.38958333333333334 0.2324074074074074 0.4166666666666667 0.2324074074074074 0.4166666666666667 0.28148148148148144 0.38958333333333334 0.28148148148148144
3 0.4222222222222222 0.2324074074074074 0.44166666666666665 0.2324074074074074 0.44166666666666665 0.28148148148148144 0.4222222222222222 0.28148148148148144
37 0.4486111111111111 0.2324074074074074 0.4756944444444445 0.2324074074074074 0.4756944444444445 0.2685185185185185 0.4486111111111111 0.2685185185185185
2 0.4840277777777778 0.2324074074074074 0.5034722222222222 0.2324074074074074 0.5034722222222222 0.28148148148148144 0.4840277777777778 0.28148148148148144
0 0.5111111111111111 0.2324074074074074 0.5381944444444444 0.2324074074074074 0.5381944444444444 0.28148148148148144 0.5111111111111111 0.28148148148148144
2 0.5465277777777777 0.2324074074074074 0.5736111111111111 0.2324074074074074 0.5736111111111111 0.28148148148148144 0.5465277777777777 0.28148148148148144
5 0.58125 0.2324074074074074 0.6083333333333334 0.2324074074074074 0.6083333333333334 0.28055555555555556 0.58125 0.28055555555555556
1 0.6506944444444445 0.2324074074074074 0.6631944444444444 0.2324074074074074 0.6631944444444444 0.28055555555555556 0.6506944444444445 0.28055555555555556
9 0.66875 0.2324074074074074 0.6958333333333333 0.2324074074074074 0.6958333333333333 0.28148148148148144 0.66875 0.28148148148148144
36 0.7006944444444444 0.2324074074074074 0.7131944444444444 0.2324074074074074 0.7131944444444444 0.2685185185185185 0.7006944444444444 0.2685185185185185
0 0.7215277777777778 0.2324074074074074 0.7486111111111111 0.2324074074074074 0.7486111111111111 0.28148148148148144 0.7215277777777778 0.28148148148148144
6 0.7569444444444444 0.2324074074074074 0.7840277777777778 0.2324074074074074 0.7840277777777778 0.28055555555555556 0.7569444444444444 0.28055555555555556
3 0.3736111111111111 0.2972222222222222 0.39305555555555555 0.2972222222222222 0.39305555555555555 0.3462962962962963 0.3736111111111111 0.3462962962962963
0 0.4013888888888889 0.2972222222222222 0.42083333333333334 0.2972222222222222 0.42083333333333334 0.3462962962962963 0.4013888888888889 0.3462962962962963
37 0.42777777777777776 0.2972222222222222 0.4548611111111111 0.2972222222222222 0.4548611111111111 0.3333333333333333 0.42777777777777776 0.3333333333333333
0 0.46111111111111114 0.2972222222222222 0.4881944444444445 0.2972222222222222 0.4881944444444445 0.3453703703703704 0.46111111111111114 0.3453703703703704
3 0.4951388888888889 0.2972222222222222 0.5222222222222223 0.2972222222222222 0.5222222222222223 0.3462962962962963 0.4951388888888889 0.3462962962962963
37 0.5291666666666667 0.2972222222222222 0.55625 0.2972222222222222 0.55625 0.3333333333333333 0.5291666666666667 0.3333333333333333
2 0.5638888888888889 0.2972222222222222 0.5909722222222222 0.2972222222222222 0.5909722222222222 0.3453703703703704 0.5638888888888889 0.3453703703703704
0 0.5979166666666667 0.2972222222222222 0.625 0.2972222222222222 0.625 0.3453703703703704 0.5979166666666667 0.3453703703703704
2 0.6319444444444444 0.2972222222222222 0.6590277777777778 0.2972222222222222 0.6590277777777778 0.3453703703703704 0.6319444444444444 0.3453703703703704
5 0.6659722222222222 0.2972222222222222 0.6930555555555555 0.2972222222222222 0.6930555555555555 0.3453703703703704 0.6659722222222222 0.3453703703703704
0 0.3736111111111111 0.36203703703703705 0.40069444444444446 0.36203703703703705 0.40069444444444446 0.4111111111111111 0.3736111111111111 0.4111111111111111
7 0.40902777777777777 0.36203703703703705 0.4361111111111111 0.36203703703703705 0.4361111111111111 0.4111111111111111 0.40902777777777777 0.4111111111111111
0 0.44375 0.36203703703703705 0.4631944444444444 0.36203703703703705 0.4631944444444444 0.41203703703703703 0.44375 0.41203703703703703
9 0.4708333333333333 0.36203703703703705 0.4979166666666667 0.36203703703703705 0.4979166666666667 0.4101851851851852 0.4708333333333333 0.4101851851851852
7 0.50625 0.36203703703703705 0.5333333333333333 0.36203703703703705 0.5333333333333333 0.4101851851851852 0.50625 0.4101851851851852
5 0.5395833333333333 0.36203703703703705 0.5666666666666667 0.36203703703703705 0.5666666666666667 0.4101851851851852 0.5395833333333333 0.4101851851851852
4 0.575 0.36203703703703705 0.5944444444444444 0.36203703703703705 0.5944444444444444 0.4111111111111111 0.575 0.4111111111111111
5 0.5993055555555555 0.36203703703703705 0.61875 0.36203703703703705 0.61875 0.4111111111111111 0.5993055555555555 0.4111111111111111
27 0.6270833333333333 0.36203703703703705 0.6465277777777778 0.36203703703703705 0.6465277777777778 0.4111111111111111 0.6270833333333333 0.4111111111111111
15 0.6541666666666667 0.36203703703703705 0.68125 0.36203703703703705 0.68125 0.4101851851851852 0.6541666666666667 0.4101851851851852
