2 0.2965277777777778 0.225 0.3236111111111111 0.225 0.3236111111111111 0.27314814814814814 0.2965277777777778 0.27314814814814814
1 0.32916666666666666 0.225 0.34652777777777777 0.225 0.34652777777777777 0.27314814814814814 0.32916666666666666 0.27314814814814814
37 0.35208333333333336 0.225 0.3791666666666667 0.225 0.3791666666666667 0.2611111111111111 0.35208333333333336 0.2611111111111111
0 0.3854166666666667 0.225 0.41250000000000003 0.225 0.41250000000000003 0.27314814814814814 0.3854166666666667 0.27314814814814814
5 0.41875 0.225 0.44583333333333336 0.225 0.44583333333333336 0.27314814814814814 0.41875 0.27314814814814814
37 0.4513888888888889 0.225 0.47847222222222224 0.225 0.47847222222222224 0.2611111111111111 0.4513888888888889 0.2611111111111111
2 0.4847222222222222 0.225 0.5118055555555555 0.225 0.5118055555555555 0.27314814814814814 0.4847222222222222 0.27314814814814814
0 0.5166666666666667 0.225 0.5361111111111112 0.225 0.5361111111111112 0.2740740740740741 0.5166666666666667 0.2740740740740741
2 0.5444444444444444 0.225 0.5715277777777777 0.225 0.5715277777777777 0.27314814814814814 0.5444444444444444 0.27314814814814814
5 0.5777777777777777 0.225 0.6048611111111111 0.225 0.6048611111111111 0.27314814814814814 0.5777777777777777 0.27314814814814814
1 0.6458333333333334 0.225 0.6583333333333333 0.225 0.6583333333333333 0.2740740740740741 0.6458333333333334 0.2740740740740741
3 0.6652777777777777 0.225 0.6923611111111111 0.225 0.6923611111111111 0.27314814814814814 0.6652777777777777 0.27314814814814814
36 0.6986111111111111 0.225 0.711111111111111 0.225 0.711111111111111 0.2611111111111111 0.6986111111111111 0.2611111111111111
1 0.7166666666666667 0.225 0.7340277777777778 0.225 0.7340277777777778 0.27314814814814814 0.7166666666666667 0.27314814814814814
1 0.7416666666666667 0.225 0.7590277777777779 0.225 0.7590277777777779 0.27314814814814814 0.7416666666666667 0.27314814814814814
2 0.3729166666666667 0.2898148148148148 0.4 0.2898148148148148 0.4 0.33796296296296297 0.3729166666666667 0.33796296296296297
2 0.40694444444444444 0.2898148148148148 0.4263888888888889 0.2898148148148148 0.4263888888888889 0.3388888888888889 0.40694444444444444 0.3388888888888889
37 0.4326388888888889 0.2898148148148148 0.45972222222222225 0.2898148148148148 0.45972222222222225 0.3259259259259259 0.4326388888888889 0.3259259259259259
0 0.4652777777777778 0.2898148148148148 0.4847222222222222 0.2898148148148148 0.4847222222222222 0.3388888888888889 0.4652777777777778 0.3388888888888889
3 0.49027777777777776 0.2898148148148148 0.5097222222222222 0.2898148148148148 0.5097222222222222 0.3388888888888889 0.49027777777777776 0.3388888888888889
37 0.5159722222222223 0.2898148148148148 0.5430555555555556 0.2898148148148148 0.5430555555555556 0.3259259259259259 0.5159722222222223 0.3259259259259259
2 0.5486111111111112 0.2898148148148148 0.5756944444444445 0.2898148148148148 0.5756944444444445 0.33796296296296297 0.5486111111111112 0.33796296296296297
0 0.5840277777777778 0.2898148148148148 0.6111111111111112 0.2898148148148148 0.6111111111111112 0.33796296296296297 0.5840277777777778 0.33796296296296297
2 0.6194444444444445 0.2898148148148148 0.6465277777777778 0.2898148148148148 0.6465277777777778 0.33796296296296297 0.6194444444444445 0.33796296296296297
5 0.6527777777777778 0.2898148148148148 0.6798611111111111 0.2898148148148148 0.6798611111111111 0.33796296296296297 0.6527777777777778 0.33796296296296297
7 0.3729166666666667 0.35462962962962963 0.3923611111111111 0.35462962962962963 0.3923611111111111 0.4037037037037037 0.3729166666666667 0.4037037037037037
1 0.3993055555555556 0.35462962962962963 0.4166666666666667 0.35462962962962963 0.4166666666666667 0.4027777777777778 0.3993055555555556 0.4027777777777778
1 0.4222222222222222 0.35462962962962963 0.43472222222222223 0.35462962962962963 0.43472222222222223 0.4046296296296296 0.4222222222222222 0.4046296296296296
1 0.4395833333333333 0.35462962962962963 0.45694444444444443 0.35462962962962963 0.45694444444444443 0.4027777777777778 0.4395833333333333 0.4027777777777778
0 0.4652777777777778 0.35462962962962963 0.49236111111111114 0.35462962962962963 0.49236111111111114 0.4027777777777778 0.4652777777777778 0.4027777777777778
9 0.49930555555555556 0.35462962962962963 0.5263888888888889 0.35462962962962963 0.5263888888888889 0.4027777777777778 0.49930555555555556 0.4027777777777778
9 0.5319444444444444 0.35462962962962963 0.5513888888888889 0.35462962962962963 0.5513888888888889 0.4046296296296296 0.5319444444444444 0.4046296296296296
2 0.5590277777777778 0.35462962962962963 0.5861111111111111 0.35462962962962963 0.5861111111111111 0.4027777777777778 0.5590277777777778 0.4027777777777778
11 0.5944444444444444 0.35462962962962963 0.6215277777777778 0.35462962962962963 0.6215277777777778 0.4027777777777778 0.5944444444444444 0.4027777777777778
23 0.6277777777777778 0.35462962962962963 0.6472222222222223 0.35462962962962963 0.6472222222222223 0.4037037037037037 0.6277777777777778 0.4037037037037037
