2 0.3013888888888889 0.23703703703703705 0.3208333333333333 0.23703703703703705 0.3208333333333333 0.28703703703703703 0.3013888888888889 0.28703703703703703
9 0.3263888888888889 0.23703703703703705 0.3458333333333333 0.23703703703703705 0.3458333333333333 0.2861111111111111 0.3263888888888889 0.2861111111111111
37 0.35347222222222224 0.23703703703703705 0.3805555555555556 0.23703703703703705 0.3805555555555556 0.27314814814814814 0.35347222222222224 0.27314814814814814
0 0.38680555555555557 0.23703703703703705 0.40625 0.23703703703703705 0.40625 0.2861111111111111 0.38680555555555557 0.2861111111111111
3 0.41458333333333336 0.23703703703703705 0.4416666666666667 0.23703703703703705 0.4416666666666667 0.2851851851851852 0.41458333333333336 0.2851851851851852
37 0.45 0.23703703703703705 0.47708333333333336 0.23703703703703705 0.47708333333333336 0.27314814814814814 0.45 0.27314814814814814
2 0.48333333333333334 0.23703703703703705 0.5027777777777778 0.23703703703703705 0.5027777777777778 0.2861111111111111 0.48333333333333334 0.2861111111111111
0 0.5104166666666666 0.23703703703703705 0.5375 0.23703703703703705 0.5375 0.2851851851851852 0.5104166666666666 0.2851851851851852
2 0.5458333333333333 0.23703703703703705 0.5729166666666666 0.23703703703703705 0.5729166666666666 0.2851851851851852 0.5458333333333333 0.2851851851851852
5 0.5805555555555556 0.23703703703703705 0.607638888888889 0.23703703703703705 0.607638888888889 0.2851851851851852 0.5805555555555556 0.2851851851851852
2 0.6458333333333334 0.23703703703703705 0.6729166666666667 0.23703703703703705 0.6729166666666667 0.2851851851851852 0.6458333333333334 0.2851851851851852
3 0.6805555555555556 0.23703703703703705 0.7076388888888889 0.23703703703703705 0.7076388888888889 0.2861111111111111 0.6805555555555556 0.2861111111111111
36 0.7145833333333333 0.23703703703703705 0.7256944444444444 0.23703703703703705 0.7256944444444444 0.27314814814814814 0.7145833333333333 0.27314814814814814
5 0.7340277777777777 0.23703703703703705 0.7611111111111111 0.23703703703703705 0.7611111111111111 0.2861111111111111 0.7340277777777777 0.2861111111111111
8 0.7666666666666667 0.23703703703703705 0.7937500000000001 0.23703703703703705 0.7937500000000001 0.2851851851851852 0.7666666666666667 0.2851851851851852
1 0.37777777777777777 0.30185185185185187 0.3951388888888889 0.30185185185185187 0.3951388888888889 0.350925925925926 0.37777777777777777 0.350925925925926
1 0.4 0.30185185185185187 0.4173611111111111 0.30185185185185187 0.4173611111111111 0.35000000000000003 0.4 0.35000000000000003
37 0.42430555555555555 0.30185185185185187 0.4513888888888889 0.30185185185185187 0.4513888888888889 0.33796296296296297 0.42430555555555555 0.33796296296296297
0 0.45902777777777776 0.30185185185185187 0.4861111111111111 0.30185185185185187 0.4861111111111111 0.35000000000000003 0.45902777777777776 0.35000000000000003
6 0.49444444444444446 0.30185185185185187 0.513888888888889 0.30185185185185187 0.513888888888889 0.350925925925926 0.49444444444444446 0.350925925925926
37 0.5215277777777778 0.30185185185185187 0.5437500000000001 0.30185185185185187 0.5437500000000001 0.3314814814814815 0.5215277777777778 0.3314814814814815
2 0.5513888888888889 0.30185185185185187 0.5708333333333334 0.30185185185185187 0.5708333333333334 0.350925925925926 0.5513888888888889 0.350925925925926
0 0.5791666666666667 0.30185185185185187 0.6062500000000001 0.30185185185185187 0.6062500000000001 0.35000000000000003 0.5791666666666667 0.35000000000000003
2 0.6138888888888889 0.30185185185185187 0.6409722222222223 0.30185185185185187 0.6409722222222223 0.35000000000000003 0.6138888888888889 0.35000000000000003
5 0.6465277777777778 0.30185185185185187 0.6659722222222223 0.30185185185185187 0.6659722222222223 0.350925925925926 0.6465277777777778 0.350925925925926
8 0.37777777777777777 0.36666666666666664 0.3972222222222222 0.36666666666666664 0.3972222222222222 0.41666666666666663 0.37777777777777777 0.41666666666666663
9 0.40208333333333335 0.36666666666666664 0.4291666666666667 0.36666666666666664 0.4291666666666667 0.4148148148148148 0.40208333333333335 0.4148148148148148
9 0.43680555555555556 0.36666666666666664 0.45625 0.36666666666666664 0.45625 0.41574074074074074 0.43680555555555556 0.41574074074074074
7 0.4638888888888889 0.36666666666666664 0.49097222222222225 0.36666666666666664 0.49097222222222225 0.4148148148148148 0.4638888888888889 0.4148148148148148
1 0.49583333333333335 0.36666666666666664 0.5083333333333333 0.36666666666666664 0.5083333333333333 0.41666666666666663 0.49583333333333335 0.41666666666666663
1 0.5166666666666667 0.36666666666666664 0.5340277777777779 0.36666666666666664 0.5340277777777779 0.4148148148148148 0.5166666666666667 0.4148148148148148
7 0.5409722222222222 0.36666666666666664 0.5604166666666667 0.36666666666666664 0.5604166666666667 0.41574074074074074 0.5409722222222222 0.41574074074074074
1 0.56875 0.36666666666666664 0.5812499999999999 0.36666666666666664 0.5812499999999999 0.41574074074074074 0.56875 0.41574074074074074
11 0.5875 0.36666666666666664 0.6145833333333334 0.36666666666666664 0.6145833333333334 0.4148148148148148 0.5875 0.4148148148148148
15 0.6201388888888889 0.36666666666666664 0.6395833333333334 0.36666666666666664 0.6395833333333334 0.41574074074074074 0.6201388888888889 0.41574074074074074
