2 0.30416666666666664 0.2222222222222222 0.33125 0.2222222222222222 0.33125 0.27037037037037037 0.30416666666666664 0.27037037037037037
7 0.3375 0.2222222222222222 0.35694444444444445 0.2222222222222222 0.35694444444444445 0.27129629629629626 0.3375 0.27129629629629626
37 0.36180555555555555 0.2222222222222222 0.3888888888888889 0.2222222222222222 0.3888888888888889 0.2583333333333333 0.36180555555555555 0.2583333333333333
1 0.3951388888888889 0.2222222222222222 0.4125 0.2222222222222222 0.4125 0.27129629629629626 0.3951388888888889 0.27129629629629626
1 0.4201388888888889 0.2222222222222222 0.4326388888888889 0.2222222222222222 0.4326388888888889 0.262037037037037 0.4201388888888889 0.262037037037037
37 0.4375 0.2222222222222222 0.46458333333333335 0.2222222222222222 0.46458333333333335 0.2583333333333333 0.4375 0.2583333333333333
2 0.4722222222222222 0.2222222222222222 0.49930555555555556 0.2222222222222222 0.49930555555555556 0.27037037037037037 0.4722222222222222 0.27037037037037037
0 0.5048611111111111 0.2222222222222222 0.5319444444444444 0.2222222222222222 0.5319444444444444 0.27037037037037037 0.5048611111111111 0.27037037037037037
2 0.5368055555555555 0.2222222222222222 0.5638888888888889 0.2222222222222222 0.5638888888888889 0.27037037037037037 0.5368055555555555 0.27037037037037037
4 0.5722222222222222 0.2222222222222222 0.5993055555555555 0.2222222222222222 0.5993055555555555 0.27037037037037037 0.5722222222222222 0.27037037037037037
2 0.6416666666666667 0.2222222222222222 0.6687500000000001 0.2222222222222222 0.6687500000000001 0.27037037037037037 0.6416666666666667 0.27037037037037037
0 0.6763888888888889 0.2222222222222222 0.7034722222222223 0.2222222222222222 0.7034722222222223 0.27037037037037037 0.6763888888888889 0.27037037037037037
36 0.7118055555555556 0.2222222222222222 0.7229166666666667 0.2222222222222222 0.7229166666666667 0.2583333333333333 0.7118055555555556 0.2583333333333333
1 0.73125 0.2222222222222222 0.7437499999999999 0.2222222222222222 0.7437499999999999 0.2722222222222222 0.73125 0.2722222222222222
9 0.7493055555555556 0.2222222222222222 0.76875 0.2222222222222222 0.76875 0.2722222222222222 0.7493055555555556 0.2722222222222222
0 0.38055555555555554 0.28703703703703703 0.39999999999999997 0.28703703703703703 0.39999999999999997 0.33611111111111114 0.38055555555555554 0.33611111111111114
7 0.4083333333333333 0.28703703703703703 0.42777777777777776 0.28703703703703703 0.42777777777777776 0.33611111111111114 0.4083333333333333 0.33611111111111114
37 0.4354166666666667 0.28703703703703703 0.4625 0.28703703703703703 0.4625 0.32314814814814813 0.4354166666666667 0.32314814814814813
0 0.4701388888888889 0.28703703703703703 0.49722222222222223 0.28703703703703703 0.49722222222222223 0.3351851851851852 0.4701388888888889 0.3351851851851852
9 0.5048611111111111 0.28703703703703703 0.5319444444444444 0.28703703703703703 0.5319444444444444 0.3351851851851852 0.5048611111111111 0.3351851851851852
37 0.5402777777777777 0.28703703703703703 0.5673611111111111 0.28703703703703703 0.5673611111111111 0.32314814814814813 0.5402777777777777 0.32314814814814813
2 0.5722222222222222 0.28703703703703703 0.5916666666666667 0.28703703703703703 0.5916666666666667 0.33611111111111114 0.5722222222222222 0.33611111111111114
0 0.5993055555555555 0.28703703703703703 0.6263888888888889 0.28703703703703703 0.6263888888888889 0.3351851851851852 0.5993055555555555 0.3351851851851852
2 0.6333333333333333 0.28703703703703703 0.6527777777777778 0.28703703703703703 0.6527777777777778 0.33611111111111114 0.6333333333333333 0.33611111111111114
5 0.6583333333333333 0.28703703703703703 0.6854166666666667 0.28703703703703703 0.6854166666666667 0.3351851851851852 0.6583333333333333 0.3351851851851852
5 0.38055555555555554 0.35185185185185186 0.39999999999999997 0.35185185185185186 0.39999999999999997 0.4009259259259259 0.38055555555555554 0.4009259259259259
1 0.40555555555555556 0.35185185185185186 0.41944444444444445 0.35185185185185186 0.41944444444444445 0.4009259259259259 0.40555555555555556 0.4009259259259259
9 0.425 0.35185185185185186 0.45208333333333334 0.35185185185185186 0.45208333333333334 0.4 0.425 0.4
2 0.46041666666666664 0.35185185185185186 0.4875 0.35185185185185186 0.4875 0.4 0.46041666666666664 0.4
9 0.4930555555555556 0.35185185185185186 0.5125000000000001 0.35185185185185186 0.5125000000000001 0.4009259259259259 0.4930555555555556 0.4009259259259259
8 0.5194444444444445 0.35185185185185186 0.5465277777777778 0.35185185185185186 0.5465277777777778 0.4 0.5194444444444445 0.4
1 0.5527777777777778 0.35185185185185186 0.570138888888889 0.35185185185185186 0.570138888888889 0.4 0.5527777777777778 0.4
0 0.5756944444444444 0.35185185185185186 0.5951388888888889 0.35185185185185186 0.5951388888888889 0.40185185185185185 0.5756944444444444 0.40185185185185185
27 0.6006944444444444 0.35185185185185186 0.6201388888888889 0.35185185185185186 0.6201388888888889 0.4009259259259259 0.6006944444444444 0.4009259259259259
27 0.6256944444444444 0.35185185185185186 0.6451388888888889 0.35185185185185186 0.6451388888888889 0.4009259259259259 0.6256944444444444 0.4009259259259259
