1 0.29930555555555555 0.23333333333333334 0.31666666666666665 0.23333333333333334 0.31666666666666665 0.28240740740740744 0.29930555555555555 0.28240740740740744
6 0.3215277777777778 0.23333333333333334 0.34861111111111115 0.23333333333333334 0.34861111111111115 0.2814814814814815 0.3215277777777778 0.2814814814814815
37 0.35347222222222224 0.23333333333333334 0.3805555555555556 0.23333333333333334 0.3805555555555556 0.26944444444444443 0.35347222222222224 0.26944444444444443
0 0.3854166666666667 0.23333333333333334 0.41250000000000003 0.23333333333333334 0.41250000000000003 0.2814814814814815 0.3854166666666667 0.2814814814814815
2 0.42083333333333334 0.23333333333333334 0.4479166666666667 0.23333333333333334 0.4479166666666667 0.2814814814814815 0.42083333333333334 0.2814814814814815
37 0.45625 0.23333333333333334 0.48333333333333334 0.23333333333333334 0.48333333333333334 0.26944444444444443 0.45625 0.26944444444444443
2 0.49027777777777776 0.23333333333333334 0.517361111111111 0.23333333333333334 0.517361111111111 0.2814814814814815 0.49027777777777776 0.2814814814814815
0 0.5222222222222223 0.23333333333333334 0.5493055555555556 0.23333333333333334 0.5493055555555556 0.2814814814814815 0.5222222222222223 0.2814814814814815
2 0.5576388888888889 0.23333333333333334 0.5847222222222223 0.23333333333333334 0.5847222222222223 0.28240740740740744 0.5576388888888889 0.28240740740740744
5 0.5916666666666667 0.23333333333333334 0.61875 0.23333333333333334 0.61875 0.2814814814814815 0.5916666666666667 0.2814814814814815
0 0.6638888888888889 0.23333333333333334 0.6909722222222222 0.23333333333333334 0.6909722222222222 0.2814814814814815 0.6638888888888889 0.2814814814814815
2 0.6979166666666666 0.23333333333333334 0.725 0.23333333333333334 0.725 0.2814814814814815 0.6979166666666666 0.2814814814814815
36 0.7319444444444444 0.23333333333333334 0.7430555555555555 0.23333333333333334 0.7430555555555555 0.26944444444444443 0.7319444444444444 0.26944444444444443
5 0.75 0.23333333333333334 0.7694444444444445 0.23333333333333334 0.7694444444444445 0.28240740740740744 0.75 0.28240740740740744
1 0.775 0.23333333333333334 0.7923611111111112 0.23333333333333334 0.7923611111111112 0.2814814814814815 0.775 0.2814814814814815
1 0.37569444444444444 0.29814814814814816 0.39305555555555555 0.29814814814814816 0.39305555555555555 0.3462962962962963 0.37569444444444444 0.3462962962962963
1 0.4013888888888889 0.29814814814814816 0.41875 0.29814814814814816 0.41875 0.3472222222222222 0.4013888888888889 0.3472222222222222
37 0.4270833333333333 0.29814814814814816 0.45416666666666666 0.29814814814814816 0.45416666666666666 0.33425925925925926 0.4270833333333333 0.33425925925925926
0 0.46041666666666664 0.29814814814814816 0.4875 0.29814814814814816 0.4875 0.3462962962962963 0.46041666666666664 0.3462962962962963
7 0.4951388888888889 0.29814814814814816 0.5145833333333334 0.29814814814814816 0.5145833333333334 0.3472222222222222 0.4951388888888889 0.3472222222222222
37 0.5222222222222223 0.29814814814814816 0.5493055555555556 0.29814814814814816 0.5493055555555556 0.33333333333333337 0.5222222222222223 0.33333333333333337
2 0.5576388888888889 0.29814814814814816 0.5847222222222223 0.29814814814814816 0.5847222222222223 0.3462962962962963 0.5576388888888889 0.3462962962962963
0 0.5902777777777778 0.29814814814814816 0.6173611111111111 0.29814814814814816 0.6173611111111111 0.3462962962962963 0.5902777777777778 0.3462962962962963
2 0.6256944444444444 0.29814814814814816 0.6527777777777778 0.29814814814814816 0.6527777777777778 0.3472222222222222 0.6256944444444444 0.3472222222222222
5 0.6576388888888889 0.29814814814814816 0.6847222222222222 0.29814814814814816 0.6847222222222222 0.3462962962962963 0.6576388888888889 0.3462962962962963
6 0.37569444444444444 0.362962962962963 0.4027777777777778 0.362962962962963 0.4027777777777778 0.41111111111111115 0.37569444444444444 0.41111111111111115
6 0.41041666666666665 0.362962962962963 0.4298611111111111 0.362962962962963 0.4298611111111111 0.4120370370370371 0.41041666666666665 0.4120370370370371
8 0.4361111111111111 0.362962962962963 0.46319444444444446 0.362962962962963 0.46319444444444446 0.41111111111111115 0.4361111111111111 0.41111111111111115
5 0.46805555555555556 0.362962962962963 0.4875 0.362962962962963 0.4875 0.4120370370370371 0.46805555555555556 0.4120370370370371
9 0.4930555555555556 0.362962962962963 0.5201388888888889 0.362962962962963 0.5201388888888889 0.41111111111111115 0.4930555555555556 0.41111111111111115
6 0.5270833333333333 0.362962962962963 0.5541666666666667 0.362962962962963 0.5541666666666667 0.41111111111111115 0.5270833333333333 0.41111111111111115
1 0.5597222222222222 0.362962962962963 0.5729166666666666 0.362962962962963 0.5729166666666666 0.4120370370370371 0.5597222222222222 0.4120370370370371
9 0.58125 0.362962962962963 0.6006944444444445 0.362962962962963 0.6006944444444445 0.4120370370370371 0.58125 0.4120370370370371
16 0.6069444444444444 0.362962962962963 0.6263888888888889 0.362962962962963 0.6263888888888889 0.4120370370370371 0.6069444444444444 0.4120370370370371
14 0.6326388888888889 0.362962962962963 0.6597222222222222 0.362962962962963 0.6597222222222222 0.41111111111111115 0.6326388888888889 0.41111111111111115
