2 0.3055555555555556 0.23425925925925925 0.325 0.23425925925925925 0.325 0.2833333333333333 0.3055555555555556 0.2833333333333333
7 0.3298611111111111 0.23425925925925925 0.35694444444444445 0.23425925925925925 0.35694444444444445 0.2824074074074074 0.3298611111111111 0.2824074074074074
37 0.3625 0.23425925925925925 0.38958333333333334 0.23425925925925925 0.38958333333333334 0.26944444444444443 0.3625 0.26944444444444443
1 0.3958333333333333 0.23425925925925925 0.4131944444444444 0.23425925925925925 0.4131944444444444 0.2833333333333333 0.3958333333333333 0.2833333333333333
2 0.4201388888888889 0.23425925925925925 0.4395833333333333 0.23425925925925925 0.4395833333333333 0.2833333333333333 0.4201388888888889 0.2833333333333333
37 0.44722222222222224 0.23425925925925925 0.4743055555555556 0.23425925925925925 0.4743055555555556 0.27037037037037037 0.44722222222222224 0.27037037037037037
2 0.48055555555555557 0.23425925925925925 0.5 0.23425925925925925 0.5 0.2833333333333333 0.48055555555555557 0.2833333333333333
0 0.5055555555555555 0.23425925925925925 0.5326388888888889 0.23425925925925925 0.5326388888888889 0.2833333333333333 0.5055555555555555 0.2833333333333333
2 0.5402777777777777 0.23425925925925925 0.5597222222222222 0.23425925925925925 0.5597222222222222 0.2833333333333333 0.5402777777777777 0.2833333333333333
4 0.5680555555555555 0.23425925925925925 0.5875 0.23425925925925925 0.5875 0.2833333333333333 0.5680555555555555 0.2833333333333333
2 0.6263888888888889 0.23425925925925925 0.6534722222222222 0.23425925925925925 0.6534722222222222 0.2824074074074074 0.6263888888888889 0.2824074074074074
3 0.6611111111111111 0.23425925925925925 0.6881944444444444 0.23425925925925925 0.6881944444444444 0.2824074074074074 0.6611111111111111 0.2824074074074074
36 0.6944444444444444 0.23425925925925925 0.7013888888888888 0.23425925925925925 0.7013888888888888 0.2648148148148148 0.6944444444444444 0.2648148148148148
4 0.7076388888888889 0.23425925925925925 0.7347222222222223 0.23425925925925925 0.7347222222222223 0.2824074074074074 0.7076388888888889 0.2824074074074074
8 0.7430555555555556 0.23425925925925925 0.7625000000000001 0.23425925925925925 0.7625000000000001 0.28425925925925927 0.7430555555555556 0.28425925925925927
1 0.3819444444444444 0.29907407407407405 0.3993055555555555 0.29907407407407405 0.3993055555555555 0.3481481481481481 0.3819444444444444 0.3481481481481481
1 0.40625 0.29907407407407405 0.4236111111111111 0.29907407407407405 0.4236111111111111 0.3472222222222222 0.40625 0.3472222222222222
37 0.4284722222222222 0.29907407407407405 0.45555555555555555 0.29907407407407405 0.45555555555555555 0.33425925925925926 0.4284722222222222 0.33425925925925926
0 0.4625 0.29907407407407405 0.48194444444444445 0.29907407407407405 0.48194444444444445 0.3481481481481481 0.4625 0.3481481481481481
2 0.4895833333333333 0.29907407407407405 0.5166666666666666 0.29907407407407405 0.5166666666666666 0.3481481481481481 0.4895833333333333 0.3481481481481481
37 0.5243055555555556 0.29907407407407405 0.5513888888888889 0.29907407407407405 0.5513888888888889 0.33518518518518514 0.5243055555555556 0.33518518518518514
2 0.55625 0.29907407407407405 0.5833333333333334 0.29907407407407405 0.5833333333333334 0.3472222222222222 0.55625 0.3472222222222222
0 0.5881944444444445 0.29907407407407405 0.607638888888889 0.29907407407407405 0.607638888888889 0.3481481481481481 0.5881944444444445 0.3481481481481481
2 0.6145833333333334 0.29907407407407405 0.6340277777777779 0.29907407407407405 0.6340277777777779 0.3481481481481481 0.6145833333333334 0.3481481481481481
5 0.6423611111111112 0.29907407407407405 0.6694444444444445 0.29907407407407405 0.6694444444444445 0.3472222222222222 0.6423611111111112 0.3472222222222222
3 0.3819444444444444 0.3638888888888889 0.40902777777777777 0.3638888888888889 0.40902777777777777 0.41203703703703703 0.3819444444444444 0.41203703703703703
9 0.41388888888888886 0.3638888888888889 0.4409722222222222 0.3638888888888889 0.4409722222222222 0.41203703703703703 0.41388888888888886 0.41203703703703703
7 0.4486111111111111 0.3638888888888889 0.4756944444444445 0.3638888888888889 0.4756944444444445 0.41203703703703703 0.4486111111111111 0.41203703703703703
1 0.48194444444444445 0.3638888888888889 0.49930555555555556 0.3638888888888889 0.49930555555555556 0.41203703703703703 0.48194444444444445 0.41203703703703703
8 0.5069444444444444 0.3638888888888889 0.5340277777777778 0.3638888888888889 0.5340277777777778 0.41203703703703703 0.5069444444444444 0.41203703703703703
3 0.5388888888888889 0.3638888888888889 0.5659722222222222 0.3638888888888889 0.5659722222222222 0.41203703703703703 0.5388888888888889 0.41203703703703703
4 0.5743055555555555 0.3638888888888889 0.6013888888888889 0.3638888888888889 0.6013888888888889 0.41203703703703703 0.5743055555555555 0.41203703703703703
4 0.60625 0.3638888888888889 0.6333333333333333 0.3638888888888889 0.6333333333333333 0.412962962962963 0.60625 0.412962962962963
19 0.6381944444444444 0.3638888888888889 0.6652777777777777 0.3638888888888889 0.6652777777777777 0.41203703703703703 0.6381944444444444 0.41203703703703703
28 0.6729166666666667 0.3638888888888889 0.7000000000000001 0.3638888888888889 0.7000000000000001 0.41203703703703703 0.6729166666666667 0.41203703703703703
