0 0.3104166666666667 0.22870370370370371 0.3375 0.22870370370370371 0.3375 0.27685185185185185 0.3104166666666667 0.27685185185185185
6 0.34305555555555556 0.22870370370370371 0.3625 0.22870370370370371 0.3625 0.2777777777777778 0.34305555555555556 0.2777777777777778
37 0.37083333333333335 0.22870370370370371 0.3979166666666667 0.22870370370370371 0.3979166666666667 0.26481481481481484 0.37083333333333335 0.26481481481481484
0 0.40347222222222223 0.22870370370370371 0.42291666666666666 0.22870370370370371 0.42291666666666666 0.2777777777777778 0.40347222222222223 0.2777777777777778
8 0.43125 0.22870370370370371 0.45833333333333337 0.22870370370370371 0.45833333333333337 0.27685185185185185 0.43125 0.27685185185185185
37 0.4666666666666667 0.22870370370370371 0.49375 0.22870370370370371 0.49375 0.26481481481481484 0.4666666666666667 0.26481481481481484
2 0.49930555555555556 0.22870370370370371 0.5263888888888889 0.22870370370370371 0.5263888888888889 0.27685185185185185 0.49930555555555556 0.27685185185185185
0 0.5340277777777778 0.22870370370370371 0.5611111111111111 0.22870370370370371 0.5611111111111111 0.27685185185185185 0.5340277777777778 0.27685185185185185
2 0.56875 0.22870370370370371 0.5958333333333333 0.22870370370370371 0.5958333333333333 0.27685185185185185 0.56875 0.27685185185185185
5 0.6034722222222222 0.22870370370370371 0.6305555555555555 0.22870370370370371 0.6305555555555555 0.27685185185185185 0.6034722222222222 0.27685185185185185
0 0.6715277777777777 0.22870370370370371 0.6909722222222222 0.22870370370370371 0.6909722222222222 0.2777777777777778 0.6715277777777777 0.2777777777777778
9 0.6979166666666666 0.22870370370370371 0.725 0.22870370370370371 0.725 0.27685185185185185 0.6979166666666666 0.27685185185185185
36 0.7298611111111111 0.22870370370370371 0.742361111111111 0.22870370370370371 0.742361111111111 0.26481481481481484 0.7298611111111111 0.26481481481481484
2 0.7479166666666667 0.22870370370370371 0.775 0.22870370370370371 0.775 0.27685185185185185 0.7479166666666667 0.27685185185185185
7 0.7819444444444444 0.22870370370370371 0.8013888888888889 0.22870370370370371 0.8013888888888889 0.2777777777777778 0.7819444444444444 0.2777777777777778
0 0.38680555555555557 0.2935185185185185 0.4138888888888889 0.2935185185185185 0.4138888888888889 0.3416666666666667 0.38680555555555557 0.3416666666666667
6 0.4201388888888889 0.2935185185185185 0.4395833333333333 0.2935185185185185 0.4395833333333333 0.3435185185185185 0.4201388888888889 0.3435185185185185
37 0.44583333333333336 0.2935185185185185 0.4729166666666667 0.2935185185185185 0.4729166666666667 0.3287037037037037 0.44583333333333336 0.3287037037037037
1 0.48125 0.2935185185185185 0.4986111111111111 0.2935185185185185 0.4986111111111111 0.3416666666666667 0.48125 0.3416666666666667
2 0.5034722222222222 0.2935185185185185 0.5229166666666667 0.2935185185185185 0.5229166666666667 0.34259259259259256 0.5034722222222222 0.34259259259259256
37 0.5291666666666667 0.2935185185185185 0.55625 0.2935185185185185 0.55625 0.3296296296296296 0.5291666666666667 0.3296296296296296
2 0.5645833333333333 0.2935185185185185 0.5916666666666667 0.2935185185185185 0.5916666666666667 0.3416666666666667 0.5645833333333333 0.3416666666666667
0 0.5972222222222222 0.2935185185185185 0.6243055555555556 0.2935185185185185 0.6243055555555556 0.34259259259259256 0.5972222222222222 0.34259259259259256
2 0.6326388888888889 0.2935185185185185 0.6520833333333333 0.2935185185185185 0.6520833333333333 0.34259259259259256 0.6326388888888889 0.34259259259259256
4 0.6576388888888889 0.2935185185185185 0.6847222222222222 0.2935185185185185 0.6847222222222222 0.3416666666666667 0.6576388888888889 0.3416666666666667
1 0.38680555555555557 0.35833333333333334 0.4041666666666667 0.35833333333333334 0.4041666666666667 0.4 0.38680555555555557 0.4
0 0.41041666666666665 0.35833333333333334 0.4375 0.35833333333333334 0.4375 0.4064814814814815 0.41041666666666665 0.4064814814814815
0 0.4444444444444444 0.35833333333333334 0.47152777777777777 0.35833333333333334 0.47152777777777777 0.4064814814814815 0.4444444444444444 0.4064814814814815
3 0.47708333333333336 0.35833333333333334 0.5041666666666667 0.35833333333333334 0.5041666666666667 0.40740740740740744 0.47708333333333336 0.40740740740740744
0 0.5090277777777777 0.35833333333333334 0.5361111111111111 0.35833333333333334 0.5361111111111111 0.4064814814814815 0.5090277777777777 0.4064814814814815
2 0.5416666666666666 0.35833333333333334 0.56875 0.35833333333333334 0.56875 0.40740740740740744 0.5416666666666666 0.40740740740740744
7 0.5736111111111111 0.35833333333333334 0.5930555555555556 0.35833333333333334 0.5930555555555556 0.40740740740740744 0.5736111111111111 0.40740740740740744
0 0.5986111111111111 0.35833333333333334 0.6256944444444444 0.35833333333333334 0.6256944444444444 0.4064814814814815 0.5986111111111111 0.4064814814814815
27 0.6326388888888889 0.35833333333333334 0.6597222222222222 0.35833333333333334 0.6597222222222222 0.40740740740740744 0.6326388888888889 0.40740740740740744
34 0.6666666666666666 0.35833333333333334 0.6861111111111111 0.35833333333333334 0.6861111111111111 0.4083333333333333 0.6666666666666666 0.4083333333333333
