2 0.29097222222222224 0.22407407407407406 0.3104166666666667 0.22407407407407406 0.3104166666666667 0.27314814814814814 0.29097222222222224 0.27314814814814814
4 0.31527777777777777 0.22407407407407406 0.3423611111111111 0.22407407407407406 0.3423611111111111 0.2722222222222222 0.31527777777777777 0.2722222222222222
37 0.34930555555555554 0.22407407407407406 0.3763888888888889 0.22407407407407406 0.3763888888888889 0.2601851851851852 0.34930555555555554 0.2601851851851852
1 0.38125 0.22407407407407406 0.3986111111111111 0.22407407407407406 0.3986111111111111 0.27314814814814814 0.38125 0.27314814814814814
2 0.40555555555555556 0.22407407407407406 0.4326388888888889 0.22407407407407406 0.4326388888888889 0.2722222222222222 0.40555555555555556 0.2722222222222222
37 0.43819444444444444 0.22407407407407406 0.4652777777777778 0.22407407407407406 0.4652777777777778 0.2601851851851852 0.43819444444444444 0.2601851851851852
2 0.4701388888888889 0.22407407407407406 0.4895833333333333 0.22407407407407406 0.4895833333333333 0.27314814814814814 0.4701388888888889 0.27314814814814814
0 0.4979166666666667 0.22407407407407406 0.525 0.22407407407407406 0.525 0.2722222222222222 0.4979166666666667 0.2722222222222222
2 0.5333333333333333 0.22407407407407406 0.5604166666666667 0.22407407407407406 0.5604166666666667 0.2722222222222222 0.5333333333333333 0.2722222222222222
4 0.5652777777777778 0.22407407407407406 0.5923611111111111 0.22407407407407406 0.5923611111111111 0.2722222222222222 0.5652777777777778 0.2722222222222222
1 0.6340277777777777 0.22407407407407406 0.6465277777777777 0.22407407407407406 0.6465277777777777 0.27314814814814814 0.6340277777777777 0.27314814814814814
3 0.6520833333333333 0.22407407407407406 0.6791666666666667 0.22407407407407406 0.6791666666666667 0.2722222222222222 0.6520833333333333 0.2722222222222222
36 0.6847222222222222 0.22407407407407406 0.6972222222222222 0.22407407407407406 0.6972222222222222 0.2601851851851852 0.6847222222222222 0.2601851851851852
3 0.7048611111111112 0.22407407407407406 0.7319444444444445 0.22407407407407406 0.7319444444444445 0.2722222222222222 0.7048611111111112 0.2722222222222222
3 0.7375 0.22407407407407406 0.7645833333333334 0.22407407407407406 0.7645833333333334 0.2722222222222222 0.7375 0.2722222222222222
3 0.36736111111111114 0.28888888888888886 0.3944444444444445 0.28888888888888886 0.3944444444444445 0.337037037037037 0.36736111111111114 0.337037037037037
1 0.40069444444444446 0.28888888888888886 0.4131944444444445 0.28888888888888886 0.4131944444444445 0.3379629629629629 0.40069444444444446 0.3379629629629629
37 0.41944444444444445 0.28888888888888886 0.4465277777777778 0.28888888888888886 0.4465277777777778 0.32407407407407407 0.41944444444444445 0.32407407407407407
0 0.45416666666666666 0.28888888888888886 0.48125 0.28888888888888886 0.48125 0.337037037037037 0.45416666666666666 0.337037037037037
5 0.4861111111111111 0.28888888888888886 0.5131944444444444 0.28888888888888886 0.5131944444444444 0.337037037037037 0.4861111111111111 0.337037037037037
37 0.51875 0.28888888888888886 0.5458333333333334 0.28888888888888886 0.5458333333333334 0.32499999999999996 0.51875 0.32499999999999996
2 0.5541666666666667 0.28888888888888886 0.5736111111111112 0.28888888888888886 0.5736111111111112 0.3379629629629629 0.5541666666666667 0.3379629629629629
0 0.5819444444444445 0.28888888888888886 0.601388888888889 0.28888888888888886 0.601388888888889 0.33888888888888885 0.5819444444444445 0.33888888888888885
2 0.6097222222222223 0.28888888888888886 0.6368055555555556 0.28888888888888886 0.6368055555555556 0.337037037037037 0.6097222222222223 0.337037037037037
5 0.6423611111111112 0.28888888888888886 0.6694444444444445 0.28888888888888886 0.6694444444444445 0.337037037037037 0.6423611111111112 0.337037037037037
5 0.36736111111111114 0.3537037037037037 0.3944444444444445 0.3537037037037037 0.3944444444444445 0.40185185185185185 0.36736111111111114 0.40185185185185185
2 0.4027777777777778 0.3537037037037037 0.4222222222222222 0.3537037037037037 0.4222222222222222 0.4027777777777778 0.4027777777777778 0.4027777777777778
7 0.42916666666666664 0.3537037037037037 0.45625 0.3537037037037037 0.45625 0.4027777777777778 0.42916666666666664 0.4027777777777778
0 0.4618055555555556 0.3537037037037037 0.48888888888888893 0.3537037037037037 0.48888888888888893 0.40185185185185185 0.4618055555555556 0.40185185185185185
1 0.49375 0.3537037037037037 0.50625 0.3537037037037037 0.50625 0.4027777777777778 0.49375 0.4027777777777778
7 0.5145833333333333 0.3537037037037037 0.5340277777777778 0.3537037037037037 0.5340277777777778 0.4037037037037037 0.5145833333333333 0.4037037037037037
9 0.5423611111111111 0.3537037037037037 0.5694444444444444 0.3537037037037037 0.5694444444444444 0.40185185185185185 0.5423611111111111 0.40185185185185185
9 0.5743055555555555 0.3537037037037037 0.59375 0.3537037037037037 0.59375 0.4027777777777778 0.5743055555555555 0.4027777777777778
20 0.6 0.3537037037037037 0.6270833333333333 0.3537037037037037 0.6270833333333333 0.40185185185185185 0.6 0.40185185185185185
21 0.6333333333333333 0.3537037037037037 0.6604166666666667 0.3537037037037037 0.6604166666666667 0.4027777777777778 0.6333333333333333 0.4027777777777778
