2 0.29583333333333334 0.22870370370370371 0.3229166666666667 0.22870370370370371 0.3229166666666667 0.27685185185185185 0.29583333333333334 0.27685185185185185
2 0.3298611111111111 0.22870370370370371 0.34930555555555554 0.22870370370370371 0.34930555555555554 0.2777777777777778 0.3298611111111111 0.2777777777777778
37 0.3576388888888889 0.22870370370370371 0.3840277777777778 0.22870370370370371 0.3840277777777778 0.2638888888888889 0.3576388888888889 0.2638888888888889
0 0.39166666666666666 0.22870370370370371 0.4111111111111111 0.22870370370370371 0.4111111111111111 0.2777777777777778 0.39166666666666666 0.2777777777777778
8 0.41805555555555557 0.22870370370370371 0.4451388888888889 0.22870370370370371 0.4451388888888889 0.27685185185185185 0.41805555555555557 0.27685185185185185
37 0.4513888888888889 0.22870370370370371 0.47847222222222224 0.22870370370370371 0.47847222222222224 0.26481481481481484 0.4513888888888889 0.26481481481481484
2 0.4861111111111111 0.22870370370370371 0.5131944444444444 0.22870370370370371 0.5131944444444444 0.27685185185185185 0.4861111111111111 0.27685185185185185
0 0.5208333333333334 0.22870370370370371 0.5479166666666667 0.22870370370370371 0.5479166666666667 0.27685185185185185 0.5208333333333334 0.27685185185185185
2 0.5534722222222223 0.22870370370370371 0.5805555555555556 0.22870370370370371 0.5805555555555556 0.27685185185185185 0.5534722222222223 0.27685185185185185
5 0.5854166666666667 0.22870370370370371 0.6048611111111112 0.22870370370370371 0.6048611111111112 0.27870370370370373 0.5854166666666667 0.27870370370370373
0 0.6451388888888889 0.22870370370370371 0.6722222222222223 0.22870370370370371 0.6722222222222223 0.27685185185185185 0.6451388888888889 0.27685185185185185
1 0.6784722222222223 0.22870370370370371 0.6958333333333334 0.22870370370370371 0.6958333333333334 0.27685185185185185 0.6784722222222223 0.27685185185185185
36 0.7041666666666667 0.22870370370370371 0.7152777777777778 0.22870370370370371 0.7152777777777778 0.26481481481481484 0.7041666666666667 0.26481481481481484
5 0.7208333333333333 0.22870370370370371 0.7479166666666667 0.22870370370370371 0.7479166666666667 0.27685185185185185 0.7208333333333333 0.27685185185185185
5 0.7555555555555555 0.22870370370370371 0.775 0.22870370370370371 0.775 0.2777777777777778 0.7555555555555555 0.2777777777777778
2 0.37222222222222223 0.2935185185185185 0.3993055555555556 0.2935185185185185 0.3993055555555556 0.3416666666666667 0.37222222222222223 0.3416666666666667
2 0.40694444444444444 0.2935185185185185 0.4263888888888889 0.2935185185185185 0.4263888888888889 0.3435185185185185 0.40694444444444444 0.3435185185185185
37 0.43194444444444446 0.2935185185185185 0.4590277777777778 0.2935185185185185 0.4590277777777778 0.3296296296296296 0.43194444444444446 0.3296296296296296
1 0.4652777777777778 0.2935185185185185 0.4791666666666667 0.2935185185185185 0.4791666666666667 0.34259259259259256 0.4652777777777778 0.34259259259259256
2 0.48680555555555555 0.2935185185185185 0.5138888888888888 0.2935185185185185 0.5138888888888888 0.3416666666666667 0.48680555555555555 0.3416666666666667
37 0.5194444444444445 0.2935185185185185 0.5465277777777778 0.2935185185185185 0.5465277777777778 0.3296296296296296 0.5194444444444445 0.3296296296296296
2 0.5513888888888889 0.2935185185185185 0.5708333333333334 0.2935185185185185 0.5708333333333334 0.34259259259259256 0.5513888888888889 0.34259259259259256
0 0.5770833333333333 0.2935185185185185 0.6041666666666666 0.2935185185185185 0.6041666666666666 0.3416666666666667 0.5770833333333333 0.3416666666666667
2 0.6090277777777777 0.2935185185185185 0.6284722222222222 0.2935185185185185 0.6284722222222222 0.34259259259259256 0.6090277777777777 0.34259259259259256
4 0.6347222222222222 0.2935185185185185 0.6541666666666667 0.2935185185185185 0.6541666666666667 0.3416666666666667 0.6347222222222222 0.3416666666666667
6 0.37222222222222223 0.35833333333333334 0.3993055555555556 0.35833333333333334 0.3993055555555556 0.4064814814814815 0.37222222222222223 0.4064814814814815
2 0.40625 0.35833333333333334 0.42569444444444443 0.35833333333333334 0.42569444444444443 0.40740740740740744 0.40625 0.40740740740740744
9 0.4326388888888889 0.35833333333333334 0.45972222222222225 0.35833333333333334 0.45972222222222225 0.4064814814814815 0.4326388888888889 0.4064814814814815
9 0.4673611111111111 0.35833333333333334 0.49444444444444446 0.35833333333333334 0.49444444444444446 0.4064814814814815 0.4673611111111111 0.4064814814814815
4 0.49930555555555556 0.35833333333333334 0.51875 0.35833333333333334 0.51875 0.40740740740740744 0.49930555555555556 0.40740740740740744
9 0.5263888888888889 0.35833333333333334 0.5458333333333334 0.35833333333333334 0.5458333333333334 0.40740740740740744 0.5263888888888889 0.40740740740740744
3 0.5513888888888889 0.35833333333333334 0.5784722222222223 0.35833333333333334 0.5784722222222223 0.4064814814814815 0.5513888888888889 0.4064814814814815
5 0.5847222222222223 0.35833333333333334 0.6041666666666667 0.35833333333333334 0.6041666666666667 0.4083333333333333 0.5847222222222223 0.4083333333333333
12 0.6111111111111112 0.35833333333333334 0.6305555555555556 0.35833333333333334 0.6305555555555556 0.40740740740740744 0.6111111111111112 0.40740740740740744
19 0.6388888888888888 0.35833333333333334 0.6659722222222222 0.35833333333333334 0.6659722222222222 0.4064814814814815 0.6388888888888888 0.4064814814814815
