1 0.3013888888888889 0.22592592592592592 0.31875 0.22592592592592592 0.31875 0.2740740740740741 0.3013888888888889 0.2740740740740741
2 0.32569444444444445 0.22592592592592592 0.3527777777777778 0.22592592592592592 0.3527777777777778 0.2740740740740741 0.32569444444444445 0.2740740740740741
37 0.35833333333333334 0.22592592592592592 0.3854166666666667 0.22592592592592592 0.3854166666666667 0.262037037037037 0.35833333333333334 0.262037037037037
0 0.3923611111111111 0.22592592592592592 0.41180555555555554 0.22592592592592592 0.41180555555555554 0.275 0.3923611111111111 0.275
5 0.41875 0.22592592592592592 0.43819444444444444 0.22592592592592592 0.43819444444444444 0.275 0.41875 0.275
37 0.4465277777777778 0.22592592592592592 0.47361111111111115 0.22592592592592592 0.47361111111111115 0.262037037037037 0.4465277777777778 0.262037037037037
2 0.48194444444444445 0.22592592592592592 0.5013888888888889 0.22592592592592592 0.5013888888888889 0.275 0.48194444444444445 0.275
0 0.5083333333333333 0.22592592592592592 0.5354166666666667 0.22592592592592592 0.5354166666666667 0.2740740740740741 0.5083333333333333 0.2740740740740741
2 0.5416666666666666 0.22592592592592592 0.56875 0.22592592592592592 0.56875 0.2740740740740741 0.5416666666666666 0.2740740740740741
5 0.5756944444444444 0.22592592592592592 0.5951388888888889 0.22592592592592592 0.5951388888888889 0.275 0.5756944444444444 0.275
2 0.6340277777777777 0.22592592592592592 0.6611111111111111 0.22592592592592592 0.6611111111111111 0.2740740740740741 0.6340277777777777 0.2740740740740741
0 0.6694444444444444 0.22592592592592592 0.6965277777777777 0.22592592592592592 0.6965277777777777 0.2740740740740741 0.6694444444444444 0.2740740740740741
36 0.7027777777777777 0.22592592592592592 0.7152777777777777 0.22592592592592592 0.7152777777777777 0.262037037037037 0.7027777777777777 0.262037037037037
4 0.7229166666666667 0.22592592592592592 0.7423611111111111 0.22592592592592592 0.7423611111111111 0.275 0.7229166666666667 0.275
8 0.7493055555555556 0.22592592592592592 0.76875 0.22592592592592592 0.76875 0.275 0.7493055555555556 0.275
1 0.37777777777777777 0.29074074074074074 0.3951388888888889 0.29074074074074074 0.3951388888888889 0.3388888888888889 0.37777777777777777 0.3388888888888889
4 0.4013888888888889 0.29074074074074074 0.42083333333333334 0.29074074074074074 0.42083333333333334 0.3398148148148148 0.4013888888888889 0.3398148148148148
37 0.4263888888888889 0.29074074074074074 0.4534722222222222 0.29074074074074074 0.4534722222222222 0.32685185185185184 0.4263888888888889 0.32685185185185184
0 0.4583333333333333 0.29074074074074074 0.48541666666666666 0.29074074074074074 0.48541666666666666 0.3388888888888889 0.4583333333333333 0.3388888888888889
7 0.49027777777777776 0.29074074074074074 0.5097222222222222 0.29074074074074074 0.5097222222222222 0.3398148148148148 0.49027777777777776 0.3398148148148148
37 0.5159722222222223 0.29074074074074074 0.5430555555555556 0.29074074074074074 0.5430555555555556 0.32685185185185184 0.5159722222222223 0.32685185185185184
2 0.5493055555555556 0.29074074074074074 0.576388888888889 0.29074074074074074 0.576388888888889 0.3388888888888889 0.5493055555555556 0.3388888888888889
0 0.58125 0.29074074074074074 0.6083333333333334 0.29074074074074074 0.6083333333333334 0.3388888888888889 0.58125 0.3388888888888889
2 0.6166666666666667 0.29074074074074074 0.6361111111111112 0.29074074074074074 0.6361111111111112 0.3398148148148148 0.6166666666666667 0.3398148148148148
5 0.6416666666666667 0.29074074074074074 0.6611111111111112 0.29074074074074074 0.6611111111111112 0.3398148148148148 0.6416666666666667 0.3398148148148148
9 0.37777777777777777 0.35555555555555557 0.4048611111111111 0.35555555555555557 0.4048611111111111 0.40370370370370373 0.37777777777777777 0.40370370370370373
5 0.4125 0.35555555555555557 0.4319444444444444 0.35555555555555557 0.4319444444444444 0.4046296296296297 0.4125 0.4046296296296297
9 0.44027777777777777 0.35555555555555557 0.4673611111111111 0.35555555555555557 0.4673611111111111 0.40370370370370373 0.44027777777777777 0.40370370370370373
7 0.47430555555555554 0.35555555555555557 0.5013888888888889 0.35555555555555557 0.5013888888888889 0.40370370370370373 0.47430555555555554 0.40370370370370373
6 0.5069444444444444 0.35555555555555557 0.5340277777777778 0.35555555555555557 0.5340277777777778 0.4046296296296297 0.5069444444444444 0.4046296296296297
2 0.5395833333333333 0.35555555555555557 0.5666666666666667 0.35555555555555557 0.5666666666666667 0.40370370370370373 0.5395833333333333 0.40370370370370373
5 0.5715277777777777 0.35555555555555557 0.5909722222222222 0.35555555555555557 0.5909722222222222 0.40555555555555556 0.5715277777777777 0.40555555555555556
2 0.5965277777777778 0.35555555555555557 0.6236111111111111 0.35555555555555557 0.6236111111111111 0.40370370370370373 0.5965277777777778 0.40370370370370373
10 0.6284722222222222 0.35555555555555557 0.6555555555555556 0.35555555555555557 0.6555555555555556 0.40370370370370373 0.6284722222222222 0.40370370370370373
17 0.6625 0.35555555555555557 0.6819444444444445 0.35555555555555557 0.6819444444444445 0.4046296296296297 0.6625 0.4046296296296297
