1 0.29444444444444445 0.23148148148148148 0.30694444444444446 0.23148148148148148 0.30694444444444446 0.28055555555555556 0.29444444444444445 0.28055555555555556
7 0.3125 0.23148148148148148 0.33958333333333335 0.23148148148148148 0.33958333333333335 0.28055555555555556 0.3125 0.28055555555555556
37 0.3472222222222222 0.23148148148148148 0.37430555555555556 0.23148148148148148 0.37430555555555556 0.2675925925925926 0.3472222222222222 0.2675925925925926
0 0.37916666666666665 0.23148148148148148 0.40625 0.23148148148148148 0.40625 0.2796296296296296 0.37916666666666665 0.2796296296296296
7 0.41388888888888886 0.23148148148148148 0.4409722222222222 0.23148148148148148 0.4409722222222222 0.2796296296296296 0.41388888888888886 0.2796296296296296
37 0.4479166666666667 0.23148148148148148 0.47500000000000003 0.23148148148148148 0.47500000000000003 0.26666666666666666 0.4479166666666667 0.26666666666666666
2 0.48055555555555557 0.23148148148148148 0.5076388888888889 0.23148148148148148 0.5076388888888889 0.28055555555555556 0.48055555555555557 0.28055555555555556
0 0.5159722222222223 0.23148148148148148 0.5430555555555556 0.23148148148148148 0.5430555555555556 0.2796296296296296 0.5159722222222223 0.2796296296296296
2 0.55 0.23148148148148148 0.5694444444444445 0.23148148148148148 0.5694444444444445 0.28055555555555556 0.55 0.28055555555555556
5 0.5756944444444444 0.23148148148148148 0.6027777777777777 0.23148148148148148 0.6027777777777777 0.2796296296296296 0.5756944444444444 0.2796296296296296
2 0.6451388888888889 0.23148148148148148 0.6645833333333334 0.23148148148148148 0.6645833333333334 0.28055555555555556 0.6451388888888889 0.28055555555555556
0 0.6715277777777777 0.23148148148148148 0.6909722222222222 0.23148148148148148 0.6909722222222222 0.28055555555555556 0.6715277777777777 0.28055555555555556
36 0.6986111111111111 0.23148148148148148 0.711111111111111 0.23148148148148148 0.711111111111111 0.2675925925925926 0.6986111111111111 0.2675925925925926
5 0.7159722222222222 0.23148148148148148 0.7430555555555556 0.23148148148148148 0.7430555555555556 0.2796296296296296 0.7159722222222222 0.2796296296296296
0 0.7486111111111111 0.23148148148148148 0.7756944444444445 0.23148148148148148 0.7756944444444445 0.2796296296296296 0.7486111111111111 0.2796296296296296
3 0.37083333333333335 0.2962962962962963 0.3979166666666667 0.2962962962962963 0.3979166666666667 0.34444444444444444 0.37083333333333335 0.34444444444444444
0 0.40625 0.2962962962962963 0.43333333333333335 0.2962962962962963 0.43333333333333335 0.34444444444444444 0.40625 0.34444444444444444
37 0.4395833333333333 0.2962962962962963 0.4666666666666667 0.2962962962962963 0.4666666666666667 0.3324074074074074 0.4395833333333333 0.3324074074074074
0 0.47430555555555554 0.2962962962962963 0.5013888888888889 0.2962962962962963 0.5013888888888889 0.34444444444444444 0.47430555555555554 0.34444444444444444
5 0.5097222222222222 0.2962962962962963 0.5291666666666667 0.2962962962962963 0.5291666666666667 0.3453703703703703 0.5097222222222222 0.3453703703703703
37 0.5340277777777778 0.2962962962962963 0.5611111111111111 0.2962962962962963 0.5611111111111111 0.3324074074074074 0.5340277777777778 0.3324074074074074
2 0.56875 0.2962962962962963 0.5958333333333333 0.2962962962962963 0.5958333333333333 0.34444444444444444 0.56875 0.34444444444444444
0 0.6027777777777777 0.2962962962962963 0.6222222222222222 0.2962962962962963 0.6222222222222222 0.3453703703703703 0.6027777777777777 0.3453703703703703
2 0.6277777777777778 0.2962962962962963 0.6548611111111111 0.2962962962962963 0.6548611111111111 0.34444444444444444 0.6277777777777778 0.34444444444444444
5 0.6631944444444444 0.2962962962962963 0.6902777777777778 0.2962962962962963 0.6902777777777778 0.34444444444444444 0.6631944444444444 0.34444444444444444
0 0.37083333333333335 0.3611111111111111 0.3902777777777778 0.3611111111111111 0.3902777777777778 0.4101851851851852 0.37083333333333335 0.4101851851851852
1 0.39791666666666664 0.3611111111111111 0.41527777777777775 0.3611111111111111 0.41527777777777775 0.40925925925925927 0.39791666666666664 0.40925925925925927
1 0.42083333333333334 0.3611111111111111 0.43819444444444444 0.3611111111111111 0.43819444444444444 0.40925925925925927 0.42083333333333334 0.40925925925925927
9 0.44305555555555554 0.3611111111111111 0.4701388888888889 0.3611111111111111 0.4701388888888889 0.40925925925925927 0.44305555555555554 0.40925925925925927
8 0.47638888888888886 0.3611111111111111 0.5034722222222222 0.3611111111111111 0.5034722222222222 0.40925925925925927 0.47638888888888886 0.40925925925925927
5 0.5083333333333333 0.3611111111111111 0.5354166666666667 0.3611111111111111 0.5354166666666667 0.40925925925925927 0.5083333333333333 0.40925925925925927
3 0.5423611111111111 0.3611111111111111 0.5694444444444444 0.3611111111111111 0.5694444444444444 0.40925925925925927 0.5423611111111111 0.40925925925925927
9 0.5743055555555555 0.3611111111111111 0.6013888888888889 0.3611111111111111 0.6013888888888889 0.40925925925925927 0.5743055555555555 0.40925925925925927
35 0.6076388888888888 0.3611111111111111 0.6347222222222222 0.3611111111111111 0.6347222222222222 0.40925925925925927 0.6076388888888888 0.40925925925925927
21 0.6395833333333333 0.3611111111111111 0.6590277777777778 0.3611111111111111 0.6590277777777778 0.4101851851851852 0.6395833333333333 0.4101851851851852
