0 0.3055555555555556 0.2222222222222222 0.33263888888888893 0.2222222222222222 0.33263888888888893 0.27037037037037037 0.3055555555555556 0.27037037037037037
9 0.3402777777777778 0.2222222222222222 0.3597222222222222 0.2222222222222222 0.3597222222222222 0.2722222222222222 0.3402777777777778 0.2722222222222222
37 0.36666666666666664 0.2222222222222222 0.39375 0.2222222222222222 0.39375 0.2583333333333333 0.36666666666666664 0.2583333333333333
0 0.4013888888888889 0.2222222222222222 0.42847222222222225 0.2222222222222222 0.42847222222222225 0.27037037037037037 0.4013888888888889 0.27037037037037037
7 0.43680555555555556 0.2222222222222222 0.45625 0.2222222222222222 0.45625 0.27037037037037037 0.43680555555555556 0.27037037037037037
37 0.4618055555555556 0.2222222222222222 0.48888888888888893 0.2222222222222222 0.48888888888888893 0.2583333333333333 0.4618055555555556 0.2583333333333333
2 0.4951388888888889 0.2222222222222222 0.5222222222222223 0.2222222222222222 0.5222222222222223 0.27037037037037037 0.4951388888888889 0.27037037037037037
0 0.5284722222222222 0.2222222222222222 0.5555555555555556 0.2222222222222222 0.5555555555555556 0.27037037037037037 0.5284722222222222 0.27037037037037037
2 0.5618055555555556 0.2222222222222222 0.5888888888888889 0.2222222222222222 0.5888888888888889 0.27037037037037037 0.5618055555555556 0.27037037037037037
5 0.5972222222222222 0.2222222222222222 0.6243055555555556 0.2222222222222222 0.6243055555555556 0.27037037037037037 0.5972222222222222 0.27037037037037037
2 0.6611111111111111 0.2222222222222222 0.6881944444444444 0.2222222222222222 0.6881944444444444 0.27037037037037037 0.6611111111111111 0.27037037037037037
2 0.6965277777777777 0.2222222222222222 0.7159722222222222 0.2222222222222222 0.7159722222222222 0.2722222222222222 0.6965277777777777 0.2722222222222222
36 0.7236111111111111 0.2222222222222222 0.7347222222222222 0.2222222222222222 0.7347222222222222 0.2583333333333333 0.7236111111111111 0.2583333333333333
3 0.7409722222222223 0.2222222222222222 0.7680555555555556 0.2222222222222222 0.7680555555555556 0.27037037037037037 0.7409722222222223 0.27037037037037037
3 0.775 0.2222222222222222 0.7944444444444445 0.2222222222222222 0.7944444444444445 0.27129629629629626 0.775 0.27129629629629626
2 0.3819444444444444 0.28703703703703703 0.40902777777777777 0.28703703703703703 0.40902777777777777 0.3351851851851852 0.3819444444444444 0.3351851851851852
8 0.41597222222222224 0.28703703703703703 0.4430555555555556 0.28703703703703703 0.4430555555555556 0.3351851851851852 0.41597222222222224 0.3351851851851852
37 0.4513888888888889 0.28703703703703703 0.47847222222222224 0.28703703703703703 0.47847222222222224 0.32222222222222224 0.4513888888888889 0.32222222222222224
1 0.48333333333333334 0.28703703703703703 0.5006944444444444 0.28703703703703703 0.5006944444444444 0.3351851851851852 0.48333333333333334 0.3351851851851852
1 0.50625 0.28703703703703703 0.5201388888888888 0.28703703703703703 0.5201388888888888 0.33611111111111114 0.50625 0.33611111111111114
37 0.5277777777777778 0.28703703703703703 0.5548611111111111 0.28703703703703703 0.5548611111111111 0.32314814814814813 0.5277777777777778 0.32314814814814813
2 0.5611111111111111 0.28703703703703703 0.5805555555555556 0.28703703703703703 0.5805555555555556 0.33611111111111114 0.5611111111111111 0.33611111111111114
0 0.5868055555555556 0.28703703703703703 0.6062500000000001 0.28703703703703703 0.6062500000000001 0.33611111111111114 0.5868055555555556 0.33611111111111114
2 0.6138888888888889 0.28703703703703703 0.6333333333333334 0.28703703703703703 0.6333333333333334 0.337037037037037 0.6138888888888889 0.337037037037037
4 0.6395833333333333 0.28703703703703703 0.6666666666666666 0.28703703703703703 0.6666666666666666 0.3351851851851852 0.6395833333333333 0.3351851851851852
3 0.3819444444444444 0.35185185185185186 0.40902777777777777 0.35185185185185186 0.40902777777777777 0.4 0.3819444444444444 0.4
2 0.4173611111111111 0.35185185185185186 0.43680555555555556 0.35185185185185186 0.43680555555555556 0.4009259259259259 0.4173611111111111 0.4009259259259259
7 0.4444444444444444 0.35185185185185186 0.46388888888888885 0.35185185185185186 0.46388888888888885 0.4009259259259259 0.4444444444444444 0.4009259259259259
7 0.46875 0.35185185185185186 0.49583333333333335 0.35185185185185186 0.49583333333333335 0.4009259259259259 0.46875 0.4009259259259259
3 0.5013888888888889 0.35185185185185186 0.5284722222222222 0.35185185185185186 0.5284722222222222 0.4009259259259259 0.5013888888888889 0.4009259259259259
9 0.5361111111111111 0.35185185185185186 0.5631944444444444 0.35185185185185186 0.5631944444444444 0.4009259259259259 0.5361111111111111 0.4009259259259259
7 0.5680555555555555 0.35185185185185186 0.5951388888888889 0.35185185185185186 0.5951388888888889 0.4 0.5680555555555555 0.4
2 0.6027777777777777 0.35185185185185186 0.6298611111111111 0.35185185185185186 0.6298611111111111 0.4 0.6027777777777777 0.4
22 0.6375 0.35185185185185186 0.6645833333333333 0.35185185185185186 0.6645833333333333 0.4 0.6375 0.4
13 0.6729166666666667 0.35185185185185186 0.7000000000000001 0.35185185185185186 0.7000000000000001 0.4 0.6729166666666667 0.4
