0 0.2986111111111111 0.22685185185185186 0.32569444444444445 0.22685185185185186 0.32569444444444445 0.275 0.2986111111111111 0.275
8 0.3326388888888889 0.22685185185185186 0.3520833333333333 0.22685185185185186 0.3520833333333333 0.2759259259259259 0.3326388888888889 0.2759259259259259
37 0.35833333333333334 0.22685185185185186 0.3854166666666667 0.22685185185185186 0.3854166666666667 0.26296296296296295 0.35833333333333334 0.26296296296296295
0 0.3923611111111111 0.22685185185185186 0.41180555555555554 0.22685185185185186 0.41180555555555554 0.2759259259259259 0.3923611111111111 0.2759259259259259
6 0.4201388888888889 0.22685185185185186 0.44722222222222224 0.22685185185185186 0.44722222222222224 0.275 0.4201388888888889 0.275
37 0.4534722222222222 0.22685185185185186 0.48055555555555557 0.22685185185185186 0.48055555555555557 0.26296296296296295 0.4534722222222222 0.26296296296296295
2 0.48819444444444443 0.22685185185185186 0.5152777777777777 0.22685185185185186 0.5152777777777777 0.275 0.48819444444444443 0.275
0 0.5222222222222223 0.22685185185185186 0.5416666666666667 0.22685185185185186 0.5416666666666667 0.2759259259259259 0.5222222222222223 0.2759259259259259
2 0.5479166666666667 0.22685185185185186 0.5750000000000001 0.22685185185185186 0.5750000000000001 0.275 0.5479166666666667 0.275
5 0.5833333333333334 0.22685185185185186 0.6104166666666667 0.22685185185185186 0.6104166666666667 0.2759259259259259 0.5833333333333334 0.2759259259259259
0 0.6541666666666667 0.22685185185185186 0.68125 0.22685185185185186 0.68125 0.275 0.6541666666666667 0.275
2 0.6881944444444444 0.22685185185185186 0.7152777777777778 0.22685185185185186 0.7152777777777778 0.275 0.6881944444444444 0.275
36 0.7236111111111111 0.22685185185185186 0.7347222222222222 0.22685185185185186 0.7347222222222222 0.26296296296296295 0.7236111111111111 0.26296296296296295
0 0.7409722222222223 0.22685185185185186 0.7680555555555556 0.22685185185185186 0.7680555555555556 0.275 0.7409722222222223 0.275
1 0.7743055555555556 0.22685185185185186 0.7868055555555555 0.22685185185185186 0.7868055555555555 0.2759259259259259 0.7743055555555556 0.2759259259259259
2 0.375 0.2916666666666667 0.40208333333333335 0.2916666666666667 0.40208333333333335 0.33981481481481485 0.375 0.33981481481481485
0 0.40902777777777777 0.2916666666666667 0.4361111111111111 0.2916666666666667 0.4361111111111111 0.33981481481481485 0.40902777777777777 0.33981481481481485
37 0.4423611111111111 0.2916666666666667 0.46944444444444444 0.2916666666666667 0.46944444444444444 0.3277777777777778 0.4423611111111111 0.3277777777777778
0 0.47430555555555554 0.2916666666666667 0.5013888888888889 0.2916666666666667 0.5013888888888889 0.3407407407407408 0.47430555555555554 0.3407407407407408
8 0.5090277777777777 0.2916666666666667 0.5284722222222222 0.2916666666666667 0.5284722222222222 0.3416666666666667 0.5090277777777777 0.3416666666666667
37 0.5361111111111111 0.2916666666666667 0.5631944444444444 0.2916666666666667 0.5631944444444444 0.3277777777777778 0.5361111111111111 0.3277777777777778
2 0.5715277777777777 0.2916666666666667 0.5986111111111111 0.2916666666666667 0.5986111111111111 0.33981481481481485 0.5715277777777777 0.33981481481481485
0 0.6048611111111111 0.2916666666666667 0.6319444444444444 0.2916666666666667 0.6319444444444444 0.33981481481481485 0.6048611111111111 0.33981481481481485
2 0.6402777777777777 0.2916666666666667 0.6673611111111111 0.2916666666666667 0.6673611111111111 0.33981481481481485 0.6402777777777777 0.33981481481481485
5 0.6722222222222223 0.2916666666666667 0.6993055555555556 0.2916666666666667 0.6993055555555556 0.33981481481481485 0.6722222222222223 0.33981481481481485
4 0.375 0.35648148148148145 0.40208333333333335 0.35648148148148145 0.40208333333333335 0.4046296296296296 0.375 0.4046296296296296
2 0.4076388888888889 0.35648148148148145 0.43472222222222223 0.35648148148148145 0.43472222222222223 0.4046296296296296 0.4076388888888889 0.4046296296296296
2 0.4395833333333333 0.35648148148148145 0.4666666666666667 0.35648148148148145 0.4666666666666667 0.4046296296296296 0.4395833333333333 0.4046296296296296
7 0.47152777777777777 0.35648148148148145 0.4909722222222222 0.35648148148148145 0.4909722222222222 0.40555555555555556 0.47152777777777777 0.40555555555555556
6 0.49930555555555556 0.35648148148148145 0.5263888888888889 0.35648148148148145 0.5263888888888889 0.4046296296296296 0.49930555555555556 0.4046296296296296
0 0.5340277777777778 0.35648148148148145 0.5534722222222223 0.35648148148148145 0.5534722222222223 0.40555555555555556 0.5340277777777778 0.40555555555555556
2 0.5604166666666667 0.35648148148148145 0.5875 0.35648148148148145 0.5875 0.4046296296296296 0.5604166666666667 0.4046296296296296
4 0.5951388888888889 0.35648148148148145 0.6222222222222222 0.35648148148148145 0.6222222222222222 0.4046296296296296 0.5951388888888889 0.4046296296296296
14 0.6284722222222222 0.35648148148148145 0.6479166666666667 0.35648148148148145 0.6479166666666667 0.40555555555555556 0.6284722222222222 0.40555555555555556
29 0.65625 0.35648148148148145 0.6833333333333333 0.35648148148148145 0.6833333333333333 0.4046296296296296 0.65625 0.4046296296296296
