0 0.30069444444444443 0.23703703703703705 0.32013888888888886 0.23703703703703705 0.32013888888888886 0.2861111111111111 0.30069444444444443 0.2861111111111111
6 0.32569444444444445 0.23703703703703705 0.3451388888888889 0.23703703703703705 0.3451388888888889 0.2861111111111111 0.32569444444444445 0.2861111111111111
37 0.35208333333333336 0.23703703703703705 0.3791666666666667 0.23703703703703705 0.3791666666666667 0.27314814814814814 0.35208333333333336 0.27314814814814814
0 0.3840277777777778 0.23703703703703705 0.41111111111111115 0.23703703703703705 0.41111111111111115 0.2851851851851852 0.3840277777777778 0.2851851851851852
1 0.41597222222222224 0.23703703703703705 0.42847222222222225 0.23703703703703705 0.42847222222222225 0.2861111111111111 0.41597222222222224 0.2861111111111111
37 0.4361111111111111 0.23703703703703705 0.46319444444444446 0.23703703703703705 0.46319444444444446 0.27314814814814814 0.4361111111111111 0.27314814814814814
2 0.47152777777777777 0.23703703703703705 0.4909722222222222 0.23703703703703705 0.4909722222222222 0.2861111111111111 0.47152777777777777 0.2861111111111111
0 0.4979166666666667 0.23703703703703705 0.525 0.23703703703703705 0.525 0.2851851851851852 0.4979166666666667 0.2851851851851852
2 0.5333333333333333 0.23703703703703705 0.5604166666666667 0.23703703703703705 0.5604166666666667 0.2851851851851852 0.5333333333333333 0.2851851851851852
5 0.5673611111111111 0.23703703703703705 0.5944444444444444 0.23703703703703705 0.5944444444444444 0.2851851851851852 0.5673611111111111 0.2851851851851852
0 0.6368055555555555 0.23703703703703705 0.65625 0.23703703703703705 0.65625 0.2861111111111111 0.6368055555555555 0.2861111111111111
7 0.6645833333333333 0.23703703703703705 0.6840277777777778 0.23703703703703705 0.6840277777777778 0.27685185185185185 0.6645833333333333 0.27685185185185185
36 0.6888888888888889 0.23703703703703705 0.7013888888888888 0.23703703703703705 0.7013888888888888 0.27314814814814814 0.6888888888888889 0.27314814814814814
0 0.70625 0.23703703703703705 0.7256944444444445 0.23703703703703705 0.7256944444444445 0.2861111111111111 0.70625 0.2861111111111111
7 0.7319444444444444 0.23703703703703705 0.7513888888888889 0.23703703703703705 0.7513888888888889 0.2861111111111111 0.7319444444444444 0.2861111111111111
1 0.3770833333333333 0.30185185185185187 0.39444444444444443 0.30185185185185187 0.39444444444444443 0.35000000000000003 0.3770833333333333 0.35000000000000003
9 0.40069444444444446 0.30185185185185187 0.4201388888888889 0.30185185185185187 0.4201388888888889 0.350925925925926 0.40069444444444446 0.350925925925926
37 0.42569444444444443 0.30185185185185187 0.4527777777777778 0.30185185185185187 0.4527777777777778 0.33796296296296297 0.42569444444444443 0.33796296296296297
1 0.4576388888888889 0.30185185185185187 0.475 0.30185185185185187 0.475 0.35000000000000003 0.4576388888888889 0.35000000000000003
2 0.4826388888888889 0.30185185185185187 0.5097222222222222 0.30185185185185187 0.5097222222222222 0.35000000000000003 0.4826388888888889 0.35000000000000003
37 0.5173611111111112 0.30185185185185187 0.5444444444444445 0.30185185185185187 0.5444444444444445 0.3370370370370371 0.5173611111111112 0.3370370370370371
2 0.5493055555555556 0.30185185185185187 0.576388888888889 0.30185185185185187 0.576388888888889 0.35000000000000003 0.5493055555555556 0.35000000000000003
0 0.5847222222222223 0.30185185185185187 0.6118055555555556 0.30185185185185187 0.6118055555555556 0.35000000000000003 0.5847222222222223 0.35000000000000003
2 0.61875 0.30185185185185187 0.6381944444444445 0.30185185185185187 0.6381944444444445 0.35185185185185186 0.61875 0.35185185185185186
4 0.64375 0.30185185185185187 0.6708333333333334 0.30185185185185187 0.6708333333333334 0.35000000000000003 0.64375 0.35000000000000003
4 0.3770833333333333 0.36666666666666664 0.4041666666666667 0.36666666666666664 0.4041666666666667 0.41574074074074074 0.3770833333333333 0.41574074074074074
0 0.41041666666666665 0.36666666666666664 0.4298611111111111 0.36666666666666664 0.4298611111111111 0.41666666666666663 0.41041666666666665 0.41666666666666663
3 0.43472222222222223 0.36666666666666664 0.4618055555555556 0.36666666666666664 0.4618055555555556 0.4148148148148148 0.43472222222222223 0.4148148148148148
2 0.46944444444444444 0.36666666666666664 0.4965277777777778 0.36666666666666664 0.4965277777777778 0.41574074074074074 0.46944444444444444 0.41574074074074074
1 0.5013888888888889 0.36666666666666664 0.51875 0.36666666666666664 0.51875 0.4148148148148148 0.5013888888888889 0.4148148148148148
2 0.5236111111111111 0.36666666666666664 0.5506944444444445 0.36666666666666664 0.5506944444444445 0.4148148148148148 0.5236111111111111 0.4148148148148148
6 0.5569444444444445 0.36666666666666664 0.5840277777777778 0.36666666666666664 0.5840277777777778 0.4148148148148148 0.5569444444444445 0.4148148148148148
2 0.5888888888888889 0.36666666666666664 0.6159722222222223 0.36666666666666664 0.6159722222222223 0.4148148148148148 0.5888888888888889 0.4148148148148148
18 0.6236111111111111 0.36666666666666664 0.6361111111111111 0.36666666666666664 0.6361111111111111 0.41574074074074074 0.6236111111111111 0.41574074074074074
34 0.6423611111111112 0.36666666666666664 0.6694444444444445 0.36666666666666664 0.6694444444444445 0.4148148148148148 0.6423611111111112 0.4148148148148148
