2 0.29583333333333334 0.22314814814814815 0.3229166666666667 0.22314814814814815 0.3229166666666667 0.2712962962962963 0.29583333333333334 0.2712962962962963
3 0.33055555555555555 0.22314814814814815 0.35 0.22314814814814815 0.35 0.27222222222222225 0.33055555555555555 0.27222222222222225
37 0.3548611111111111 0.22314814814814815 0.3819444444444445 0.22314814814814815 0.3819444444444445 0.25925925925925924 0.3548611111111111 0.25925925925925924
0 0.3875 0.22314814814814815 0.41458333333333336 0.22314814814814815 0.41458333333333336 0.2712962962962963 0.3875 0.2712962962962963
4 0.42291666666666666 0.22314814814814815 0.4423611111111111 0.22314814814814815 0.4423611111111111 0.27222222222222225 0.42291666666666666 0.27222222222222225
37 0.45 0.22314814814814815 0.47708333333333336 0.22314814814814815 0.47708333333333336 0.25925925925925924 0.45 0.25925925925925924
2 0.4826388888888889 0.22314814814814815 0.5097222222222222 0.22314814814814815 0.5097222222222222 0.2712962962962963 0.4826388888888889 0.2712962962962963
0 0.5166666666666667 0.22314814814814815 0.5437500000000001 0.22314814814814815 0.5437500000000001 0.27222222222222225 0.5166666666666667 0.27222222222222225
2 0.5513888888888889 0.22314814814814815 0.5784722222222223 0.22314814814814815 0.5784722222222223 0.2712962962962963 0.5513888888888889 0.2712962962962963
5 0.5833333333333334 0.22314814814814815 0.6027777777777779 0.22314814814814815 0.6027777777777779 0.27314814814814814 0.5833333333333334 0.27314814814814814
0 0.6416666666666667 0.22314814814814815 0.6687500000000001 0.22314814814814815 0.6687500000000001 0.2712962962962963 0.6416666666666667 0.2712962962962963
1 0.6763888888888889 0.22314814814814815 0.6888888888888889 0.22314814814814815 0.6888888888888889 0.27222222222222225 0.6763888888888889 0.27222222222222225
36 0.6951388888888889 0.22314814814814815 0.7076388888888888 0.22314814814814815 0.7076388888888888 0.25925925925925924 0.6951388888888889 0.25925925925925924
5 0.7159722222222222 0.22314814814814815 0.7430555555555556 0.22314814814814815 0.7430555555555556 0.27222222222222225 0.7159722222222222 0.27222222222222225
9 0.75 0.22314814814814815 0.7770833333333333 0.22314814814814815 0.7770833333333333 0.2712962962962963 0.75 0.2712962962962963
2 0.37222222222222223 0.287962962962963 0.3993055555555556 0.287962962962963 0.3993055555555556 0.33611111111111114 0.37222222222222223 0.33611111111111114
3 0.4041666666666667 0.287962962962963 0.43125 0.287962962962963 0.43125 0.33611111111111114 0.4041666666666667 0.33611111111111114
37 0.4388888888888889 0.287962962962963 0.46597222222222223 0.287962962962963 0.46597222222222223 0.32407407407407407 0.4388888888888889 0.32407407407407407
1 0.4722222222222222 0.287962962962963 0.4847222222222222 0.287962962962963 0.4847222222222222 0.33796296296296297 0.4722222222222222 0.33796296296296297
2 0.4930555555555556 0.287962962962963 0.5125000000000001 0.287962962962963 0.5125000000000001 0.337037037037037 0.4930555555555556 0.337037037037037
37 0.5173611111111112 0.287962962962963 0.5444444444444445 0.287962962962963 0.5444444444444445 0.32407407407407407 0.5173611111111112 0.32407407407407407
2 0.5520833333333334 0.287962962962963 0.5715277777777779 0.287962962962963 0.5715277777777779 0.337037037037037 0.5520833333333334 0.337037037037037
0 0.5763888888888888 0.287962962962963 0.5958333333333333 0.287962962962963 0.5958333333333333 0.337037037037037 0.5763888888888888 0.337037037037037
2 0.6041666666666666 0.287962962962963 0.6236111111111111 0.287962962962963 0.6236111111111111 0.337037037037037 0.6041666666666666 0.337037037037037
4 0.6305555555555555 0.287962962962963 0.6576388888888889 0.287962962962963 0.6576388888888889 0.33611111111111114 0.6305555555555555 0.33611111111111114
6 0.37222222222222223 0.3527777777777778 0.39166666666666666 0.3527777777777778 0.39166666666666666 0.4027777777777778 0.37222222222222223 0.4027777777777778
6 0.4 0.3527777777777778 0.41944444444444445 0.3527777777777778 0.41944444444444445 0.4018518518518519 0.4 0.4018518518518519
7 0.425 0.3527777777777778 0.4444444444444444 0.3527777777777778 0.4444444444444444 0.4018518518518519 0.425 0.4018518518518519
5 0.45 0.3527777777777778 0.47708333333333336 0.3527777777777778 0.47708333333333336 0.40092592592592596 0.45 0.40092592592592596
5 0.4826388888888889 0.3527777777777778 0.5097222222222222 0.3527777777777778 0.5097222222222222 0.40092592592592596 0.4826388888888889 0.40092592592592596
8 0.5166666666666667 0.3527777777777778 0.5437500000000001 0.3527777777777778 0.5437500000000001 0.40092592592592596 0.5166666666666667 0.40092592592592596
7 0.55 0.3527777777777778 0.5770833333333334 0.3527777777777778 0.5770833333333334 0.40092592592592596 0.55 0.40092592592592596
4 0.5840277777777778 0.3527777777777778 0.6034722222222223 0.3527777777777778 0.6034722222222223 0.4018518518518519 0.5840277777777778 0.4018518518518519
25 0.6111111111111112 0.3527777777777778 0.6305555555555556 0.3527777777777778 0.6305555555555556 0.4018518518518519 0.6111111111111112 0.4018518518518519
10 0.6368055555555555 0.3527777777777778 0.6638888888888889 0.3527777777777778 0.6638888888888889 0.40092592592592596 0.6368055555555555 0.40092592592592596
