2 0.30833333333333335 0.2351851851851852 0.3354166666666667 0.2351851851851852 0.3354166666666667 0.2833333333333333 0.30833333333333335 0.2833333333333333
4 0.34375 0.2351851851851852 0.37083333333333335 0.2351851851851852 0.37083333333333335 0.2833333333333333 0.34375 0.2833333333333333
37 0.3784722222222222 0.2351851851851852 0.40555555555555556 0.2351851851851852 0.40555555555555556 0.2712962962962963 0.3784722222222222 0.2712962962962963
0 0.41388888888888886 0.2351851851851852 0.4409722222222222 0.2351851851851852 0.4409722222222222 0.2833333333333333 0.41388888888888886 0.2833333333333333
9 0.44722222222222224 0.2351851851851852 0.4743055555555556 0.2351851851851852 0.4743055555555556 0.2833333333333333 0.44722222222222224 0.2833333333333333
37 0.4791666666666667 0.2351851851851852 0.50625 0.2351851851851852 0.50625 0.2712962962962963 0.4791666666666667 0.2712962962962963
2 0.5131944444444444 0.2351851851851852 0.5402777777777777 0.2351851851851852 0.5402777777777777 0.2833333333333333 0.5131944444444444 0.2833333333333333
0 0.5486111111111112 0.2351851851851852 0.5756944444444445 0.2351851851851852 0.5756944444444445 0.2833333333333333 0.5486111111111112 0.2833333333333333
2 0.58125 0.2351851851851852 0.6006944444444445 0.2351851851851852 0.6006944444444445 0.28425925925925927 0.58125 0.28425925925925927
5 0.6090277777777777 0.2351851851851852 0.6361111111111111 0.2351851851851852 0.6361111111111111 0.2833333333333333 0.6090277777777777 0.2833333333333333
0 0.6784722222222223 0.2351851851851852 0.7055555555555556 0.2351851851851852 0.7055555555555556 0.2833333333333333 0.6784722222222223 0.2833333333333333
6 0.7104166666666667 0.2351851851851852 0.7298611111111112 0.2351851851851852 0.7298611111111112 0.28425925925925927 0.7104166666666667 0.28425925925925927
36 0.7375 0.2351851851851852 0.7444444444444445 0.2351851851851852 0.7444444444444445 0.2657407407407407 0.7375 0.2657407407407407
2 0.75 0.2351851851851852 0.7770833333333333 0.2351851851851852 0.7770833333333333 0.28425925925925927 0.75 0.28425925925925927
5 0.7847222222222222 0.2351851851851852 0.8118055555555556 0.2351851851851852 0.8118055555555556 0.2833333333333333 0.7847222222222222 0.2833333333333333
3 0.38472222222222224 0.3 0.4118055555555556 0.3 0.4118055555555556 0.34814814814814815 0.38472222222222224 0.34814814814814815
1 0.41944444444444445 0.3 0.43194444444444446 0.3 0.43194444444444446 0.3490740740740741 0.41944444444444445 0.3490740740740741
37 0.43819444444444444 0.3 0.4652777777777778 0.3 0.4652777777777778 0.3361111111111111 0.43819444444444444 0.3361111111111111
0 0.4722222222222222 0.3 0.49930555555555556 0.3 0.49930555555555556 0.34814814814814815 0.4722222222222222 0.34814814814814815
8 0.5048611111111111 0.3 0.5319444444444444 0.3 0.5319444444444444 0.34814814814814815 0.5048611111111111 0.34814814814814815
37 0.5375 0.3 0.5645833333333333 0.3 0.5645833333333333 0.3361111111111111 0.5375 0.3361111111111111
2 0.5715277777777777 0.3 0.5986111111111111 0.3 0.5986111111111111 0.3490740740740741 0.5715277777777777 0.3490740740740741
0 0.60625 0.3 0.6256944444444444 0.3 0.6256944444444444 0.35 0.60625 0.35
2 0.63125 0.3 0.6583333333333333 0.3 0.6583333333333333 0.34814814814814815 0.63125 0.34814814814814815
5 0.6638888888888889 0.3 0.6833333333333333 0.3 0.6833333333333333 0.3490740740740741 0.6638888888888889 0.3490740740740741
8 0.38472222222222224 0.3648148148148148 0.4041666666666667 0.3648148148148148 0.4041666666666667 0.41388888888888886 0.38472222222222224 0.41388888888888886
2 0.41180555555555554 0.3648148148148148 0.43124999999999997 0.3648148148148148 0.43124999999999997 0.41388888888888886 0.41180555555555554 0.41388888888888886
0 0.43819444444444444 0.3648148148148148 0.4576388888888889 0.3648148148148148 0.4576388888888889 0.41388888888888886 0.43819444444444444 0.41388888888888886
0 0.4652777777777778 0.3648148148148148 0.49236111111111114 0.3648148148148148 0.49236111111111114 0.412962962962963 0.4652777777777778 0.412962962962963
3 0.4979166666666667 0.3648148148148148 0.5173611111111112 0.3648148148148148 0.5173611111111112 0.4148148148148148 0.4979166666666667 0.4148148148148148
6 0.5243055555555556 0.3648148148148148 0.5513888888888889 0.3648148148148148 0.5513888888888889 0.412962962962963 0.5243055555555556 0.412962962962963
1 0.5569444444444445 0.3648148148148148 0.5694444444444444 0.3648148148148148 0.5694444444444444 0.41388888888888886 0.5569444444444445 0.41388888888888886
5 0.5756944444444444 0.3648148148148148 0.6027777777777777 0.3648148148148148 0.6027777777777777 0.412962962962963 0.5756944444444444 0.412962962962963
18 0.6104166666666667 0.3648148148148148 0.6229166666666667 0.3648148148148148 0.6229166666666667 0.41388888888888886 0.6104166666666667 0.41388888888888886
19 0.6277777777777778 0.3648148148148148 0.6472222222222223 0.3648148148148148 0.6472222222222223 0.41388888888888886 0.6277777777777778 0.41388888888888886
