2 0.2923611111111111 0.225 0.31180555555555556 0.225 0.31180555555555556 0.2740740740740741 0.2923611111111111 0.2740740740740741
5 0.32013888888888886 0.225 0.3395833333333333 0.225 0.3395833333333333 0.2740740740740741 0.32013888888888886 0.2740740740740741
37 0.3451388888888889 0.225 0.37222222222222223 0.225 0.37222222222222223 0.2611111111111111 0.3451388888888889 0.2611111111111111
0 0.37777777777777777 0.225 0.3972222222222222 0.225 0.3972222222222222 0.2740740740740741 0.37777777777777777 0.2740740740740741
8 0.4041666666666667 0.225 0.4236111111111111 0.225 0.4236111111111111 0.2740740740740741 0.4041666666666667 0.2740740740740741
37 0.42916666666666664 0.225 0.45138888888888884 0.225 0.45138888888888884 0.25462962962962965 0.42916666666666664 0.25462962962962965
2 0.4583333333333333 0.225 0.48541666666666666 0.225 0.48541666666666666 0.27314814814814814 0.4583333333333333 0.27314814814814814
0 0.49027777777777776 0.225 0.517361111111111 0.225 0.517361111111111 0.27314814814814814 0.49027777777777776 0.27314814814814814
2 0.5256944444444445 0.225 0.545138888888889 0.225 0.545138888888889 0.275 0.5256944444444445 0.275
5 0.5506944444444445 0.225 0.570138888888889 0.225 0.570138888888889 0.275 0.5506944444444445 0.275
0 0.6111111111111112 0.225 0.6381944444444445 0.225 0.6381944444444445 0.27314814814814814 0.6111111111111112 0.27314814814814814
0 0.6451388888888889 0.225 0.6722222222222223 0.225 0.6722222222222223 0.27314814814814814 0.6451388888888889 0.27314814814814814
36 0.6770833333333334 0.225 0.6895833333333333 0.225 0.6895833333333333 0.2611111111111111 0.6770833333333334 0.2611111111111111
3 0.6979166666666666 0.225 0.725 0.225 0.725 0.27314814814814814 0.6979166666666666 0.27314814814814814
0 0.7305555555555555 0.225 0.7576388888888889 0.225 0.7576388888888889 0.27314814814814814 0.7305555555555555 0.27314814814814814
0 0.36875 0.2898148148148148 0.39583333333333337 0.2898148148148148 0.39583333333333337 0.33796296296296297 0.36875 0.33796296296296297
4 0.4041666666666667 0.2898148148148148 0.4236111111111111 0.2898148148148148 0.4236111111111111 0.3388888888888889 0.4041666666666667 0.3388888888888889
37 0.43194444444444446 0.2898148148148148 0.4590277777777778 0.2898148148148148 0.4590277777777778 0.3259259259259259 0.43194444444444446 0.3259259259259259
0 0.4666666666666667 0.2898148148148148 0.4861111111111111 0.2898148148148148 0.4861111111111111 0.3388888888888889 0.4666666666666667 0.3388888888888889
5 0.49375 0.2898148148148148 0.5208333333333334 0.2898148148148148 0.5208333333333334 0.33796296296296297 0.49375 0.33796296296296297
37 0.5270833333333333 0.2898148148148148 0.5541666666666667 0.2898148148148148 0.5541666666666667 0.3259259259259259 0.5270833333333333 0.3259259259259259
2 0.5618055555555556 0.2898148148148148 0.58125 0.2898148148148148 0.58125 0.3388888888888889 0.5618055555555556 0.3388888888888889
0 0.5881944444444445 0.2898148148148148 0.607638888888889 0.2898148148148148 0.607638888888889 0.3388888888888889 0.5881944444444445 0.3388888888888889
2 0.6125 0.2898148148148148 0.6319444444444445 0.2898148148148148 0.6319444444444445 0.3388888888888889 0.6125 0.3388888888888889
5 0.6375 0.2898148148148148 0.6569444444444444 0.2898148148148148 0.6569444444444444 0.3388888888888889 0.6375 0.3388888888888889
7 0.36875 0.35462962962962963 0.39583333333333337 0.35462962962962963 0.39583333333333337 0.4037037037037037 0.36875 0.4037037037037037
8 0.40069444444444446 0.35462962962962963 0.4277777777777778 0.35462962962962963 0.4277777777777778 0.4027777777777778 0.40069444444444446 0.4027777777777778
4 0.43472222222222223 0.35462962962962963 0.45416666666666666 0.35462962962962963 0.45416666666666666 0.4037037037037037 0.43472222222222223 0.4037037037037037
9 0.46041666666666664 0.35462962962962963 0.4875 0.35462962962962963 0.4875 0.4027777777777778 0.46041666666666664 0.4027777777777778
2 0.49444444444444446 0.35462962962962963 0.5215277777777778 0.35462962962962963 0.5215277777777778 0.4027777777777778 0.49444444444444446 0.4027777777777778
3 0.5270833333333333 0.35462962962962963 0.5465277777777778 0.35462962962962963 0.5465277777777778 0.4037037037037037 0.5270833333333333 0.4037037037037037
6 0.5520833333333334 0.35462962962962963 0.5791666666666667 0.35462962962962963 0.5791666666666667 0.4027777777777778 0.5520833333333334 0.4027777777777778
2 0.5854166666666667 0.35462962962962963 0.6125 0.35462962962962963 0.6125 0.4027777777777778 0.5854166666666667 0.4027777777777778
29 0.6201388888888889 0.35462962962962963 0.6395833333333334 0.35462962962962963 0.6395833333333334 0.4046296296296296 0.6201388888888889 0.4046296296296296
25 0.6451388888888889 0.35462962962962963 0.6722222222222223 0.35462962962962963 0.6722222222222223 0.4027777777777778 0.6451388888888889 0.4027777777777778
