1 0.2861111111111111 0.23703703703703705 0.3034722222222222 0.23703703703703705 0.3034722222222222 0.2851851851851852 0.2861111111111111 0.2851851851851852
2 0.3104166666666667 0.23703703703703705 0.3298611111111111 0.23703703703703705 0.3298611111111111 0.28703703703703703 0.3104166666666667 0.28703703703703703
37 0.3375 0.23703703703703705 0.36458333333333337 0.23703703703703705 0.36458333333333337 0.27314814814814814 0.3375 0.27314814814814814
0 0.37222222222222223 0.23703703703703705 0.3993055555555556 0.23703703703703705 0.3993055555555556 0.2851851851851852 0.37222222222222223 0.2851851851851852
4 0.40625 0.23703703703703705 0.42569444444444443 0.23703703703703705 0.42569444444444443 0.2851851851851852 0.40625 0.2851851851851852
37 0.43194444444444446 0.23703703703703705 0.4590277777777778 0.23703703703703705 0.4590277777777778 0.27314814814814814 0.43194444444444446 0.27314814814814814
2 0.4673611111111111 0.23703703703703705 0.49444444444444446 0.23703703703703705 0.49444444444444446 0.2861111111111111 0.4673611111111111 0.2861111111111111
0 0.5013888888888889 0.23703703703703705 0.5284722222222222 0.23703703703703705 0.5284722222222222 0.2861111111111111 0.5013888888888889 0.2861111111111111
2 0.5333333333333333 0.23703703703703705 0.5604166666666667 0.23703703703703705 0.5604166666666667 0.2851851851851852 0.5333333333333333 0.2851851851851852
5 0.5680555555555555 0.23703703703703705 0.5951388888888889 0.23703703703703705 0.5951388888888889 0.2861111111111111 0.5680555555555555 0.2861111111111111
0 0.6354166666666666 0.23703703703703705 0.6625 0.23703703703703705 0.6625 0.2851851851851852 0.6354166666666666 0.2851851851851852
2 0.6694444444444444 0.23703703703703705 0.6965277777777777 0.23703703703703705 0.6965277777777777 0.2861111111111111 0.6694444444444444 0.2861111111111111
36 0.7013888888888888 0.23703703703703705 0.7138888888888888 0.23703703703703705 0.7138888888888888 0.27314814814814814 0.7013888888888888 0.27314814814814814
1 0.7208333333333333 0.23703703703703705 0.7381944444444445 0.23703703703703705 0.7381944444444445 0.2851851851851852 0.7208333333333333 0.2851851851851852
2 0.7465277777777778 0.23703703703703705 0.7659722222222223 0.23703703703703705 0.7659722222222223 0.2861111111111111 0.7465277777777778 0.2861111111111111
1 0.3625 0.30185185185185187 0.3798611111111111 0.30185185185185187 0.3798611111111111 0.35000000000000003 0.3625 0.35000000000000003
6 0.38819444444444445 0.30185185185185187 0.4152777777777778 0.30185185185185187 0.4152777777777778 0.35000000000000003 0.38819444444444445 0.35000000000000003
37 0.4215277777777778 0.30185185185185187 0.4486111111111111 0.30185185185185187 0.4486111111111111 0.33796296296296297 0.4215277777777778 0.33796296296296297
0 0.4548611111111111 0.30185185185185187 0.48194444444444445 0.30185185185185187 0.48194444444444445 0.35000000000000003 0.4548611111111111 0.35000000000000003
4 0.49027777777777776 0.30185185185185187 0.517361111111111 0.30185185185185187 0.517361111111111 0.35000000000000003 0.49027777777777776 0.35000000000000003
37 0.5229166666666667 0.30185185185185187 0.545138888888889 0.30185185185185187 0.545138888888889 0.3314814814814815 0.5229166666666667 0.3314814814814815
2 0.5520833333333334 0.30185185185185187 0.5791666666666667 0.30185185185185187 0.5791666666666667 0.35000000000000003 0.5520833333333334 0.35000000000000003
0 0.5847222222222223 0.30185185185185187 0.6118055555555556 0.30185185185185187 0.6118055555555556 0.350925925925926 0.5847222222222223 0.350925925925926
2 0.6194444444444445 0.30185185185185187 0.638888888888889 0.30185185185185187 0.638888888888889 0.350925925925926 0.6194444444444445 0.350925925925926
5 0.64375 0.30185185185185187 0.6631944444444445 0.30185185185185187 0.6631944444444445 0.350925925925926 0.64375 0.350925925925926
3 0.3625 0.36666666666666664 0.38958333333333334 0.36666666666666664 0.38958333333333334 0.4148148148148148 0.3625 0.4148148148148148
8 0.3972222222222222 0.36666666666666664 0.41666666666666663 0.36666666666666664 0.41666666666666663 0.41666666666666663 0.3972222222222222 0.41666666666666663
1 0.425 0.36666666666666664 0.4375 0.36666666666666664 0.4375 0.41666666666666663 0.425 0.41666666666666663
5 0.44583333333333336 0.36666666666666664 0.4729166666666667 0.36666666666666664 0.4729166666666667 0.4148148148148148 0.44583333333333336 0.4148148148148148
5 0.48125 0.36666666666666664 0.5083333333333333 0.36666666666666664 0.5083333333333333 0.4148148148148148 0.48125 0.4148148148148148
2 0.5131944444444444 0.36666666666666664 0.5402777777777777 0.36666666666666664 0.5402777777777777 0.41574074074074074 0.5131944444444444 0.41574074074074074
8 0.5486111111111112 0.36666666666666664 0.5756944444444445 0.36666666666666664 0.5756944444444445 0.4148148148148148 0.5486111111111112 0.4148148148148148
1 0.5833333333333334 0.36666666666666664 0.5958333333333333 0.36666666666666664 0.5958333333333333 0.41666666666666663 0.5833333333333334 0.41666666666666663
11 0.6034722222222222 0.36666666666666664 0.6229166666666667 0.36666666666666664 0.6229166666666667 0.41574074074074074 0.6034722222222222 0.41574074074074074
22 0.6305555555555555 0.36666666666666664 0.6576388888888889 0.36666666666666664 0.6576388888888889 0.41574074074074074 0.6305555555555555 0.41574074074074074
