0 0.3076388888888889 0.2324074074074074 0.32708333333333334 0.2324074074074074 0.32708333333333334 0.2824074074074074 0.3076388888888889 0.2824074074074074
5 0.3347222222222222 0.2324074074074074 0.36180555555555555 0.2324074074074074 0.36180555555555555 0.28055555555555556 0.3347222222222222 0.28055555555555556
37 0.36944444444444446 0.2324074074074074 0.3965277777777778 0.2324074074074074 0.3965277777777778 0.2685185185185185 0.36944444444444446 0.2685185185185185
0 0.4013888888888889 0.2324074074074074 0.42847222222222225 0.2324074074074074 0.42847222222222225 0.28055555555555556 0.4013888888888889 0.28055555555555556
9 0.4340277777777778 0.2324074074074074 0.46111111111111114 0.2324074074074074 0.46111111111111114 0.28055555555555556 0.4340277777777778 0.28055555555555556
37 0.4673611111111111 0.2324074074074074 0.49444444444444446 0.2324074074074074 0.49444444444444446 0.2685185185185185 0.4673611111111111 0.2685185185185185
2 0.5027777777777778 0.2324074074074074 0.5298611111111111 0.2324074074074074 0.5298611111111111 0.28055555555555556 0.5027777777777778 0.28055555555555556
0 0.5368055555555555 0.2324074074074074 0.5638888888888889 0.2324074074074074 0.5638888888888889 0.28055555555555556 0.5368055555555555 0.28055555555555556
2 0.5722222222222222 0.2324074074074074 0.5916666666666667 0.2324074074074074 0.5916666666666667 0.28148148148148144 0.5722222222222222 0.28148148148148144
5 0.5993055555555555 0.2324074074074074 0.6263888888888889 0.2324074074074074 0.6263888888888889 0.28055555555555556 0.5993055555555555 0.28055555555555556
0 0.6673611111111111 0.2324074074074074 0.6944444444444444 0.2324074074074074 0.6944444444444444 0.28055555555555556 0.6673611111111111 0.28055555555555556
9 0.7020833333333333 0.2324074074074074 0.7291666666666666 0.2324074074074074 0.7291666666666666 0.28055555555555556 0.7020833333333333 0.28055555555555556
36 0.7368055555555556 0.2324074074074074 0.7479166666666667 0.2324074074074074 0.7479166666666667 0.2685185185185185 0.7368055555555556 0.2685185185185185
3 0.7541666666666667 0.2324074074074074 0.78125 0.2324074074074074 0.78125 0.28055555555555556 0.7541666666666667 0.28055555555555556
1 0.7888888888888889 0.2324074074074074 0.80625 0.2324074074074074 0.80625 0.28055555555555556 0.7888888888888889 0.28055555555555556
3 0.3840277777777778 0.2972222222222222 0.41111111111111115 0.2972222222222222 0.41111111111111115 0.3462962962962963 0.3840277777777778 0.3462962962962963
1 0.41944444444444445 0.2972222222222222 0.4354166666666667 0.2972222222222222 0.4354166666666667 0.3462962962962963 0.41944444444444445 0.3462962962962963
37 0.44305555555555554 0.2972222222222222 0.4701388888888889 0.2972222222222222 0.4701388888888889 0.3333333333333333 0.44305555555555554 0.3333333333333333
0 0.47847222222222224 0.2972222222222222 0.5055555555555555 0.2972222222222222 0.5055555555555555 0.3453703703703704 0.47847222222222224 0.3453703703703704
3 0.5118055555555555 0.2972222222222222 0.5388888888888889 0.2972222222222222 0.5388888888888889 0.3453703703703704 0.5118055555555555 0.3453703703703704
37 0.5444444444444444 0.2972222222222222 0.5715277777777777 0.2972222222222222 0.5715277777777777 0.3333333333333333 0.5444444444444444 0.3333333333333333
2 0.5777777777777777 0.2972222222222222 0.6048611111111111 0.2972222222222222 0.6048611111111111 0.3453703703703704 0.5777777777777777 0.3453703703703704
0 0.6118055555555556 0.2972222222222222 0.638888888888889 0.2972222222222222 0.638888888888889 0.3453703703703704 0.6118055555555556 0.3453703703703704
2 0.6444444444444445 0.2972222222222222 0.6715277777777778 0.2972222222222222 0.6715277777777778 0.3462962962962963 0.6444444444444445 0.3462962962962963
5 0.6777777777777778 0.2972222222222222 0.7048611111111112 0.2972222222222222 0.7048611111111112 0.3453703703703704 0.6777777777777778 0.3453703703703704
5 0.3840277777777778 0.36203703703703705 0.41111111111111115 0.36203703703703705 0.41111111111111115 0.4111111111111111 0.3840277777777778 0.4111111111111111
0 0.41805555555555557 0.36203703703703705 0.4451388888888889 0.36203703703703705 0.4451388888888889 0.4111111111111111 0.41805555555555557 0.4111111111111111
9 0.4527777777777778 0.36203703703703705 0.4798611111111111 0.36203703703703705 0.4798611111111111 0.4111111111111111 0.4527777777777778 0.4111111111111111
5 0.4861111111111111 0.36203703703703705 0.5131944444444444 0.36203703703703705 0.5131944444444444 0.4101851851851852 0.4861111111111111 0.4101851851851852
5 0.5194444444444445 0.36203703703703705 0.538888888888889 0.36203703703703705 0.538888888888889 0.4111111111111111 0.5194444444444445 0.4111111111111111
9 0.5458333333333333 0.36203703703703705 0.5652777777777778 0.36203703703703705 0.5652777777777778 0.4111111111111111 0.5458333333333333 0.4111111111111111
8 0.5722222222222222 0.36203703703703705 0.5993055555555555 0.36203703703703705 0.5993055555555555 0.4101851851851852 0.5722222222222222 0.4101851851851852
2 0.6055555555555555 0.36203703703703705 0.6326388888888889 0.36203703703703705 0.6326388888888889 0.4101851851851852 0.6055555555555555 0.4101851851851852
13 0.6388888888888888 0.36203703703703705 0.6583333333333333 0.36203703703703705 0.6583333333333333 0.41203703703703703 0.6388888888888888 0.41203703703703703
30 0.6652777777777777 0.36203703703703705 0.6923611111111111 0.36203703703703705 0.6923611111111111 0.4111111111111111 0.6652777777777777 0.4111111111111111
