2 0.2923611111111111 0.225 0.3194444444444445 0.225 0.3194444444444445 0.27314814814814814 0.2923611111111111 0.27314814814814814
8 0.32708333333333334 0.225 0.34652777777777777 0.225 0.34652777777777777 0.275 0.32708333333333334 0.275
37 0.3541666666666667 0.225 0.38125000000000003 0.225 0.38125000000000003 0.2611111111111111 0.3541666666666667 0.2611111111111111
0 0.3888888888888889 0.225 0.4083333333333333 0.225 0.4083333333333333 0.2740740740740741 0.3888888888888889 0.2740740740740741
5 0.4152777777777778 0.225 0.44236111111111115 0.225 0.44236111111111115 0.27314814814814814 0.4152777777777778 0.27314814814814814
37 0.45 0.225 0.47708333333333336 0.225 0.47708333333333336 0.2611111111111111 0.45 0.2611111111111111
2 0.4847222222222222 0.225 0.5118055555555555 0.225 0.5118055555555555 0.27314814814814814 0.4847222222222222 0.27314814814814814
0 0.5166666666666667 0.225 0.5361111111111112 0.225 0.5361111111111112 0.275 0.5166666666666667 0.275
2 0.5423611111111111 0.225 0.5618055555555556 0.225 0.5618055555555556 0.2740740740740741 0.5423611111111111 0.2740740740740741
5 0.5673611111111111 0.225 0.5944444444444444 0.225 0.5944444444444444 0.27314814814814814 0.5673611111111111 0.27314814814814814
1 0.6395833333333333 0.225 0.6569444444444444 0.225 0.6569444444444444 0.27314814814814814 0.6395833333333333 0.27314814814814814
8 0.6631944444444444 0.225 0.6902777777777778 0.225 0.6902777777777778 0.27314814814814814 0.6631944444444444 0.27314814814814814
36 0.6986111111111111 0.225 0.711111111111111 0.225 0.711111111111111 0.2611111111111111 0.6986111111111111 0.2611111111111111
0 0.7166666666666667 0.225 0.74375 0.225 0.74375 0.27314814814814814 0.7166666666666667 0.27314814814814814
1 0.7493055555555556 0.225 0.7618055555555555 0.225 0.7618055555555555 0.275 0.7493055555555556 0.275
2 0.36875 0.2898148148148148 0.39583333333333337 0.2898148148148148 0.39583333333333337 0.33796296296296297 0.36875 0.33796296296296297
5 0.4027777777777778 0.2898148148148148 0.42986111111111114 0.2898148148148148 0.42986111111111114 0.3388888888888889 0.4027777777777778 0.3388888888888889
37 0.4361111111111111 0.2898148148148148 0.46319444444444446 0.2898148148148148 0.46319444444444446 0.3259259259259259 0.4361111111111111 0.3259259259259259
1 0.47152777777777777 0.2898148148148148 0.4888888888888889 0.2898148148148148 0.4888888888888889 0.33796296296296297 0.47152777777777777 0.33796296296296297
0 0.49375 0.2898148148148148 0.5208333333333334 0.2898148148148148 0.5208333333333334 0.33796296296296297 0.49375 0.33796296296296297
37 0.5256944444444445 0.2898148148148148 0.5527777777777778 0.2898148148148148 0.5527777777777778 0.3259259259259259 0.5256944444444445 0.3259259259259259
2 0.5611111111111111 0.2898148148148148 0.5881944444444445 0.2898148148148148 0.5881944444444445 0.33796296296296297 0.5611111111111111 0.33796296296296297
0 0.5944444444444444 0.2898148148148148 0.6138888888888889 0.2898148148148148 0.6138888888888889 0.3398148148148148 0.5944444444444444 0.3398148148148148
2 0.6215277777777778 0.2898148148148148 0.6486111111111111 0.2898148148148148 0.6486111111111111 0.33796296296296297 0.6215277777777778 0.33796296296296297
5 0.6534722222222222 0.2898148148148148 0.6805555555555556 0.2898148148148148 0.6805555555555556 0.33796296296296297 0.6534722222222222 0.33796296296296297
2 0.36875 0.35462962962962963 0.38819444444444445 0.35462962962962963 0.38819444444444445 0.4037037037037037 0.36875 0.4037037037037037
9 0.39652777777777776 0.35462962962962963 0.4236111111111111 0.35462962962962963 0.4236111111111111 0.4027777777777778 0.39652777777777776 0.4027777777777778
7 0.43125 0.35462962962962963 0.45069444444444445 0.35462962962962963 0.45069444444444445 0.4046296296296296 0.43125 0.4046296296296296
8 0.4583333333333333 0.35462962962962963 0.47777777777777775 0.35462962962962963 0.47777777777777775 0.4046296296296296 0.4583333333333333 0.4046296296296296
4 0.4826388888888889 0.35462962962962963 0.5020833333333333 0.35462962962962963 0.5020833333333333 0.4037037037037037 0.4826388888888889 0.4037037037037037
7 0.5083333333333333 0.35462962962962963 0.5277777777777778 0.35462962962962963 0.5277777777777778 0.4037037037037037 0.5083333333333333 0.4037037037037037
1 0.5347222222222222 0.35462962962962963 0.5520833333333334 0.35462962962962963 0.5520833333333334 0.4037037037037037 0.5347222222222222 0.4037037037037037
1 0.5590277777777778 0.35462962962962963 0.576388888888889 0.35462962962962963 0.576388888888889 0.4027777777777778 0.5590277777777778 0.4027777777777778
17 0.58125 0.35462962962962963 0.6083333333333334 0.35462962962962963 0.6083333333333334 0.4027777777777778 0.58125 0.4027777777777778
25 0.6131944444444445 0.35462962962962963 0.6402777777777778 0.35462962962962963 0.6402777777777778 0.4027777777777778 0.6131944444444445 0.4027777777777778
