1 0.31180555555555556 0.22962962962962963 0.32916666666666666 0.22962962962962963 0.32916666666666666 0.2787037037037037 0.31180555555555556 0.2787037037037037
1 0.33402777777777776 0.22962962962962963 0.35138888888888886 0.22962962962962963 0.35138888888888886 0.2777777777777778 0.33402777777777776 0.2777777777777778
37 0.35833333333333334 0.22962962962962963 0.3854166666666667 0.22962962962962963 0.3854166666666667 0.2657407407407407 0.35833333333333334 0.2657407407407407
1 0.39375 0.22962962962962963 0.4111111111111111 0.22962962962962963 0.4111111111111111 0.2787037037037037 0.39375 0.2787037037037037
0 0.4173611111111111 0.22962962962962963 0.43680555555555556 0.22962962962962963 0.43680555555555556 0.2787037037037037 0.4173611111111111 0.2787037037037037
37 0.4423611111111111 0.22962962962962963 0.46944444444444444 0.22962962962962963 0.46944444444444444 0.2657407407407407 0.4423611111111111 0.2657407407407407
2 0.4756944444444444 0.22962962962962963 0.5027777777777778 0.22962962962962963 0.5027777777777778 0.2777777777777778 0.4756944444444444 0.2777777777777778
0 0.5076388888888889 0.22962962962962963 0.5347222222222222 0.22962962962962963 0.5347222222222222 0.2777777777777778 0.5076388888888889 0.2777777777777778
2 0.5395833333333333 0.22962962962962963 0.5666666666666667 0.22962962962962963 0.5666666666666667 0.2777777777777778 0.5395833333333333 0.2777777777777778
5 0.5729166666666666 0.22962962962962963 0.6 0.22962962962962963 0.6 0.2777777777777778 0.5729166666666666 0.2777777777777778
2 0.6451388888888889 0.22962962962962963 0.6722222222222223 0.22962962962962963 0.6722222222222223 0.2777777777777778 0.6451388888888889 0.2777777777777778
1 0.6791666666666667 0.22962962962962963 0.6916666666666667 0.22962962962962963 0.6916666666666667 0.2787037037037037 0.6791666666666667 0.2787037037037037
36 0.6965277777777777 0.22962962962962963 0.7034722222222222 0.22962962962962963 0.7034722222222222 0.2601851851851852 0.6965277777777777 0.2601851851851852
4 0.7083333333333334 0.22962962962962963 0.7354166666666667 0.22962962962962963 0.7354166666666667 0.2777777777777778 0.7083333333333334 0.2777777777777778
1 0.7402777777777778 0.22962962962962963 0.757638888888889 0.22962962962962963 0.757638888888889 0.2777777777777778 0.7402777777777778 0.2777777777777778
0 0.38819444444444445 0.29444444444444445 0.4152777777777778 0.29444444444444445 0.4152777777777778 0.3425925925925926 0.38819444444444445 0.3425925925925926
9 0.4222222222222222 0.29444444444444445 0.44930555555555557 0.29444444444444445 0.44930555555555557 0.34351851851851856 0.4222222222222222 0.34351851851851856
37 0.45416666666666666 0.29444444444444445 0.48125 0.29444444444444445 0.48125 0.33055555555555555 0.45416666666666666 0.33055555555555555
1 0.48680555555555555 0.29444444444444445 0.5041666666666667 0.29444444444444445 0.5041666666666667 0.3425925925925926 0.48680555555555555 0.3425925925925926
2 0.5104166666666666 0.29444444444444445 0.5375 0.29444444444444445 0.5375 0.3425925925925926 0.5104166666666666 0.3425925925925926
37 0.5458333333333333 0.29444444444444445 0.5680555555555555 0.29444444444444445 0.5680555555555555 0.32407407407407407 0.5458333333333333 0.32407407407407407
2 0.575 0.29444444444444445 0.5944444444444444 0.29444444444444445 0.5944444444444444 0.34444444444444444 0.575 0.34444444444444444
0 0.6013888888888889 0.29444444444444445 0.6284722222222222 0.29444444444444445 0.6284722222222222 0.3425925925925926 0.6013888888888889 0.3425925925925926
2 0.6340277777777777 0.29444444444444445 0.6611111111111111 0.29444444444444445 0.6611111111111111 0.3425925925925926 0.6340277777777777 0.3425925925925926
4 0.66875 0.29444444444444445 0.6958333333333333 0.29444444444444445 0.6958333333333333 0.3425925925925926 0.66875 0.3425925925925926
3 0.38819444444444445 0.3592592592592593 0.4152777777777778 0.3592592592592593 0.4152777777777778 0.4083333333333333 0.38819444444444445 0.4083333333333333
0 0.4215277777777778 0.3592592592592593 0.4486111111111111 0.3592592592592593 0.4486111111111111 0.40740740740740744 0.4215277777777778 0.40740740740740744
0 0.45555555555555555 0.3592592592592593 0.4826388888888889 0.3592592592592593 0.4826388888888889 0.40740740740740744 0.45555555555555555 0.40740740740740744
4 0.4909722222222222 0.3592592592592593 0.5104166666666666 0.3592592592592593 0.5104166666666666 0.40740740740740744 0.4909722222222222 0.40740740740740744
0 0.5152777777777777 0.3592592592592593 0.5347222222222222 0.3592592592592593 0.5347222222222222 0.40925925925925927 0.5152777777777777 0.40925925925925927
4 0.5423611111111111 0.3592592592592593 0.5694444444444444 0.3592592592592593 0.5694444444444444 0.40740740740740744 0.5423611111111111 0.40740740740740744
6 0.5770833333333333 0.3592592592592593 0.5965277777777778 0.3592592592592593 0.5965277777777778 0.40925925925925927 0.5770833333333333 0.40925925925925927
2 0.6020833333333333 0.3592592592592593 0.6291666666666667 0.3592592592592593 0.6291666666666667 0.40740740740740744 0.6020833333333333 0.40740740740740744
35 0.6347222222222222 0.3592592592592593 0.6541666666666667 0.3592592592592593 0.6541666666666667 0.4083333333333333 0.6347222222222222 0.4083333333333333
30 0.6611111111111111 0.3592592592592593 0.6881944444444444 0.3592592592592593 0.6881944444444444 0.40740740740740744 0.6611111111111111 0.40740740740740744
