0 0.29305555555555557 0.22962962962962963 0.3125 0.22962962962962963 0.3125 0.2796296296296296 0.29305555555555557 0.2796296296296296
1 0.31805555555555554 0.22962962962962963 0.33541666666666664 0.22962962962962963 0.33541666666666664 0.2777777777777778 0.31805555555555554 0.2777777777777778
37 0.3416666666666667 0.22962962962962963 0.36875 0.22962962962962963 0.36875 0.2657407407407407 0.3416666666666667 0.2657407407407407
0 0.3770833333333333 0.22962962962962963 0.4041666666666667 0.22962962962962963 0.4041666666666667 0.2777777777777778 0.3770833333333333 0.2777777777777778
9 0.4097222222222222 0.22962962962962963 0.43680555555555556 0.22962962962962963 0.43680555555555556 0.2777777777777778 0.4097222222222222 0.2777777777777778
37 0.44305555555555554 0.22962962962962963 0.4701388888888889 0.22962962962962963 0.4701388888888889 0.26481481481481484 0.44305555555555554 0.26481481481481484
2 0.4756944444444444 0.22962962962962963 0.5027777777777778 0.22962962962962963 0.5027777777777778 0.2777777777777778 0.4756944444444444 0.2777777777777778
0 0.5104166666666666 0.22962962962962963 0.5375 0.22962962962962963 0.5375 0.2777777777777778 0.5104166666666666 0.2777777777777778
2 0.5458333333333333 0.22962962962962963 0.5729166666666666 0.22962962962962963 0.5729166666666666 0.2777777777777778 0.5458333333333333 0.2777777777777778
5 0.5784722222222223 0.22962962962962963 0.6055555555555556 0.22962962962962963 0.6055555555555556 0.2777777777777778 0.5784722222222223 0.2777777777777778
1 0.6444444444444445 0.22962962962962963 0.6618055555555556 0.22962962962962963 0.6618055555555556 0.2777777777777778 0.6444444444444445 0.2777777777777778
8 0.6673611111111111 0.22962962962962963 0.6944444444444444 0.22962962962962963 0.6944444444444444 0.2777777777777778 0.6673611111111111 0.2777777777777778
36 0.7006944444444444 0.22962962962962963 0.7131944444444444 0.22962962962962963 0.7131944444444444 0.2657407407407407 0.7006944444444444 0.2657407407407407
2 0.7180555555555556 0.22962962962962963 0.7451388888888889 0.22962962962962963 0.7451388888888889 0.2777777777777778 0.7180555555555556 0.2777777777777778
9 0.7513888888888889 0.22962962962962963 0.7784722222222222 0.22962962962962963 0.7784722222222222 0.2777777777777778 0.7513888888888889 0.2777777777777778
0 0.36944444444444446 0.29444444444444445 0.3888888888888889 0.29444444444444445 0.3888888888888889 0.34444444444444444 0.36944444444444446 0.34444444444444444
3 0.39375 0.29444444444444445 0.42083333333333334 0.29444444444444445 0.42083333333333334 0.3425925925925926 0.39375 0.3425925925925926
37 0.4270833333333333 0.29444444444444445 0.45416666666666666 0.29444444444444445 0.45416666666666666 0.33055555555555555 0.4270833333333333 0.33055555555555555
0 0.46041666666666664 0.29444444444444445 0.4875 0.29444444444444445 0.4875 0.3425925925925926 0.46041666666666664 0.3425925925925926
8 0.49583333333333335 0.29444444444444445 0.5152777777777778 0.29444444444444445 0.5152777777777778 0.34444444444444444 0.49583333333333335 0.34444444444444444
37 0.5229166666666667 0.29444444444444445 0.55 0.29444444444444445 0.55 0.33055555555555555 0.5229166666666667 0.33055555555555555
2 0.5555555555555556 0.29444444444444445 0.5826388888888889 0.29444444444444445 0.5826388888888889 0.3425925925925926 0.5555555555555556 0.3425925925925926
0 0.5909722222222222 0.29444444444444445 0.6180555555555556 0.29444444444444445 0.6180555555555556 0.3425925925925926 0.5909722222222222 0.3425925925925926
2 0.6256944444444444 0.29444444444444445 0.6527777777777778 0.29444444444444445 0.6527777777777778 0.3425925925925926 0.6256944444444444 0.3425925925925926
5 0.6611111111111111 0.29444444444444445 0.6805555555555556 0.29444444444444445 0.6805555555555556 0.34351851851851856 0.6611111111111111 0.34351851851851856
5 0.36944444444444446 0.3592592592592593 0.3888888888888889 0.3592592592592593 0.3888888888888889 0.40925925925925927 0.36944444444444446 0.40925925925925927
1 0.39444444444444443 0.3592592592592593 0.40694444444444444 0.3592592592592593 0.40694444444444444 0.4083333333333333 0.39444444444444443 0.4083333333333333
4 0.41180555555555554 0.3592592592592593 0.4388888888888889 0.3592592592592593 0.4388888888888889 0.40740740740740744 0.41180555555555554 0.40740740740740744
8 0.44513888888888886 0.3592592592592593 0.4722222222222222 0.3592592592592593 0.4722222222222222 0.40740740740740744 0.44513888888888886 0.40740740740740744
8 0.48055555555555557 0.3592592592592593 0.5076388888888889 0.3592592592592593 0.5076388888888889 0.40740740740740744 0.48055555555555557 0.40740740740740744
6 0.5152777777777777 0.3592592592592593 0.5423611111111111 0.3592592592592593 0.5423611111111111 0.4083333333333333 0.5152777777777777 0.4083333333333333
5 0.5506944444444445 0.3592592592592593 0.5777777777777778 0.3592592592592593 0.5777777777777778 0.40740740740740744 0.5506944444444445 0.40740740740740744
3 0.5847222222222223 0.3592592592592593 0.6118055555555556 0.3592592592592593 0.6118055555555556 0.40740740740740744 0.5847222222222223 0.40740740740740744
27 0.6173611111111111 0.3592592592592593 0.6444444444444445 0.3592592592592593 0.6444444444444445 0.40740740740740744 0.6173611111111111 0.40740740740740744
21 0.6506944444444445 0.3592592592592593 0.670138888888889 0.3592592592592593 0.670138888888889 0.40925925925925927 0.6506944444444445 0.40925925925925927
