1 0.4345703125 0.07682291666666667 0.4384765625 0.07682291666666667 0.4384765625 0.09309895833333334 0.4345703125 0.09309895833333334
3 0.43994140625 0.07682291666666667 0.44873046875 0.07682291666666667 0.44873046875 0.09244791666666667 0.43994140625 0.09244791666666667
37 0.4501953125 0.07682291666666667 0.458984375 0.07682291666666667 0.458984375 0.08854166666666667 0.4501953125 0.08854166666666667
1 0.46044921875 0.07682291666666667 0.46435546875 0.07682291666666667 0.46435546875 0.09309895833333334 0.46044921875 0.09309895833333334
0 0.4658203125 0.07682291666666667 0.474609375 0.07682291666666667 0.474609375 0.09244791666666667 0.4658203125 0.09244791666666667
37 0.47607421875 0.07682291666666667 0.48486328125 0.07682291666666667 0.48486328125 0.08854166666666667 0.47607421875 0.08854166666666667
2 0.486328125 0.07682291666666667 0.4951171875 0.07682291666666667 0.4951171875 0.09244791666666667 0.486328125 0.09244791666666667
0 0.49658203125 0.07682291666666667 0.5029296875 0.07682291666666667 0.5029296875 0.09309895833333334 0.49658203125 0.09309895833333334
2 0.50439453125 0.07682291666666667 0.51318359375 0.07682291666666667 0.51318359375 0.09244791666666667 0.50439453125 0.09244791666666667
5 0.5146484375 0.07682291666666667 0.5234375 0.07682291666666667 0.5234375 0.09244791666666667 0.5146484375 0.09244791666666667
1 0.53955078125 0.07682291666666667 0.54345703125 0.07682291666666667 0.54345703125 0.09309895833333334 0.53955078125 0.09309895833333334
4 0.54541015625 0.07682291666666667 0.5517578125 0.07682291666666667 0.5517578125 0.09309895833333334 0.54541015625 0.09309895833333334
36 0.55419921875 0.07682291666666667 0.55615234375 0.07682291666666667 0.55615234375 0.08723958333333334 0.55419921875 0.08723958333333334
5 0.55810546875 0.07682291666666667 0.56689453125 0.07682291666666667 0.56689453125 0.09244791666666667 0.55810546875 0.09244791666666667
2 0.56884765625 0.07682291666666667 0.57763671875 0.07682291666666667 0.57763671875 0.09244791666666667 0.56884765625 0.09244791666666667
2 0.45654296875 0.09635416666666667 0.46533203125 0.09635416666666667 0.46533203125 0.11197916666666667 0.45654296875 0.11197916666666667
0 0.466796875 0.09635416666666667 0.47314453125 0.09635416666666667 0.47314453125 0.11263020833333334 0.466796875 0.11263020833333334
37 0.4755859375 0.09635416666666667 0.484375 0.09635416666666667 0.484375 0.10807291666666667 0.4755859375 0.10807291666666667
1 0.48681640625 0.09635416666666667 0.49072265625 0.09635416666666667 0.49072265625 0.11263020833333334 0.48681640625 0.11263020833333334
2 0.4921875 0.09635416666666667 0.49853515625 0.09635416666666667 0.49853515625 0.11263020833333334 0.4921875 0.11263020833333334
37 0.50048828125 0.09635416666666667 0.50927734375 0.09635416666666667 0.50927734375 0.10807291666666667 0.50048828125 0.10807291666666667
2 0.51123046875 0.09635416666666667 0.52001953125 0.09635416666666667 0.52001953125 0.11263020833333334 0.51123046875 0.11263020833333334
0 0.5224609375 0.09635416666666667 0.53125 0.09635416666666667 0.53125 0.11197916666666667 0.5224609375 0.11197916666666667
2 0.53271484375 0.09635416666666667 0.54150390625 0.09635416666666667 0.54150390625 0.11197916666666667 0.53271484375 0.11197916666666667
4 0.54345703125 0.09635416666666667 0.55224609375 0.09635416666666667 0.55224609375 0.11197916666666667 0.54345703125 0.11197916666666667
8 0.45654296875 0.11588541666666667 0.462890625 0.11588541666666667 0.462890625 0.13216145833333334 0.45654296875 0.13216145833333334
4 0.46435546875 0.11588541666666667 0.47314453125 0.11588541666666667 0.47314453125 0.13151041666666669 0.46435546875 0.13151041666666669
0 0.47509765625 0.11588541666666667 0.48388671875 0.11588541666666667 0.48388671875 0.13151041666666669 0.47509765625 0.13151041666666669
7 0.486328125 0.11588541666666667 0.4951171875 0.11588541666666667 0.4951171875 0.13151041666666669 0.486328125 0.13151041666666669
2 0.49658203125 0.11588541666666667 0.50537109375 0.11588541666666667 0.50537109375 0.13151041666666669 0.49658203125 0.13151041666666669
0 0.5078125 0.11588541666666667 0.5166015625 0.11588541666666667 0.5166015625 0.13151041666666669 0.5078125 0.13151041666666669
5 0.5185546875 0.11588541666666667 0.52734375 0.11588541666666667 0.52734375 0.13216145833333334 0.5185546875 0.13216145833333334
2 0.52880859375 0.11588541666666667 0.53759765625 0.11588541666666667 0.53759765625 0.13216145833333334 0.52880859375 0.13216145833333334
31 0.5390625 0.11588541666666667 0.5478515625 0.11588541666666667 0.5478515625 0.13151041666666669 0.5390625 0.13151041666666669
28 0.5498046875 0.11588541666666667 0.55615234375 0.11588541666666667 0.55615234375 0.13216145833333334 0.5498046875 0.13216145833333334
