1 0.4345703125 0.07682291666666667 0.4384765625 0.07682291666666667 0.4384765625 0.09309895833333334 0.4345703125 0.09309895833333334
4 0.43994140625 0.07682291666666667 0.44873046875 0.07682291666666667 0.44873046875 0.09244791666666667 0.43994140625 0.09244791666666667
37 0.4501953125 0.07682291666666667 0.458984375 0.07682291666666667 0.458984375 0.08854166666666667 0.4501953125 0.08854166666666667
0 0.46044921875 0.07682291666666667 0.46923828125 0.07682291666666667 0.46923828125 0.09244791666666667 0.46044921875 0.09244791666666667
6 0.470703125 0.07682291666666667 0.47705078125 0.07682291666666667 0.47705078125 0.09309895833333334 0.470703125 0.09309895833333334
37 0.478515625 0.07682291666666667 0.4873046875 0.07682291666666667 0.4873046875 0.08854166666666667 0.478515625 0.08854166666666667
2 0.48876953125 0.07682291666666667 0.49755859375 0.07682291666666667 0.49755859375 0.09244791666666667 0.48876953125 0.09244791666666667
0 0.4990234375 0.07682291666666667 0.5078125 0.07682291666666667 0.5078125 0.09244791666666667 0.4990234375 0.09244791666666667
2 0.50927734375 0.07682291666666667 0.51806640625 0.07682291666666667 0.51806640625 0.09244791666666667 0.50927734375 0.09244791666666667
5 0.51953125 0.07682291666666667 0.52587890625 0.07682291666666667 0.52587890625 0.09309895833333334 0.51953125 0.09309895833333334
1 0.5419921875 0.07682291666666667 0.5478515625 0.07682291666666667 0.5478515625 0.09244791666666667 0.5419921875 0.09244791666666667
4 0.54931640625 0.07682291666666667 0.5556640625 0.07682291666666667 0.5556640625 0.09309895833333334 0.54931640625 0.09309895833333334
36 0.5576171875 0.07682291666666667 0.5615234375 0.07682291666666667 0.5615234375 0.08854166666666667 0.5576171875 0.08854166666666667
5 0.5634765625 0.07682291666666667 0.572265625 0.07682291666666667 0.572265625 0.09309895833333334 0.5634765625 0.09309895833333334
2 0.57421875 0.07682291666666667 0.5830078125 0.07682291666666667 0.5830078125 0.09244791666666667 0.57421875 0.09244791666666667
0 0.45654296875 0.09635416666666667 0.46533203125 0.09635416666666667 0.46533203125 0.11263020833333334 0.45654296875 0.11263020833333334
8 0.46728515625 0.09635416666666667 0.4736328125 0.09635416666666667 0.4736328125 0.11263020833333334 0.46728515625 0.11263020833333334
37 0.47509765625 0.09635416666666667 0.48388671875 0.09635416666666667 0.48388671875 0.10807291666666667 0.47509765625 0.10807291666666667
0 0.48583984375 0.09635416666666667 0.4921875 0.09635416666666667 0.4921875 0.11263020833333334 0.48583984375 0.11263020833333334
8 0.494140625 0.09635416666666667 0.5029296875 0.09635416666666667 0.5029296875 0.11197916666666667 0.494140625 0.11197916666666667
37 0.5048828125 0.09635416666666667 0.513671875 0.09635416666666667 0.513671875 0.10807291666666667 0.5048828125 0.10807291666666667
2 0.515625 0.09635416666666667 0.52197265625 0.09635416666666667 0.52197265625 0.11263020833333334 0.515625 0.11263020833333334
0 0.52392578125 0.09635416666666667 0.53271484375 0.09635416666666667 0.53271484375 0.11263020833333334 0.52392578125 0.11263020833333334
2 0.5341796875 0.09635416666666667 0.54296875 0.09635416666666667 0.54296875 0.11263020833333334 0.5341796875 0.11263020833333334
5 0.54541015625 0.09635416666666667 0.55419921875 0.09635416666666667 0.55419921875 0.11263020833333334 0.54541015625 0.11263020833333334
7 0.45654296875 0.11588541666666667 0.46533203125 0.11588541666666667 0.46533203125 0.13151041666666669 0.45654296875 0.13151041666666669
5 0.4677734375 0.11588541666666667 0.4765625 0.11588541666666667 0.4765625 0.13151041666666669 0.4677734375 0.13151041666666669
6 0.47900390625 0.11588541666666667 0.4853515625 0.11588541666666667 0.4853515625 0.13216145833333334 0.47900390625 0.13216145833333334
6 0.48681640625 0.11588541666666667 0.4931640625 0.11588541666666667 0.4931640625 0.13216145833333334 0.48681640625 0.13216145833333334
0 0.4951171875 0.11588541666666667 0.50390625 0.11588541666666667 0.50390625 0.13216145833333334 0.4951171875 0.13216145833333334
7 0.50537109375 0.11588541666666667 0.51416015625 0.11588541666666667 0.51416015625 0.13151041666666669 0.50537109375 0.13151041666666669
4 0.515625 0.11588541666666667 0.5244140625 0.11588541666666667 0.5244140625 0.13151041666666669 0.515625 0.13151041666666669
4 0.5263671875 0.11588541666666667 0.53515625 0.11588541666666667 0.53515625 0.13151041666666669 0.5263671875 0.13151041666666669
21 0.53759765625 0.11588541666666667 0.54638671875 0.11588541666666667 0.54638671875 0.13151041666666669 0.53759765625 0.13151041666666669
19 0.54833984375 0.11588541666666667 0.55712890625 0.11588541666666667 0.55712890625 0.13216145833333334 0.54833984375 0.13216145833333334
