2 0.4345703125 0.07682291666666667 0.443359375 0.07682291666666667 0.443359375 0.09244791666666667 0.4345703125 0.09244791666666667
7 0.44482421875 0.07682291666666667 0.451171875 0.07682291666666667 0.451171875 0.09309895833333334 0.44482421875 0.09309895833333334
37 0.45263671875 0.07682291666666667 0.46142578125 0.07682291666666667 0.46142578125 0.08854166666666667 0.45263671875 0.08854166666666667
0 0.462890625 0.07682291666666667 0.4716796875 0.07682291666666667 0.4716796875 0.09244791666666667 0.462890625 0.09244791666666667
8 0.47314453125 0.07682291666666667 0.4794921875 0.07682291666666667 0.4794921875 0.09309895833333334 0.47314453125 0.09309895833333334
37 0.48095703125 0.07682291666666667 0.48974609375 0.07682291666666667 0.48974609375 0.08854166666666667 0.48095703125 0.08854166666666667
2 0.4912109375 0.07682291666666667 0.5 0.07682291666666667 0.5 0.09309895833333334 0.4912109375 0.09309895833333334
0 0.50146484375 0.07682291666666667 0.51025390625 0.07682291666666667 0.51025390625 0.09309895833333334 0.50146484375 0.09309895833333334
2 0.51171875 0.07682291666666667 0.51806640625 0.07682291666666667 0.51806640625 0.09309895833333334 0.51171875 0.09309895833333334
5 0.51953125 0.07682291666666667 0.5283203125 0.07682291666666667 0.5283203125 0.09244791666666667 0.51953125 0.09244791666666667
1 0.54443359375 0.07682291666666667 0.55029296875 0.07682291666666667 0.55029296875 0.09244791666666667 0.54443359375 0.09244791666666667
4 0.552734375 0.07682291666666667 0.5615234375 0.07682291666666667 0.5615234375 0.09244791666666667 0.552734375 0.09244791666666667
36 0.5634765625 0.07682291666666667 0.5673828125 0.07682291666666667 0.5673828125 0.08854166666666667 0.5634765625 0.08854166666666667
5 0.56982421875 0.07682291666666667 0.57861328125 0.07682291666666667 0.57861328125 0.09244791666666667 0.56982421875 0.09244791666666667
2 0.58056640625 0.07682291666666667 0.5869140625 0.07682291666666667 0.5869140625 0.09309895833333334 0.58056640625 0.09309895833333334
0 0.45654296875 0.09635416666666667 0.462890625 0.09635416666666667 0.462890625 0.11263020833333334 0.45654296875 0.11263020833333334
7 0.46533203125 0.09635416666666667 0.47412109375 0.09635416666666667 0.47412109375 0.11263020833333334 0.46533203125 0.11263020833333334
37 0.47607421875 0.09635416666666667 0.48486328125 0.09635416666666667 0.48486328125 0.10807291666666667 0.47607421875 0.10807291666666667
1 0.486328125 0.09635416666666667 0.4921875 0.09635416666666667 0.4921875 0.11197916666666667 0.486328125 0.11197916666666667
0 0.49462890625 0.09635416666666667 0.50341796875 0.09635416666666667 0.50341796875 0.11197916666666667 0.49462890625 0.11197916666666667
37 0.505859375 0.09635416666666667 0.5146484375 0.09635416666666667 0.5146484375 0.10807291666666667 0.505859375 0.10807291666666667
2 0.51708984375 0.09635416666666667 0.52587890625 0.09635416666666667 0.52587890625 0.11197916666666667 0.51708984375 0.11197916666666667
0 0.52783203125 0.09635416666666667 0.5341796875 0.09635416666666667 0.5341796875 0.11263020833333334 0.52783203125 0.11263020833333334
2 0.53662109375 0.09635416666666667 0.54296875 0.09635416666666667 0.54296875 0.11263020833333334 0.53662109375 0.11263020833333334
5 0.54541015625 0.09635416666666667 0.5517578125 0.09635416666666667 0.5517578125 0.11263020833333334 0.54541015625 0.11263020833333334
0 0.45654296875 0.11588541666666667 0.462890625 0.11588541666666667 0.462890625 0.13216145833333334 0.45654296875 0.13216145833333334
5 0.46533203125 0.11588541666666667 0.4716796875 0.11588541666666667 0.4716796875 0.13216145833333334 0.46533203125 0.13216145833333334
4 0.47314453125 0.11588541666666667 0.4794921875 0.11588541666666667 0.4794921875 0.13216145833333334 0.47314453125 0.13216145833333334
4 0.48095703125 0.11588541666666667 0.48974609375 0.11588541666666667 0.48974609375 0.13151041666666669 0.48095703125 0.13151041666666669
9 0.4921875 0.11588541666666667 0.5009765625 0.11588541666666667 0.5009765625 0.13151041666666669 0.4921875 0.13151041666666669
1 0.5029296875 0.11588541666666667 0.5087890625 0.11588541666666667 0.5087890625 0.13151041666666669 0.5029296875 0.13151041666666669
0 0.51123046875 0.11588541666666667 0.52001953125 0.11588541666666667 0.52001953125 0.13151041666666669 0.51123046875 0.13151041666666669
2 0.521484375 0.11588541666666667 0.5302734375 0.11588541666666667 0.5302734375 0.13151041666666669 0.521484375 0.13151041666666669
28 0.53271484375 0.11588541666666667 0.5390625 0.11588541666666667 0.5390625 0.13216145833333334 0.53271484375 0.13216145833333334
23 0.54052734375 0.11588541666666667 0.546875 0.11588541666666667 0.546875 0.13216145833333334 0.54052734375 0.13216145833333334
