1 0.4345703125 0.07682291666666667 0.43896484375 0.07682291666666667 0.43896484375 0.09309895833333334 0.4345703125 0.09309895833333334
0 0.4404296875 0.07682291666666667 0.44921875 0.07682291666666667 0.44921875 0.09244791666666667 0.4404296875 0.09244791666666667
37 0.45068359375 0.07682291666666667 0.45947265625 0.07682291666666667 0.45947265625 0.08854166666666667 0.45068359375 0.08854166666666667
0 0.4609375 0.07682291666666667 0.4697265625 0.07682291666666667 0.4697265625 0.09244791666666667 0.4609375 0.09244791666666667
8 0.47119140625 0.07682291666666667 0.47998046875 0.07682291666666667 0.47998046875 0.09244791666666667 0.47119140625 0.09244791666666667
37 0.4814453125 0.07682291666666667 0.490234375 0.07682291666666667 0.490234375 0.08854166666666667 0.4814453125 0.08854166666666667
2 0.49169921875 0.07682291666666667 0.498046875 0.07682291666666667 0.498046875 0.09309895833333334 0.49169921875 0.09309895833333334
0 0.49951171875 0.07682291666666667 0.50830078125 0.07682291666666667 0.50830078125 0.09309895833333334 0.49951171875 0.09309895833333334
2 0.509765625 0.07682291666666667 0.5185546875 0.07682291666666667 0.5185546875 0.09244791666666667 0.509765625 0.09244791666666667
5 0.52001953125 0.07682291666666667 0.52880859375 0.07682291666666667 0.52880859375 0.09309895833333334 0.52001953125 0.09309895833333334
1 0.544921875 0.07682291666666667 0.55078125 0.07682291666666667 0.55078125 0.09244791666666667 0.544921875 0.09244791666666667
4 0.552734375 0.07682291666666667 0.55908203125 0.07682291666666667 0.55908203125 0.09309895833333334 0.552734375 0.09309895833333334
36 0.5615234375 0.07682291666666667 0.5654296875 0.07682291666666667 0.5654296875 0.08854166666666667 0.5615234375 0.08854166666666667
5 0.56689453125 0.07682291666666667 0.57568359375 0.07682291666666667 0.57568359375 0.09244791666666667 0.56689453125 0.09244791666666667
2 0.578125 0.07682291666666667 0.5869140625 0.07682291666666667 0.5869140625 0.09244791666666667 0.578125 0.09244791666666667
2 0.45654296875 0.09635416666666667 0.46533203125 0.09635416666666667 0.46533203125 0.11263020833333334 0.45654296875 0.11263020833333334
6 0.4677734375 0.09635416666666667 0.4765625 0.09635416666666667 0.4765625 0.11197916666666667 0.4677734375 0.11197916666666667
37 0.47802734375 0.09635416666666667 0.48681640625 0.09635416666666667 0.48681640625 0.10807291666666667 0.47802734375 0.10807291666666667
1 0.48876953125 0.09635416666666667 0.49462890625 0.09635416666666667 0.49462890625 0.11263020833333334 0.48876953125 0.11263020833333334
0 0.49658203125 0.09635416666666667 0.5029296875 0.09635416666666667 0.5029296875 0.11263020833333334 0.49658203125 0.11263020833333334
37 0.50537109375 0.09635416666666667 0.51416015625 0.09635416666666667 0.51416015625 0.10807291666666667 0.50537109375 0.10807291666666667
2 0.515625 0.09635416666666667 0.5244140625 0.09635416666666667 0.5244140625 0.11197916666666667 0.515625 0.11197916666666667
0 0.52685546875 0.09635416666666667 0.53564453125 0.09635416666666667 0.53564453125 0.11197916666666667 0.52685546875 0.11197916666666667
2 0.537109375 0.09635416666666667 0.54345703125 0.09635416666666667 0.54345703125 0.11263020833333334 0.537109375 0.11263020833333334
5 0.54541015625 0.09635416666666667 0.55419921875 0.09635416666666667 0.55419921875 0.11197916666666667 0.54541015625 0.11197916666666667
0 0.45654296875 0.11588541666666667 0.46533203125 0.11588541666666667 0.46533203125 0.13151041666666669 0.45654296875 0.13151041666666669
0 0.4677734375 0.11588541666666667 0.4765625 0.11588541666666667 0.4765625 0.13151041666666669 0.4677734375 0.13151041666666669
2 0.47900390625 0.11588541666666667 0.48779296875 0.11588541666666667 0.48779296875 0.13151041666666669 0.47900390625 0.13151041666666669
7 0.48974609375 0.11588541666666667 0.49609375 0.11588541666666667 0.49609375 0.13216145833333334 0.48974609375 0.13216145833333334
6 0.49853515625 0.11588541666666667 0.5048828125 0.11588541666666667 0.5048828125 0.13216145833333334 0.49853515625 0.13216145833333334
4 0.50732421875 0.11588541666666667 0.51611328125 0.11588541666666667 0.51611328125 0.13151041666666669 0.50732421875 0.13151041666666669
6 0.51806640625 0.11588541666666667 0.5244140625 0.11588541666666667 0.5244140625 0.13216145833333334 0.51806640625 0.13216145833333334
0 0.52587890625 0.11588541666666667 0.5322265625 0.11588541666666667 0.5322265625 0.13216145833333334 0.52587890625 0.13216145833333334
15 0.53466796875 0.11588541666666667 0.54345703125 0.11588541666666667 0.54345703125 0.13151041666666669 0.53466796875 0.13151041666666669
25 0.5458984375 0.11588541666666667 0.55224609375 0.11588541666666667 0.55224609375 0.13216145833333334 0.5458984375 0.13216145833333334
