0 0.4345703125 0.07682291666666667 0.44091796875 0.07682291666666667 0.44091796875 0.09309895833333334 0.4345703125 0.09309895833333334
2 0.4423828125 0.07682291666666667 0.451171875 0.07682291666666667 0.451171875 0.09309895833333334 0.4423828125 0.09309895833333334
37 0.45263671875 0.07682291666666667 0.46142578125 0.07682291666666667 0.46142578125 0.08854166666666667 0.45263671875 0.08854166666666667
1 0.462890625 0.07682291666666667 0.46875 0.07682291666666667 0.46875 0.09244791666666667 0.462890625 0.09244791666666667
0 0.47021484375 0.07682291666666667 0.47900390625 0.07682291666666667 0.47900390625 0.09309895833333334 0.47021484375 0.09309895833333334
37 0.48046875 0.07682291666666667 0.4892578125 0.07682291666666667 0.4892578125 0.08854166666666667 0.48046875 0.08854166666666667
2 0.49072265625 0.07682291666666667 0.4970703125 0.07682291666666667 0.4970703125 0.09309895833333334 0.49072265625 0.09309895833333334
0 0.49853515625 0.07682291666666667 0.50732421875 0.07682291666666667 0.50732421875 0.09244791666666667 0.49853515625 0.09244791666666667
2 0.5087890625 0.07682291666666667 0.517578125 0.07682291666666667 0.517578125 0.09244791666666667 0.5087890625 0.09244791666666667
5 0.51904296875 0.07682291666666667 0.52783203125 0.07682291666666667 0.52783203125 0.09309895833333334 0.51904296875 0.09309895833333334
1 0.5439453125 0.07682291666666667 0.54931640625 0.07682291666666667 0.54931640625 0.09309895833333334 0.5439453125 0.09309895833333334
4 0.5517578125 0.07682291666666667 0.560546875 0.07682291666666667 0.560546875 0.09244791666666667 0.5517578125 0.09244791666666667
36 0.56201171875 0.07682291666666667 0.56591796875 0.07682291666666667 0.56591796875 0.08854166666666667 0.56201171875 0.08854166666666667
5 0.56787109375 0.07682291666666667 0.57421875 0.07682291666666667 0.57421875 0.09309895833333334 0.56787109375 0.09309895833333334
2 0.57568359375 0.07682291666666667 0.58447265625 0.07682291666666667 0.58447265625 0.09244791666666667 0.57568359375 0.09244791666666667
0 0.45654296875 0.09635416666666667 0.462890625 0.09635416666666667 0.462890625 0.11263020833333334 0.45654296875 0.11263020833333334
6 0.46484375 0.09635416666666667 0.47119140625 0.09635416666666667 0.47119140625 0.11263020833333334 0.46484375 0.11263020833333334
37 0.47265625 0.09635416666666667 0.4814453125 0.09635416666666667 0.4814453125 0.10807291666666667 0.47265625 0.10807291666666667
0 0.48388671875 0.09635416666666667 0.490234375 0.09635416666666667 0.490234375 0.11263020833333334 0.48388671875 0.11263020833333334
5 0.4921875 0.09635416666666667 0.49853515625 0.09635416666666667 0.49853515625 0.11263020833333334 0.4921875 0.11263020833333334
37 0.50048828125 0.09635416666666667 0.5078125 0.09635416666666667 0.5078125 0.10611979166666667 0.50048828125 0.10611979166666667
2 0.50927734375 0.09635416666666667 0.51806640625 0.09635416666666667 0.51806640625 0.11197916666666667 0.50927734375 0.11197916666666667
0 0.5205078125 0.09635416666666667 0.529296875 0.09635416666666667 0.529296875 0.11197916666666667 0.5205078125 0.11197916666666667
2 0.53173828125 0.09635416666666667 0.5380859375 0.09635416666666667 0.5380859375 0.11263020833333334 0.53173828125 0.11263020833333334
5 0.53955078125 0.09635416666666667 0.54833984375 0.09635416666666667 0.54833984375 0.11197916666666667 0.53955078125 0.11197916666666667
1 0.45654296875 0.11588541666666667 0.46240234375 0.11588541666666667 0.46240234375 0.13151041666666669 0.45654296875 0.13151041666666669
8 0.4638671875 0.11588541666666667 0.47021484375 0.11588541666666667 0.47021484375 0.13216145833333334 0.4638671875 0.13216145833333334
5 0.4716796875 0.11588541666666667 0.48046875 0.11588541666666667 0.48046875 0.13151041666666669 0.4716796875 0.13151041666666669
3 0.48291015625 0.11588541666666667 0.49169921875 0.11588541666666667 0.49169921875 0.13151041666666669 0.48291015625 0.13151041666666669
6 0.4931640625 0.11588541666666667 0.49951171875 0.11588541666666667 0.49951171875 0.13216145833333334 0.4931640625 0.13216145833333334
8 0.50146484375 0.11588541666666667 0.51025390625 0.11588541666666667 0.51025390625 0.13151041666666669 0.50146484375 0.13151041666666669
9 0.51171875 0.11588541666666667 0.51806640625 0.11588541666666667 0.51806640625 0.13216145833333334 0.51171875 0.13216145833333334
3 0.51953125 0.11588541666666667 0.5283203125 0.11588541666666667 0.5283203125 0.13151041666666669 0.51953125 0.13151041666666669
20 0.52978515625 0.11588541666666667 0.5361328125 0.11588541666666667 0.5361328125 0.13216145833333334 0.52978515625 0.13216145833333334
13 0.5380859375 0.11588541666666667 0.546875 0.11588541666666667 0.546875 0.13151041666666669 0.5380859375 0.13151041666666669
