0 0.4345703125 0.07682291666666667 0.443359375 0.07682291666666667 0.443359375 0.09309895833333334 0.4345703125 0.09309895833333334
5 0.44482421875 0.07682291666666667 0.45361328125 0.07682291666666667 0.45361328125 0.09309895833333334 0.44482421875 0.09309895833333334
37 0.455078125 0.07682291666666667 0.4638671875 0.07682291666666667 0.4638671875 0.08854166666666667 0.455078125 0.08854166666666667
0 0.46533203125 0.07682291666666667 0.4716796875 0.07682291666666667 0.4716796875 0.09309895833333334 0.46533203125 0.09309895833333334
8 0.47314453125 0.07682291666666667 0.48193359375 0.07682291666666667 0.48193359375 0.09244791666666667 0.47314453125 0.09244791666666667
37 0.4833984375 0.07682291666666667 0.4921875 0.07682291666666667 0.4921875 0.08854166666666667 0.4833984375 0.08854166666666667
2 0.49365234375 0.07682291666666667 0.5 0.07682291666666667 0.5 0.09309895833333334 0.49365234375 0.09309895833333334
0 0.50146484375 0.07682291666666667 0.51025390625 0.07682291666666667 0.51025390625 0.09244791666666667 0.50146484375 0.09244791666666667
2 0.51171875 0.07682291666666667 0.5205078125 0.07682291666666667 0.5205078125 0.09244791666666667 0.51171875 0.09244791666666667
5 0.52197265625 0.07682291666666667 0.53076171875 0.07682291666666667 0.53076171875 0.09244791666666667 0.52197265625 0.09244791666666667
1 0.546875 0.07682291666666667 0.552734375 0.07682291666666667 0.552734375 0.09244791666666667 0.546875 0.09244791666666667
4 0.55419921875 0.07682291666666667 0.56298828125 0.07682291666666667 0.56298828125 0.09244791666666667 0.55419921875 0.09244791666666667
36 0.56494140625 0.07682291666666667 0.56689453125 0.07682291666666667 0.56689453125 0.08658854166666667 0.56494140625 0.08658854166666667
5 0.568359375 0.07682291666666667 0.57470703125 0.07682291666666667 0.57470703125 0.09309895833333334 0.568359375 0.09309895833333334
2 0.576171875 0.07682291666666667 0.58251953125 0.07682291666666667 0.58251953125 0.09309895833333334 0.576171875 0.09309895833333334
2 0.45654296875 0.09635416666666667 0.46533203125 0.09635416666666667 0.46533203125 0.11263020833333334 0.45654296875 0.11263020833333334
2 0.46728515625 0.09635416666666667 0.47607421875 0.09635416666666667 0.47607421875 0.11197916666666667 0.46728515625 0.11197916666666667
37 0.4775390625 0.09635416666666667 0.486328125 0.09635416666666667 0.486328125 0.10807291666666667 0.4775390625 0.10807291666666667
0 0.48828125 0.09635416666666667 0.4970703125 0.09635416666666667 0.4970703125 0.11263020833333334 0.48828125 0.11263020833333334
9 0.49853515625 0.09635416666666667 0.5048828125 0.09635416666666667 0.5048828125 0.11263020833333334 0.49853515625 0.11263020833333334
37 0.50732421875 0.09635416666666667 0.51611328125 0.09635416666666667 0.51611328125 0.10807291666666667 0.50732421875 0.10807291666666667
2 0.51806640625 0.09635416666666667 0.5244140625 0.09635416666666667 0.5244140625 0.11263020833333334 0.51806640625 0.11263020833333334
0 0.52685546875 0.09635416666666667 0.53564453125 0.09635416666666667 0.53564453125 0.11197916666666667 0.52685546875 0.11197916666666667
2 0.5380859375 0.09635416666666667 0.546875 0.09635416666666667 0.546875 0.11197916666666667 0.5380859375 0.11197916666666667
5 0.54833984375 0.09635416666666667 0.55712890625 0.09635416666666667 0.55712890625 0.11197916666666667 0.54833984375 0.11197916666666667
1 0.45654296875 0.11588541666666667 0.46240234375 0.11588541666666667 0.46240234375 0.13151041666666669 0.45654296875 0.13151041666666669
6 0.46435546875 0.11588541666666667 0.470703125 0.11588541666666667 0.470703125 0.13216145833333334 0.46435546875 0.13216145833333334
4 0.47314453125 0.11588541666666667 0.4794921875 0.11588541666666667 0.4794921875 0.13216145833333334 0.47314453125 0.13216145833333334
3 0.4814453125 0.11588541666666667 0.490234375 0.11588541666666667 0.490234375 0.13216145833333334 0.4814453125 0.13216145833333334
1 0.49169921875 0.11588541666666667 0.49609375 0.11588541666666667 0.49609375 0.13216145833333334 0.49169921875 0.13216145833333334
5 0.49853515625 0.11588541666666667 0.50732421875 0.11588541666666667 0.50732421875 0.13151041666666669 0.49853515625 0.13151041666666669
8 0.509765625 0.11588541666666667 0.5185546875 0.11588541666666667 0.5185546875 0.13151041666666669 0.509765625 0.13151041666666669
8 0.52001953125 0.11588541666666667 0.5263671875 0.11588541666666667 0.5263671875 0.13216145833333334 0.52001953125 0.13216145833333334
28 0.5283203125 0.11588541666666667 0.53466796875 0.11588541666666667 0.53466796875 0.13216145833333334 0.5283203125 0.13216145833333334
18 0.537109375 0.11588541666666667 0.54296875 0.11588541666666667 0.54296875 0.13216145833333334 0.537109375 0.13216145833333334
