0 0.4345703125 0.07682291666666667 0.443359375 0.07682291666666667 0.443359375 0.09244791666666667 0.4345703125 0.09244791666666667
3 0.44482421875 0.07682291666666667 0.451171875 0.07682291666666667 0.451171875 0.09309895833333334 0.44482421875 0.09309895833333334
37 0.45263671875 0.07682291666666667 0.46142578125 0.07682291666666667 0.46142578125 0.08854166666666667 0.45263671875 0.08854166666666667
0 0.462890625 0.07682291666666667 0.4716796875 0.07682291666666667 0.4716796875 0.09309895833333334 0.462890625 0.09309895833333334
9 0.47314453125 0.07682291666666667 0.48193359375 0.07682291666666667 0.48193359375 0.09244791666666667 0.47314453125 0.09244791666666667
37 0.4833984375 0.07682291666666667 0.4921875 0.07682291666666667 0.4921875 0.08854166666666667 0.4833984375 0.08854166666666667
2 0.49365234375 0.07682291666666667 0.5 0.07682291666666667 0.5 0.09309895833333334 0.49365234375 0.09309895833333334
0 0.50146484375 0.07682291666666667 0.5078125 0.07682291666666667 0.5078125 0.09309895833333334 0.50146484375 0.09309895833333334
2 0.50927734375 0.07682291666666667 0.51806640625 0.07682291666666667 0.51806640625 0.09309895833333334 0.50927734375 0.09309895833333334
5 0.51953125 0.07682291666666667 0.5283203125 0.07682291666666667 0.5283203125 0.09244791666666667 0.51953125 0.09244791666666667
1 0.54443359375 0.07682291666666667 0.55029296875 0.07682291666666667 0.55029296875 0.09244791666666667 0.54443359375 0.09244791666666667
4 0.55224609375 0.07682291666666667 0.55859375 0.07682291666666667 0.55859375 0.09309895833333334 0.55224609375 0.09309895833333334
36 0.56103515625 0.07682291666666667 0.56494140625 0.07682291666666667 0.56494140625 0.08854166666666667 0.56103515625 0.08854166666666667
5 0.56640625 0.07682291666666667 0.57275390625 0.07682291666666667 0.57275390625 0.09309895833333334 0.56640625 0.09309895833333334
2 0.5751953125 0.07682291666666667 0.583984375 0.07682291666666667 0.583984375 0.09244791666666667 0.5751953125 0.09244791666666667
2 0.45654296875 0.09635416666666667 0.46533203125 0.09635416666666667 0.46533203125 0.11197916666666667 0.45654296875 0.11197916666666667
1 0.466796875 0.09635416666666667 0.47265625 0.09635416666666667 0.47265625 0.11197916666666667 0.466796875 0.11197916666666667
37 0.47412109375 0.09635416666666667 0.48291015625 0.09635416666666667 0.48291015625 0.10807291666666667 0.47412109375 0.10807291666666667
0 0.484375 0.09635416666666667 0.4931640625 0.09635416666666667 0.4931640625 0.11197916666666667 0.484375 0.11197916666666667
8 0.49462890625 0.09635416666666667 0.50341796875 0.09635416666666667 0.50341796875 0.11197916666666667 0.49462890625 0.11197916666666667
37 0.50537109375 0.09635416666666667 0.51416015625 0.09635416666666667 0.51416015625 0.10807291666666667 0.50537109375 0.10807291666666667
2 0.515625 0.09635416666666667 0.5244140625 0.09635416666666667 0.5244140625 0.11197916666666667 0.515625 0.11197916666666667
0 0.52587890625 0.09635416666666667 0.53466796875 0.09635416666666667 0.53466796875 0.11197916666666667 0.52587890625 0.11197916666666667
2 0.5361328125 0.09635416666666667 0.544921875 0.09635416666666667 0.544921875 0.11263020833333334 0.5361328125 0.11263020833333334
5 0.54736328125 0.09635416666666667 0.55615234375 0.09635416666666667 0.55615234375 0.11197916666666667 0.54736328125 0.11197916666666667
9 0.45654296875 0.11588541666666667 0.462890625 0.11588541666666667 0.462890625 0.13216145833333334 0.45654296875 0.13216145833333334
3 0.46435546875 0.11588541666666667 0.47314453125 0.11588541666666667 0.47314453125 0.13151041666666669 0.46435546875 0.13151041666666669
3 0.4755859375 0.11588541666666667 0.484375 0.11588541666666667 0.484375 0.13216145833333334 0.4755859375 0.13216145833333334
8 0.48583984375 0.11588541666666667 0.49462890625 0.11588541666666667 0.49462890625 0.13151041666666669 0.48583984375 0.13151041666666669
1 0.49609375 0.11588541666666667 0.501953125 0.11588541666666667 0.501953125 0.13151041666666669 0.49609375 0.13151041666666669
5 0.50439453125 0.11588541666666667 0.5107421875 0.11588541666666667 0.5107421875 0.13216145833333334 0.50439453125 0.13216145833333334
6 0.5126953125 0.11588541666666667 0.51904296875 0.11588541666666667 0.51904296875 0.13216145833333334 0.5126953125 0.13216145833333334
2 0.52099609375 0.11588541666666667 0.52734375 0.11588541666666667 0.52734375 0.13216145833333334 0.52099609375 0.13216145833333334
32 0.52978515625 0.11588541666666667 0.5361328125 0.11588541666666667 0.5361328125 0.13216145833333334 0.52978515625 0.13216145833333334
10 0.53759765625 0.11588541666666667 0.54638671875 0.11588541666666667 0.54638671875 0.13151041666666669 0.53759765625 0.13151041666666669
