0 0.4345703125 0.07682291666666667 0.443359375 0.07682291666666667 0.443359375 0.09244791666666667 0.4345703125 0.09244791666666667
9 0.44482421875 0.07682291666666667 0.451171875 0.07682291666666667 0.451171875 0.09309895833333334 0.44482421875 0.09309895833333334
37 0.45263671875 0.07682291666666667 0.46142578125 0.07682291666666667 0.46142578125 0.08854166666666667 0.45263671875 0.08854166666666667
0 0.462890625 0.07682291666666667 0.4716796875 0.07682291666666667 0.4716796875 0.09244791666666667 0.462890625 0.09244791666666667
7 0.47314453125 0.07682291666666667 0.48193359375 0.07682291666666667 0.48193359375 0.09244791666666667 0.47314453125 0.09244791666666667
37 0.4833984375 0.07682291666666667 0.4921875 0.07682291666666667 0.4921875 0.08854166666666667 0.4833984375 0.08854166666666667
2 0.49365234375 0.07682291666666667 0.5 0.07682291666666667 0.5 0.09309895833333334 0.49365234375 0.09309895833333334
0 0.50146484375 0.07682291666666667 0.51025390625 0.07682291666666667 0.51025390625 0.09244791666666667 0.50146484375 0.09244791666666667
2 0.51171875 0.07682291666666667 0.51806640625 0.07682291666666667 0.51806640625 0.09309895833333334 0.51171875 0.09309895833333334
5 0.51953125 0.07682291666666667 0.5283203125 0.07682291666666667 0.5283203125 0.09244791666666667 0.51953125 0.09244791666666667
1 0.54443359375 0.07682291666666667 0.54833984375 0.07682291666666667 0.54833984375 0.09309895833333334 0.54443359375 0.09309895833333334
4 0.55029296875 0.07682291666666667 0.55908203125 0.07682291666666667 0.55908203125 0.09244791666666667 0.55029296875 0.09244791666666667
36 0.560546875 0.07682291666666667 0.564453125 0.07682291666666667 0.564453125 0.08854166666666667 0.560546875 0.08854166666666667
5 0.56591796875 0.07682291666666667 0.57470703125 0.07682291666666667 0.57470703125 0.09244791666666667 0.56591796875 0.09244791666666667
2 0.57666015625 0.07682291666666667 0.58544921875 0.07682291666666667 0.58544921875 0.09244791666666667 0.57666015625 0.09244791666666667
2 0.45654296875 0.09635416666666667 0.46533203125 0.09635416666666667 0.46533203125 0.11263020833333334 0.45654296875 0.11263020833333334
4 0.466796875 0.09635416666666667 0.47314453125 0.09635416666666667 0.47314453125 0.11263020833333334 0.466796875 0.11263020833333334
37 0.474609375 0.09635416666666667 0.4833984375 0.09635416666666667 0.4833984375 0.10807291666666667 0.474609375 0.10807291666666667
0 0.4853515625 0.09635416666666667 0.494140625 0.09635416666666667 0.494140625 0.11197916666666667 0.4853515625 0.11197916666666667
8 0.49609375 0.09635416666666667 0.5048828125 0.09635416666666667 0.5048828125 0.11197916666666667 0.49609375 0.11197916666666667
37 0.5068359375 0.09635416666666667 0.515625 0.09635416666666667 0.515625 0.10807291666666667 0.5068359375 0.10807291666666667
2 0.51708984375 0.09635416666666667 0.52587890625 0.09635416666666667 0.52587890625 0.11197916666666667 0.51708984375 0.11197916666666667
0 0.52783203125 0.09635416666666667 0.53662109375 0.09635416666666667 0.53662109375 0.11197916666666667 0.52783203125 0.11197916666666667
2 0.53857421875 0.09635416666666667 0.54736328125 0.09635416666666667 0.54736328125 0.11197916666666667 0.53857421875 0.11197916666666667
5 0.548828125 0.09635416666666667 0.5576171875 0.09635416666666667 0.5576171875 0.11197916666666667 0.548828125 0.11197916666666667
1 0.45654296875 0.11588541666666667 0.46044921875 0.11588541666666667 0.46044921875 0.13216145833333334 0.45654296875 0.13216145833333334
6 0.462890625 0.11588541666666667 0.46923828125 0.11588541666666667 0.46923828125 0.13216145833333334 0.462890625 0.13216145833333334
0 0.4716796875 0.11588541666666667 0.48046875 0.11588541666666667 0.48046875 0.13151041666666669 0.4716796875 0.13151041666666669
2 0.48291015625 0.11588541666666667 0.49169921875 0.11588541666666667 0.49169921875 0.13151041666666669 0.48291015625 0.13151041666666669
9 0.49365234375 0.11588541666666667 0.5 0.11588541666666667 0.5 0.13216145833333334 0.49365234375 0.13216145833333334
1 0.501953125 0.11588541666666667 0.5078125 0.11588541666666667 0.5078125 0.13216145833333334 0.501953125 0.13216145833333334
2 0.51025390625 0.11588541666666667 0.51904296875 0.11588541666666667 0.51904296875 0.13151041666666669 0.51025390625 0.13151041666666669
7 0.5205078125 0.11588541666666667 0.529296875 0.11588541666666667 0.529296875 0.13151041666666669 0.5205078125 0.13151041666666669
14 0.53173828125 0.11588541666666667 0.54052734375 0.11588541666666667 0.54052734375 0.13151041666666669 0.53173828125 0.13151041666666669
24 0.5419921875 0.11588541666666667 0.55078125 0.11588541666666667 0.55078125 0.13151041666666669 0.5419921875 0.13151041666666669
