2 0.4345703125 0.07682291666666667 0.443359375 0.07682291666666667 0.443359375 0.09309895833333334 0.4345703125 0.09309895833333334
4 0.44482421875 0.07682291666666667 0.451171875 0.07682291666666667 0.451171875 0.09309895833333334 0.44482421875 0.09309895833333334
37 0.45263671875 0.07682291666666667 0.46142578125 0.07682291666666667 0.46142578125 0.08854166666666667 0.45263671875 0.08854166666666667
1 0.462890625 0.07682291666666667 0.466796875 0.07682291666666667 0.466796875 0.09309895833333334 0.462890625 0.09309895833333334
0 0.46826171875 0.07682291666666667 0.47705078125 0.07682291666666667 0.47705078125 0.09244791666666667 0.46826171875 0.09244791666666667
37 0.478515625 0.07682291666666667 0.4873046875 0.07682291666666667 0.4873046875 0.08854166666666667 0.478515625 0.08854166666666667
2 0.48876953125 0.07682291666666667 0.49755859375 0.07682291666666667 0.49755859375 0.09244791666666667 0.48876953125 0.09244791666666667
0 0.4990234375 0.07682291666666667 0.5078125 0.07682291666666667 0.5078125 0.09309895833333334 0.4990234375 0.09309895833333334
2 0.50927734375 0.07682291666666667 0.51806640625 0.07682291666666667 0.51806640625 0.09309895833333334 0.50927734375 0.09309895833333334
5 0.51953125 0.07682291666666667 0.5283203125 0.07682291666666667 0.5283203125 0.09309895833333334 0.51953125 0.09309895833333334
1 0.54443359375 0.07682291666666667 0.55029296875 0.07682291666666667 0.55029296875 0.09309895833333334 0.54443359375 0.09309895833333334
4 0.552734375 0.07682291666666667 0.55908203125 0.07682291666666667 0.55908203125 0.09309895833333334 0.552734375 0.09309895833333334
36 0.56103515625 0.07682291666666667 0.56298828125 0.07682291666666667 0.56298828125 0.08723958333333334 0.56103515625 0.08723958333333334
5 0.56494140625 0.07682291666666667 0.5712890625 0.07682291666666667 0.5712890625 0.09309895833333334 0.56494140625 0.09309895833333334
1 0.57275390625 0.07682291666666667 0.57861328125 0.07682291666666667 0.57861328125 0.09244791666666667 0.57275390625 0.09244791666666667
2 0.45654296875 0.09635416666666667 0.46533203125 0.09635416666666667 0.46533203125 0.11197916666666667 0.45654296875 0.11197916666666667
3 0.4677734375 0.09635416666666667 0.47412109375 0.09635416666666667 0.47412109375 0.11263020833333334 0.4677734375 0.11263020833333334
37 0.4755859375 0.09635416666666667 0.48291015625 0.09635416666666667 0.48291015625 0.10611979166666667 0.4755859375 0.10611979166666667
0 0.484375 0.09635416666666667 0.4931640625 0.09635416666666667 0.4931640625 0.11197916666666667 0.484375 0.11197916666666667
1 0.4951171875 0.09635416666666667 0.5009765625 0.09635416666666667 0.5009765625 0.11263020833333334 0.4951171875 0.11263020833333334
37 0.50244140625 0.09635416666666667 0.51123046875 0.09635416666666667 0.51123046875 0.10807291666666667 0.50244140625 0.10807291666666667
2 0.513671875 0.09635416666666667 0.5224609375 0.09635416666666667 0.5224609375 0.11197916666666667 0.513671875 0.11197916666666667
0 0.52490234375 0.09635416666666667 0.53369140625 0.09635416666666667 0.53369140625 0.11197916666666667 0.52490234375 0.11197916666666667
2 0.5361328125 0.09635416666666667 0.54248046875 0.09635416666666667 0.54248046875 0.11263020833333334 0.5361328125 0.11263020833333334
5 0.544921875 0.09635416666666667 0.5537109375 0.09635416666666667 0.5537109375 0.11197916666666667 0.544921875 0.11197916666666667
6 0.45654296875 0.11588541666666667 0.46533203125 0.11588541666666667 0.46533203125 0.13151041666666669 0.45654296875 0.13151041666666669
2 0.46728515625 0.11588541666666667 0.4736328125 0.11588541666666667 0.4736328125 0.13216145833333334 0.46728515625 0.13216145833333334
3 0.47607421875 0.11588541666666667 0.48486328125 0.11588541666666667 0.48486328125 0.13216145833333334 0.47607421875 0.13216145833333334
1 0.486328125 0.11588541666666667 0.4921875 0.11588541666666667 0.4921875 0.13151041666666669 0.486328125 0.13151041666666669
5 0.49365234375 0.11588541666666667 0.50244140625 0.11588541666666667 0.50244140625 0.13151041666666669 0.49365234375 0.13151041666666669
1 0.50390625 0.11588541666666667 0.509765625 0.11588541666666667 0.509765625 0.13151041666666669 0.50390625 0.13151041666666669
0 0.51171875 0.11588541666666667 0.51806640625 0.11588541666666667 0.51806640625 0.13216145833333334 0.51171875 0.13216145833333334
3 0.51953125 0.11588541666666667 0.5283203125 0.11588541666666667 0.5283203125 0.13151041666666669 0.51953125 0.13151041666666669
14 0.53076171875 0.11588541666666667 0.537109375 0.11588541666666667 0.537109375 0.13216145833333334 0.53076171875 0.13216145833333334
32 0.53955078125 0.11588541666666667 0.54833984375 0.11588541666666667 0.54833984375 0.13216145833333334 0.53955078125 0.13216145833333334
