2 0.4345703125 0.07682291666666667 0.443359375 0.07682291666666667 0.443359375 0.09244791666666667 0.4345703125 0.09244791666666667
0 0.44482421875 0.07682291666666667 0.45361328125 0.07682291666666667 0.45361328125 0.09244791666666667 0.44482421875 0.09244791666666667
37 0.455078125 0.07682291666666667 0.4638671875 0.07682291666666667 0.4638671875 0.08854166666666667 0.455078125 0.08854166666666667
0 0.46533203125 0.07682291666666667 0.4716796875 0.07682291666666667 0.4716796875 0.09309895833333334 0.46533203125 0.09309895833333334
1 0.47314453125 0.07682291666666667 0.47900390625 0.07682291666666667 0.47900390625 0.09244791666666667 0.47314453125 0.09244791666666667
37 0.48046875 0.07682291666666667 0.4892578125 0.07682291666666667 0.4892578125 0.08854166666666667 0.48046875 0.08854166666666667
2 0.49072265625 0.07682291666666667 0.49951171875 0.07682291666666667 0.49951171875 0.09244791666666667 0.49072265625 0.09244791666666667
0 0.5009765625 0.07682291666666667 0.509765625 0.07682291666666667 0.509765625 0.09244791666666667 0.5009765625 0.09244791666666667
2 0.51123046875 0.07682291666666667 0.52001953125 0.07682291666666667 0.52001953125 0.09244791666666667 0.51123046875 0.09244791666666667
5 0.521484375 0.07682291666666667 0.5302734375 0.07682291666666667 0.5302734375 0.09244791666666667 0.521484375 0.09244791666666667
1 0.54638671875 0.07682291666666667 0.55224609375 0.07682291666666667 0.55224609375 0.09244791666666667 0.54638671875 0.09244791666666667
4 0.55419921875 0.07682291666666667 0.560546875 0.07682291666666667 0.560546875 0.09309895833333334 0.55419921875 0.09309895833333334
36 0.56201171875 0.07682291666666667 0.56591796875 0.07682291666666667 0.56591796875 0.08854166666666667 0.56201171875 0.08854166666666667
5 0.568359375 0.07682291666666667 0.5771484375 0.07682291666666667 0.5771484375 0.09244791666666667 0.568359375 0.09244791666666667
2 0.57861328125 0.07682291666666667 0.58740234375 0.07682291666666667 0.58740234375 0.09244791666666667 0.57861328125 0.09244791666666667
2 0.45654296875 0.09635416666666667 0.46533203125 0.09635416666666667 0.46533203125 0.11197916666666667 0.45654296875 0.11197916666666667
4 0.466796875 0.09635416666666667 0.4755859375 0.09635416666666667 0.4755859375 0.11197916666666667 0.466796875 0.11197916666666667
37 0.4775390625 0.09635416666666667 0.486328125 0.09635416666666667 0.486328125 0.10807291666666667 0.4775390625 0.10807291666666667
1 0.48876953125 0.09635416666666667 0.49462890625 0.09635416666666667 0.49462890625 0.11197916666666667 0.48876953125 0.11197916666666667
2 0.4970703125 0.09635416666666667 0.50341796875 0.09635416666666667 0.50341796875 0.11263020833333334 0.4970703125 0.11263020833333334
37 0.5048828125 0.09635416666666667 0.513671875 0.09635416666666667 0.513671875 0.10807291666666667 0.5048828125 0.10807291666666667
2 0.515625 0.09635416666666667 0.5244140625 0.09635416666666667 0.5244140625 0.11197916666666667 0.515625 0.11197916666666667
0 0.52587890625 0.09635416666666667 0.53466796875 0.09635416666666667 0.53466796875 0.11197916666666667 0.52587890625 0.11197916666666667
2 0.53662109375 0.09635416666666667 0.54541015625 0.09635416666666667 0.54541015625 0.11197916666666667 0.53662109375 0.11197916666666667
4 0.54736328125 0.09635416666666667 0.55615234375 0.09635416666666667 0.55615234375 0.11197916666666667 0.54736328125 0.11197916666666667
2 0.45654296875 0.11588541666666667 0.462890625 0.11588541666666667 0.462890625 0.13216145833333334 0.45654296875 0.13216145833333334
6 0.46533203125 0.11588541666666667 0.47412109375 0.11588541666666667 0.47412109375 0.13216145833333334 0.46533203125 0.13216145833333334
4 0.4755859375 0.11588541666666667 0.484375 0.11588541666666667 0.484375 0.13151041666666669 0.4755859375 0.13151041666666669
7 0.48583984375 0.11588541666666667 0.49462890625 0.11588541666666667 0.49462890625 0.13151041666666669 0.48583984375 0.13151041666666669
2 0.49609375 0.11588541666666667 0.5048828125 0.11588541666666667 0.5048828125 0.13151041666666669 0.49609375 0.13151041666666669
5 0.5068359375 0.11588541666666667 0.515625 0.11588541666666667 0.515625 0.13151041666666669 0.5068359375 0.13151041666666669
7 0.51708984375 0.11588541666666667 0.52587890625 0.11588541666666667 0.52587890625 0.13151041666666669 0.51708984375 0.13151041666666669
5 0.52783203125 0.11588541666666667 0.5341796875 0.11588541666666667 0.5341796875 0.13216145833333334 0.52783203125 0.13216145833333334
15 0.53564453125 0.11588541666666667 0.54443359375 0.11588541666666667 0.54443359375 0.13151041666666669 0.53564453125 0.13151041666666669
35 0.54638671875 0.11588541666666667 0.552734375 0.11588541666666667 0.552734375 0.13216145833333334 0.54638671875 0.13216145833333334
