15 0.25 0.49240506329113926 0.2693548387096774 0.49240506329113926 0.2693548387096774 0.5335443037974683 0.25 0.5335443037974683
32 0.2768817204301075 0.49240506329113926 0.30268817204301074 0.49240506329113926 0.30268817204301074 0.5335443037974683 0.2768817204301075 0.5335443037974683
23 0.3102150537634409 0.49240506329113926 0.3360215053763441 0.49240506329113926 0.3360215053763441 0.5329113924050634 0.3102150537634409 0.5329113924050634
36 0.3419354838709677 0.49240506329113926 0.3494623655913978 0.49240506329113926 0.3494623655913978 0.5189873417721519 0.3419354838709677 0.5189873417721519
0 0.3548387096774194 0.49240506329113926 0.3741935483870968 0.49240506329113926 0.3741935483870968 0.5335443037974683 0.3548387096774194 0.5335443037974683
3 0.38225806451612904 0.49240506329113926 0.4080645161290323 0.49240506329113926 0.4080645161290323 0.5329113924050634 0.38225806451612904 0.5329113924050634
37 0.4150537634408602 0.49240506329113926 0.44086021505376344 0.49240506329113926 0.44086021505376344 0.5227848101265823 0.4150537634408602 0.5227848101265823
1 0.4478494623655914 0.49240506329113926 0.460752688172043 0.49240506329113926 0.460752688172043 0.5335443037974683 0.4478494623655914 0.5335443037974683
5 0.4682795698924731 0.49240506329113926 0.4876344086021505 0.49240506329113926 0.4876344086021505 0.5335443037974683 0.4682795698924731 0.5335443037974683
37 0.4935483870967742 0.49240506329113926 0.5193548387096774 0.49240506329113926 0.5193548387096774 0.5221518987341772 0.4935483870967742 0.5221518987341772
2 0.5263440860215054 0.49240506329113926 0.5521505376344086 0.49240506329113926 0.5521505376344086 0.5329113924050634 0.5263440860215054 0.5329113924050634
0 0.5580645161290323 0.49240506329113926 0.5774193548387098 0.49240506329113926 0.5774193548387098 0.5335443037974683 0.5580645161290323 0.5335443037974683
2 0.5827956989247312 0.49240506329113926 0.6086021505376343 0.49240506329113926 0.6086021505376343 0.5329113924050634 0.5827956989247312 0.5329113924050634
5 0.6161290322580645 0.49240506329113926 0.6419354838709677 0.49240506329113926 0.6419354838709677 0.5335443037974683 0.6161290322580645 0.5335443037974683
10 0.25 0.5411392405063291 0.27580645161290324 0.5411392405063291 0.27580645161290324 0.5816455696202532 0.25 0.5816455696202532
17 0.28279569892473116 0.5411392405063291 0.3021505376344086 0.5411392405063291 0.3021505376344086 0.5822784810126582 0.28279569892473116 0.5822784810126582
31 0.30752688172043013 0.5411392405063291 0.33333333333333337 0.5411392405063291 0.33333333333333337 0.5822784810126582 0.30752688172043013 0.5822784810126582
36 0.34139784946236557 0.5411392405063291 0.35430107526881716 0.5411392405063291 0.35430107526881716 0.5721518987341772 0.34139784946236557 0.5721518987341772
0 0.36075268817204303 0.5411392405063291 0.38655913978494627 0.5411392405063291 0.38655913978494627 0.5816455696202532 0.36075268817204303 0.5816455696202532
6 0.39408602150537636 0.5411392405063291 0.4134408602150538 0.5411392405063291 0.4134408602150538 0.5822784810126582 0.39408602150537636 0.5822784810126582
37 0.41935483870967744 0.5411392405063291 0.44516129032258067 0.5411392405063291 0.44516129032258067 0.5715189873417722 0.41935483870967744 0.5715189873417722
2 0.4532258064516129 0.5411392405063291 0.47903225806451616 0.5411392405063291 0.47903225806451616 0.5816455696202532 0.4532258064516129 0.5816455696202532
0 0.48655913978494625 0.5411392405063291 0.5123655913978494 0.5411392405063291 0.5123655913978494 0.5816455696202532 0.48655913978494625 0.5816455696202532
37 0.5182795698924731 0.5411392405063291 0.5440860215053763 0.5411392405063291 0.5440860215053763 0.5715189873417722 0.5182795698924731 0.5715189873417722
2 0.5521505376344086 0.5411392405063291 0.5779569892473118 0.5411392405063291 0.5779569892473118 0.5816455696202532 0.5521505376344086 0.5816455696202532
0 0.5849462365591398 0.5411392405063291 0.6043010752688173 0.5411392405063291 0.6043010752688173 0.5822784810126582 0.5849462365591398 0.5822784810126582
2 0.6118279569892473 0.5411392405063291 0.6376344086021505 0.5411392405063291 0.6376344086021505 0.5822784810126582 0.6118279569892473 0.5822784810126582
5 0.6440860215053763 0.5411392405063291 0.6698924731182795 0.5411392405063291 0.6698924731182795 0.5816455696202532 0.6440860215053763 0.5816455696202532
