27 0.25 0.35063291139240504 0.27580645161290324 0.35063291139240504 0.27580645161290324 0.3911392405063291 0.25 0.3911392405063291
12 0.2817204301075269 0.35063291139240504 0.30752688172043013 0.35063291139240504 0.30752688172043013 0.3911392405063291 0.2817204301075269 0.3911392405063291
34 0.31344086021505374 0.35063291139240504 0.339247311827957 0.35063291139240504 0.339247311827957 0.39177215189873416 0.31344086021505374 0.39177215189873416
36 0.3467741935483871 0.35063291139240504 0.3596774193548387 0.35063291139240504 0.3596774193548387 0.3810126582278481 0.3467741935483871 0.3810126582278481
1 0.36612903225806454 0.35063291139240504 0.3790322580645161 0.35063291139240504 0.3790322580645161 0.39177215189873416 0.36612903225806454 0.39177215189873416
1 0.3844086021505376 0.35063291139240504 0.40161290322580645 0.35063291139240504 0.40161290322580645 0.3911392405063291 0.3844086021505376 0.3911392405063291
37 0.4075268817204301 0.35063291139240504 0.43333333333333335 0.35063291139240504 0.43333333333333335 0.3810126582278481 0.4075268817204301 0.3810126582278481
3 0.4413978494623656 0.35063291139240504 0.46720430107526884 0.35063291139240504 0.46720430107526884 0.3911392405063291 0.4413978494623656 0.3911392405063291
0 0.4752688172043011 0.35063291139240504 0.5010752688172043 0.35063291139240504 0.5010752688172043 0.39177215189873416 0.4752688172043011 0.39177215189873416
37 0.5075268817204301 0.35063291139240504 0.5333333333333333 0.35063291139240504 0.5333333333333333 0.3810126582278481 0.5075268817204301 0.3810126582278481
2 0.5397849462365591 0.35063291139240504 0.5591397849462366 0.35063291139240504 0.5591397849462366 0.39177215189873416 0.5397849462365591 0.39177215189873416
0 0.5666666666666667 0.35063291139240504 0.5860215053763441 0.35063291139240504 0.5860215053763441 0.39177215189873416 0.5666666666666667 0.39177215189873416
2 0.5924731182795699 0.35063291139240504 0.6182795698924731 0.35063291139240504 0.6182795698924731 0.3911392405063291 0.5924731182795699 0.3911392405063291
4 0.6258064516129033 0.35063291139240504 0.6516129032258065 0.35063291139240504 0.6516129032258065 0.3911392405063291 0.6258064516129033 0.3911392405063291
28 0.25 0.39936708860759496 0.2693548387096774 0.39936708860759496 0.2693548387096774 0.44050632911392407 0.25 0.44050632911392407
29 0.2768817204301075 0.39936708860759496 0.30268817204301074 0.39936708860759496 0.30268817204301074 0.439873417721519 0.2768817204301075 0.439873417721519
21 0.310752688172043 0.39936708860759496 0.3301075268817204 0.39936708860759496 0.3301075268817204 0.439873417721519 0.310752688172043 0.439873417721519
36 0.33602150537634407 0.39936708860759496 0.3478494623655914 0.39936708860759496 0.3478494623655914 0.429746835443038 0.33602150537634407 0.429746835443038
0 0.35376344086021505 0.39936708860759496 0.37311827956989246 0.39936708860759496 0.37311827956989246 0.44050632911392407 0.35376344086021505 0.44050632911392407
5 0.38064516129032255 0.39936708860759496 0.4064516129032258 0.39936708860759496 0.4064516129032258 0.439873417721519 0.38064516129032255 0.439873417721519
37 0.4129032258064516 0.39936708860759496 0.43870967741935485 0.39936708860759496 0.43870967741935485 0.429746835443038 0.4129032258064516 0.429746835443038
1 0.4456989247311828 0.39936708860759496 0.45860215053763437 0.39936708860759496 0.45860215053763437 0.44050632911392407 0.4456989247311828 0.44050632911392407
8 0.4639784946236559 0.39936708860759496 0.48978494623655916 0.39936708860759496 0.48978494623655916 0.439873417721519 0.4639784946236559 0.439873417721519
37 0.49516129032258066 0.39936708860759496 0.5209677419354839 0.39936708860759496 0.5209677419354839 0.429746835443038 0.49516129032258066 0.429746835443038
2 0.5268817204301075 0.39936708860759496 0.546236559139785 0.39936708860759496 0.546236559139785 0.44050632911392407 0.5268817204301075 0.44050632911392407
0 0.553763440860215 0.39936708860759496 0.5795698924731182 0.39936708860759496 0.5795698924731182 0.439873417721519 0.553763440860215 0.439873417721519
2 0.5876344086021505 0.39936708860759496 0.6134408602150537 0.39936708860759496 0.6134408602150537 0.44050632911392407 0.5876344086021505 0.44050632911392407
5 0.6193548387096774 0.39936708860759496 0.6451612903225806 0.39936708860759496 0.6451612903225806 0.44050632911392407 0.6193548387096774 0.44050632911392407
