24 0.25 0.43481012658227847 0.27580645161290324 0.43481012658227847 0.27580645161290324 0.4753164556962025 0.25 0.4753164556962025
33 0.2817204301075269 0.43481012658227847 0.3010752688172043 0.43481012658227847 0.3010752688172043 0.4759493670886076 0.2817204301075269 0.4759493670886076
28 0.3086021505376344 0.43481012658227847 0.33440860215053764 0.43481012658227847 0.33440860215053764 0.4753164556962025 0.3086021505376344 0.4753164556962025
36 0.3424731182795699 0.43481012658227847 0.3543010752688172 0.43481012658227847 0.3543010752688172 0.4651898734177215 0.3424731182795699 0.4651898734177215
1 0.3618279569892473 0.43481012658227847 0.3747311827956989 0.43481012658227847 0.3747311827956989 0.4753164556962025 0.3618279569892473 0.4753164556962025
2 0.38064516129032255 0.43481012658227847 0.4064516129032258 0.43481012658227847 0.4064516129032258 0.4759493670886076 0.38064516129032255 0.4759493670886076
37 0.4134408602150538 0.43481012658227847 0.439247311827957 0.43481012658227847 0.439247311827957 0.4651898734177215 0.4134408602150538 0.4651898734177215
0 0.4456989247311828 0.43481012658227847 0.471505376344086 0.43481012658227847 0.471505376344086 0.4753164556962025 0.4456989247311828 0.4753164556962025
4 0.47956989247311826 0.43481012658227847 0.5053763440860215 0.43481012658227847 0.5053763440860215 0.4753164556962025 0.47956989247311826 0.4753164556962025
37 0.5134408602150538 0.43481012658227847 0.5392473118279569 0.43481012658227847 0.5392473118279569 0.46582278481012657 0.5134408602150538 0.46582278481012657
2 0.5446236559139785 0.43481012658227847 0.563978494623656 0.43481012658227847 0.563978494623656 0.4759493670886076 0.5446236559139785 0.4759493670886076
0 0.5704301075268817 0.43481012658227847 0.5962365591397849 0.43481012658227847 0.5962365591397849 0.4753164556962025 0.5704301075268817 0.4753164556962025
2 0.6016129032258064 0.43481012658227847 0.6274193548387096 0.43481012658227847 0.6274193548387096 0.4753164556962025 0.6016129032258064 0.4753164556962025
4 0.6338709677419355 0.43481012658227847 0.653225806451613 0.43481012658227847 0.653225806451613 0.4759493670886076 0.6338709677419355 0.4759493670886076
16 0.25 0.4835443037974684 0.27580645161290324 0.4835443037974684 0.27580645161290324 0.5240506329113924 0.25 0.5240506329113924
27 0.2817204301075269 0.4835443037974684 0.30752688172043013 0.4835443037974684 0.30752688172043013 0.5240506329113924 0.2817204301075269 0.5240506329113924
18 0.31344086021505374 0.4835443037974684 0.32634408602150533 0.4835443037974684 0.32634408602150533 0.5246835443037975 0.31344086021505374 0.5246835443037975
36 0.3327956989247312 0.4835443037974684 0.3403225806451613 0.4835443037974684 0.3403225806451613 0.5101265822784811 0.3327956989247312 0.5101265822784811
1 0.34623655913978496 0.4835443037974684 0.3602150537634409 0.4835443037974684 0.3602150537634409 0.5246835443037975 0.34623655913978496 0.5246835443037975
2 0.3682795698924731 0.4835443037974684 0.39408602150537636 0.4835443037974684 0.39408602150537636 0.5240506329113924 0.3682795698924731 0.5240506329113924
37 0.4021505376344086 0.4835443037974684 0.42795698924731185 0.4835443037974684 0.42795698924731185 0.5139240506329115 0.4021505376344086 0.5139240506329115
1 0.4349462365591398 0.4835443037974684 0.4521505376344086 0.4835443037974684 0.4521505376344086 0.5246835443037975 0.4349462365591398 0.5246835443037975
9 0.4591397849462366 0.4835443037974684 0.478494623655914 0.4835443037974684 0.478494623655914 0.5246835443037975 0.4591397849462366 0.5246835443037975
37 0.4854838709677419 0.4835443037974684 0.5112903225806451 0.4835443037974684 0.5112903225806451 0.5145569620253165 0.4854838709677419 0.5145569620253165
2 0.5166666666666667 0.4835443037974684 0.5424731182795699 0.4835443037974684 0.5424731182795699 0.5246835443037975 0.5166666666666667 0.5246835443037975
0 0.5478494623655914 0.4835443037974684 0.5672043010752689 0.4835443037974684 0.5672043010752689 0.5246835443037975 0.5478494623655914 0.5246835443037975
2 0.5752688172043011 0.4835443037974684 0.6010752688172043 0.4835443037974684 0.6010752688172043 0.5246835443037975 0.5752688172043011 0.5246835443037975
4 0.6080645161290322 0.4835443037974684 0.6274193548387097 0.4835443037974684 0.6274193548387097 0.5246835443037975 0.6080645161290322 0.5246835443037975
