34 0.25 0.4651898734177215 0.2693548387096774 0.4651898734177215 0.2693548387096774 0.5063291139240507 0.25 0.5063291139240507
15 0.2747311827956989 0.4651898734177215 0.2940860215053763 0.4651898734177215 0.2940860215053763 0.5063291139240507 0.2747311827956989 0.5063291139240507
10 0.2994623655913978 0.4651898734177215 0.32526881720430106 0.4651898734177215 0.32526881720430106 0.5056962025316456 0.2994623655913978 0.5056962025316456
36 0.3327956989247312 0.4651898734177215 0.3456989247311828 0.4651898734177215 0.3456989247311828 0.4962025316455696 0.3327956989247312 0.4962025316455696
0 0.35268817204301073 0.4651898734177215 0.37849462365591396 0.4651898734177215 0.37849462365591396 0.5056962025316456 0.35268817204301073 0.5056962025316456
5 0.3865591397849462 0.4651898734177215 0.41236559139784945 0.4651898734177215 0.41236559139784945 0.5056962025316456 0.3865591397849462 0.5056962025316456
37 0.41935483870967744 0.4651898734177215 0.44516129032258067 0.4651898734177215 0.44516129032258067 0.4962025316455696 0.41935483870967744 0.4962025316455696
0 0.4521505376344086 0.4651898734177215 0.47795698924731184 0.4651898734177215 0.47795698924731184 0.5056962025316456 0.4521505376344086 0.5056962025316456
5 0.4860215053763441 0.4651898734177215 0.5118279569892473 0.4651898734177215 0.5118279569892473 0.5056962025316456 0.4860215053763441 0.5056962025316456
37 0.5177419354838709 0.4651898734177215 0.5435483870967741 0.4651898734177215 0.5435483870967741 0.49556962025316453 0.5177419354838709 0.49556962025316453
2 0.5489247311827957 0.4651898734177215 0.5747311827956989 0.4651898734177215 0.5747311827956989 0.5056962025316456 0.5489247311827957 0.5056962025316456
0 0.5801075268817204 0.4651898734177215 0.6059139784946236 0.4651898734177215 0.6059139784946236 0.5056962025316456 0.5801075268817204 0.5056962025316456
2 0.6129032258064516 0.4651898734177215 0.6387096774193548 0.4651898734177215 0.6387096774193548 0.5056962025316456 0.6129032258064516 0.5056962025316456
5 0.6456989247311828 0.4651898734177215 0.671505376344086 0.4651898734177215 0.671505376344086 0.5056962025316456 0.6456989247311828 0.5056962025316456
15 0.25 0.5139240506329114 0.2693548387096774 0.5139240506329114 0.2693548387096774 0.5550632911392405 0.25 0.5550632911392405
16 0.2747311827956989 0.5139240506329114 0.2940860215053763 0.5139240506329114 0.2940860215053763 0.5550632911392405 0.2747311827956989 0.5550632911392405
11 0.2994623655913978 0.5139240506329114 0.31881720430107524 0.5139240506329114 0.31881720430107524 0.5550632911392405 0.2994623655913978 0.5550632911392405
36 0.3263440860215054 0.5139240506329114 0.339247311827957 0.5139240506329114 0.339247311827957 0.5443037974683544 0.3263440860215054 0.5443037974683544
0 0.34623655913978496 0.5139240506329114 0.3720430107526882 0.5139240506329114 0.3720430107526882 0.5544303797468354 0.34623655913978496 0.5544303797468354
3 0.3790322580645161 0.5139240506329114 0.40483870967741936 0.5139240506329114 0.40483870967741936 0.5544303797468354 0.3790322580645161 0.5544303797468354
37 0.4118279569892473 0.5139240506329114 0.4376344086021505 0.5139240506329114 0.4376344086021505 0.5443037974683544 0.4118279569892473 0.5443037974683544
2 0.4446236559139785 0.5139240506329114 0.47043010752688175 0.5139240506329114 0.47043010752688175 0.5544303797468354 0.4446236559139785 0.5544303797468354
8 0.4768817204301075 0.5139240506329114 0.5026881720430108 0.5139240506329114 0.5026881720430108 0.5544303797468354 0.4768817204301075 0.5544303797468354
37 0.5086021505376344 0.5139240506329114 0.5344086021505375 0.5139240506329114 0.5344086021505375 0.5443037974683544 0.5086021505376344 0.5443037974683544
2 0.5413978494623656 0.5139240506329114 0.560752688172043 0.5139240506329114 0.560752688172043 0.5550632911392405 0.5413978494623656 0.5550632911392405
0 0.567741935483871 0.5139240506329114 0.5935483870967742 0.5139240506329114 0.5935483870967742 0.5544303797468354 0.567741935483871 0.5544303797468354
2 0.6 0.5139240506329114 0.6258064516129032 0.5139240506329114 0.6258064516129032 0.5544303797468354 0.6 0.5544303797468354
5 0.632258064516129 0.5139240506329114 0.6516129032258065 0.5139240506329114 0.6516129032258065 0.5550632911392405 0.632258064516129 0.5550632911392405
