17 0.25 0.46962025316455697 0.27580645161290324 0.46962025316455697 0.27580645161290324 0.5101265822784811 0.25 0.5101265822784811
13 0.2833333333333333 0.46962025316455697 0.30268817204301074 0.46962025316455697 0.30268817204301074 0.5107594936708861 0.2833333333333333 0.5107594936708861
19 0.30806451612903224 0.46962025316455697 0.3338709677419355 0.46962025316455697 0.3338709677419355 0.5101265822784811 0.30806451612903224 0.5101265822784811
36 0.3403225806451613 0.46962025316455697 0.3532258064516129 0.46962025316455697 0.3532258064516129 0.5 0.3403225806451613 0.5
0 0.35913978494623655 0.46962025316455697 0.37849462365591396 0.46962025316455697 0.37849462365591396 0.5107594936708861 0.35913978494623655 0.5107594936708861
8 0.38548387096774195 0.46962025316455697 0.4112903225806452 0.46962025316455697 0.4112903225806452 0.5101265822784811 0.38548387096774195 0.5101265822784811
37 0.41774193548387095 0.46962025316455697 0.4435483870967742 0.46962025316455697 0.4435483870967742 0.5 0.41774193548387095 0.5
2 0.45161290322580644 0.46962025316455697 0.47096774193548385 0.46962025316455697 0.47096774193548385 0.5107594936708861 0.45161290322580644 0.5107594936708861
1 0.47795698924731184 0.46962025316455697 0.49516129032258066 0.46962025316455697 0.49516129032258066 0.5101265822784811 0.47795698924731184 0.5101265822784811
37 0.5010752688172043 0.46962025316455697 0.5268817204301075 0.46962025316455697 0.5268817204301075 0.5006329113924051 0.5010752688172043 0.5006329113924051
2 0.5349462365591398 0.46962025316455697 0.5607526881720429 0.46962025316455697 0.5607526881720429 0.5101265822784811 0.5349462365591398 0.5101265822784811
0 0.5661290322580645 0.46962025316455697 0.5919354838709677 0.46962025316455697 0.5919354838709677 0.5101265822784811 0.5661290322580645 0.5101265822784811
2 0.6 0.46962025316455697 0.6258064516129032 0.46962025316455697 0.6258064516129032 0.5101265822784811 0.6 0.5101265822784811
5 0.632258064516129 0.46962025316455697 0.6516129032258065 0.46962025316455697 0.6516129032258065 0.5107594936708861 0.632258064516129 0.5107594936708861
29 0.25 0.5183544303797468 0.27580645161290324 0.5183544303797468 0.27580645161290324 0.5588607594936709 0.25 0.5588607594936709
10 0.2817204301075269 0.5183544303797468 0.30752688172043013 0.5183544303797468 0.30752688172043013 0.5588607594936709 0.2817204301075269 0.5588607594936709
34 0.31451612903225806 0.5183544303797468 0.3338709677419355 0.5183544303797468 0.3338709677419355 0.5594936708860759 0.31451612903225806 0.5594936708860759
36 0.3419354838709677 0.5183544303797468 0.3494623655913978 0.5183544303797468 0.3494623655913978 0.5449367088607595 0.3419354838709677 0.5449367088607595
1 0.3553763440860215 0.5183544303797468 0.3725806451612903 0.5183544303797468 0.3725806451612903 0.5588607594936709 0.3553763440860215 0.5588607594936709
2 0.3790322580645161 0.5183544303797468 0.40483870967741936 0.5183544303797468 0.40483870967741936 0.5594936708860759 0.3790322580645161 0.5594936708860759
37 0.41021505376344086 0.5183544303797468 0.4360215053763441 0.5183544303797468 0.4360215053763441 0.5487341772151899 0.41021505376344086 0.5487341772151899
2 0.44247311827956987 0.5183544303797468 0.4682795698924731 0.5183544303797468 0.4682795698924731 0.5588607594936709 0.44247311827956987 0.5588607594936709
9 0.47580645161290325 0.5183544303797468 0.5016129032258064 0.5183544303797468 0.5016129032258064 0.5594936708860759 0.47580645161290325 0.5594936708860759
37 0.5091397849462366 0.5183544303797468 0.5349462365591398 0.5183544303797468 0.5349462365591398 0.5487341772151899 0.5091397849462366 0.5487341772151899
2 0.5419354838709678 0.5183544303797468 0.567741935483871 0.5183544303797468 0.567741935483871 0.5594936708860759 0.5419354838709678 0.5594936708860759
0 0.5758064516129032 0.5183544303797468 0.6016129032258064 0.5183544303797468 0.6016129032258064 0.5588607594936709 0.5758064516129032 0.5588607594936709
2 0.6096774193548387 0.5183544303797468 0.6290322580645161 0.5183544303797468 0.6290322580645161 0.5594936708860759 0.6096774193548387 0.5594936708860759
4 0.6365591397849463 0.5183544303797468 0.6559139784946237 0.5183544303797468 0.6559139784946237 0.5594936708860759 0.6365591397849463 0.5594936708860759
