11 0.25 0.4050632911392405 0.2693548387096774 0.4050632911392405 0.2693548387096774 0.4462025316455696 0.25 0.4462025316455696
11 0.27741935483870966 0.4050632911392405 0.2967741935483871 0.4050632911392405 0.2967741935483871 0.4462025316455696 0.27741935483870966 0.4462025316455696
27 0.3032258064516129 0.4050632911392405 0.3225806451612903 0.4050632911392405 0.3225806451612903 0.4462025316455696 0.3032258064516129 0.4462025316455696
36 0.3301075268817204 0.4050632911392405 0.3419354838709677 0.4050632911392405 0.3419354838709677 0.43544303797468353 0.3301075268817204 0.43544303797468353
0 0.34838709677419355 0.4050632911392405 0.3741935483870968 0.4050632911392405 0.3741935483870968 0.44556962025316454 0.34838709677419355 0.44556962025316454
8 0.38225806451612904 0.4050632911392405 0.4080645161290323 0.4050632911392405 0.4080645161290323 0.44556962025316454 0.38225806451612904 0.44556962025316454
37 0.4134408602150538 0.4050632911392405 0.439247311827957 0.4050632911392405 0.439247311827957 0.43544303797468353 0.4134408602150538 0.43544303797468353
1 0.4456989247311828 0.4050632911392405 0.45860215053763437 0.4050632911392405 0.45860215053763437 0.4462025316455696 0.4456989247311828 0.4462025316455696
0 0.4639784946236559 0.4050632911392405 0.48978494623655916 0.4050632911392405 0.48978494623655916 0.44556962025316454 0.4639784946236559 0.44556962025316454
37 0.4962365591397849 0.4050632911392405 0.5220430107526881 0.4050632911392405 0.5220430107526881 0.43544303797468353 0.4962365591397849 0.43544303797468353
2 0.5301075268817205 0.4050632911392405 0.5559139784946237 0.4050632911392405 0.5559139784946237 0.44556962025316454 0.5301075268817205 0.44556962025316454
0 0.5634408602150538 0.4050632911392405 0.589247311827957 0.4050632911392405 0.589247311827957 0.44556962025316454 0.5634408602150538 0.44556962025316454
2 0.5946236559139785 0.4050632911392405 0.6204301075268817 0.4050632911392405 0.6204301075268817 0.44556962025316454 0.5946236559139785 0.44556962025316454
5 0.6279569892473118 0.4050632911392405 0.6473118279569893 0.4050632911392405 0.6473118279569893 0.4462025316455696 0.6279569892473118 0.4462025316455696
16 0.25 0.45379746835443036 0.2693548387096774 0.45379746835443036 0.2693548387096774 0.49493670886075947 0.25 0.49493670886075947
25 0.2763440860215054 0.45379746835443036 0.30215053763440863 0.45379746835443036 0.30215053763440863 0.4943037974683544 0.2763440860215054 0.4943037974683544
20 0.3102150537634409 0.45379746835443036 0.3295698924731183 0.45379746835443036 0.3295698924731183 0.49493670886075947 0.3102150537634409 0.49493670886075947
36 0.3365591397849462 0.45379746835443036 0.3494623655913978 0.45379746835443036 0.3494623655913978 0.48481012658227846 0.3365591397849462 0.48481012658227846
1 0.35591397849462364 0.45379746835443036 0.37311827956989246 0.45379746835443036 0.37311827956989246 0.4943037974683544 0.35591397849462364 0.4943037974683544
2 0.37849462365591396 0.45379746835443036 0.4043010752688172 0.45379746835443036 0.4043010752688172 0.49493670886075947 0.37849462365591396 0.49493670886075947
37 0.4096774193548387 0.45379746835443036 0.43548387096774194 0.45379746835443036 0.43548387096774194 0.48481012658227846 0.4096774193548387 0.48481012658227846
1 0.44086021505376344 0.45379746835443036 0.45806451612903226 0.45379746835443036 0.45806451612903226 0.49493670886075947 0.44086021505376344 0.49493670886075947
3 0.4650537634408602 0.45379746835443036 0.4908602150537634 0.45379746835443036 0.4908602150537634 0.4943037974683544 0.4650537634408602 0.4943037974683544
37 0.49838709677419357 0.45379746835443036 0.5241935483870968 0.45379746835443036 0.5241935483870968 0.4841772151898734 0.49838709677419357 0.4841772151898734
2 0.5295698924731183 0.45379746835443036 0.5553763440860214 0.45379746835443036 0.5553763440860214 0.4943037974683544 0.5295698924731183 0.4943037974683544
0 0.5618279569892473 0.45379746835443036 0.5811827956989247 0.45379746835443036 0.5811827956989247 0.49493670886075947 0.5618279569892473 0.49493670886075947
2 0.589247311827957 0.45379746835443036 0.6150537634408602 0.45379746835443036 0.6150537634408602 0.49493670886075947 0.589247311827957 0.49493670886075947
4 0.6225806451612903 0.45379746835443036 0.6483870967741935 0.45379746835443036 0.6483870967741935 0.4943037974683544 0.6225806451612903 0.4943037974683544
