28 0.25 0.46329113924050636 0.27580645161290324 0.46329113924050636 0.27580645161290324 0.5044303797468355 0.25 0.5044303797468355
15 0.2833333333333333 0.46329113924050636 0.30913978494623656 0.46329113924050636 0.30913978494623656 0.5037974683544304 0.2833333333333333 0.5037974683544304
26 0.31451612903225806 0.46329113924050636 0.3338709677419355 0.46329113924050636 0.3338709677419355 0.5044303797468355 0.31451612903225806 0.5044303797468355
36 0.339247311827957 0.46329113924050636 0.3510752688172043 0.46329113924050636 0.3510752688172043 0.4936708860759494 0.339247311827957 0.4936708860759494
0 0.3580645161290323 0.46329113924050636 0.3838709677419355 0.46329113924050636 0.3838709677419355 0.5037974683544304 0.3580645161290323 0.5037974683544304
7 0.39086021505376345 0.46329113924050636 0.4166666666666667 0.46329113924050636 0.4166666666666667 0.5037974683544304 0.39086021505376345 0.5037974683544304
37 0.42311827956989245 0.46329113924050636 0.4489247311827957 0.46329113924050636 0.4489247311827957 0.4936708860759494 0.42311827956989245 0.4936708860759494
2 0.4559139784946237 0.46329113924050636 0.4752688172043011 0.46329113924050636 0.4752688172043011 0.5044303797468355 0.4559139784946237 0.5044303797468355
4 0.48118279569892475 0.46329113924050636 0.5069892473118279 0.46329113924050636 0.5069892473118279 0.5037974683544304 0.48118279569892475 0.5037974683544304
37 0.5134408602150538 0.46329113924050636 0.5392473118279569 0.46329113924050636 0.5392473118279569 0.4936708860759494 0.5134408602150538 0.4936708860759494
2 0.5451612903225806 0.46329113924050636 0.5645161290322581 0.46329113924050636 0.5645161290322581 0.5044303797468355 0.5451612903225806 0.5044303797468355
0 0.571505376344086 0.46329113924050636 0.5973118279569892 0.46329113924050636 0.5973118279569892 0.5044303797468355 0.571505376344086 0.5044303797468355
2 0.603225806451613 0.46329113924050636 0.6290322580645161 0.46329113924050636 0.6290322580645161 0.5044303797468355 0.603225806451613 0.5044303797468355
5 0.6365591397849463 0.46329113924050636 0.6623655913978495 0.46329113924050636 0.6623655913978495 0.5044303797468355 0.6365591397849463 0.5044303797468355
26 0.25 0.5120253164556962 0.27580645161290324 0.5120253164556962 0.27580645161290324 0.5525316455696202 0.25 0.5525316455696202
16 0.28279569892473116 0.5120253164556962 0.3021505376344086 0.5120253164556962 0.3021505376344086 0.5531645569620253 0.28279569892473116 0.5531645569620253
29 0.30806451612903224 0.5120253164556962 0.3338709677419355 0.5120253164556962 0.3338709677419355 0.5531645569620253 0.30806451612903224 0.5531645569620253
36 0.3403225806451613 0.5120253164556962 0.3478494623655914 0.5120253164556962 0.3478494623655914 0.5386075949367088 0.3403225806451613 0.5386075949367088
0 0.3553763440860215 0.5120253164556962 0.3811827956989247 0.5120253164556962 0.3811827956989247 0.5531645569620253 0.3553763440860215 0.5531645569620253
9 0.38870967741935486 0.5120253164556962 0.4145161290322581 0.5120253164556962 0.4145161290322581 0.5525316455696202 0.38870967741935486 0.5525316455696202
37 0.42096774193548386 0.5120253164556962 0.4467741935483871 0.5120253164556962 0.4467741935483871 0.5424050632911392 0.42096774193548386 0.5424050632911392
0 0.45268817204301076 0.5120253164556962 0.478494623655914 0.5120253164556962 0.478494623655914 0.5525316455696202 0.45268817204301076 0.5525316455696202
9 0.48494623655913977 0.5120253164556962 0.510752688172043 0.5120253164556962 0.510752688172043 0.5525316455696202 0.48494623655913977 0.5525316455696202
37 0.5161290322580645 0.5120253164556962 0.5419354838709677 0.5120253164556962 0.5419354838709677 0.5424050632911392 0.5161290322580645 0.5424050632911392
2 0.55 0.5120253164556962 0.5693548387096775 0.5120253164556962 0.5693548387096775 0.5531645569620253 0.55 0.5531645569620253
0 0.5763440860215053 0.5120253164556962 0.6021505376344085 0.5120253164556962 0.6021505376344085 0.5531645569620253 0.5763440860215053 0.5531645569620253
2 0.6075268817204301 0.5120253164556962 0.6333333333333333 0.5120253164556962 0.6333333333333333 0.5525316455696202 0.6075268817204301 0.5525316455696202
5 0.6413978494623656 0.5120253164556962 0.6672043010752687 0.5120253164556962 0.6672043010752687 0.5531645569620253 0.6413978494623656 0.5531645569620253
