25 0.25 0.40569620253164557 0.27580645161290324 0.40569620253164557 0.27580645161290324 0.4462025316455696 0.25 0.4462025316455696
28 0.2838709677419355 0.40569620253164557 0.3096774193548387 0.40569620253164557 0.3096774193548387 0.4462025316455696 0.2838709677419355 0.4462025316455696
28 0.317741935483871 0.40569620253164557 0.3370967741935484 0.40569620253164557 0.3370967741935484 0.4468354430379747 0.317741935483871 0.4468354430379747
36 0.34516129032258064 0.40569620253164557 0.35806451612903223 0.40569620253164557 0.35806451612903223 0.4360759493670886 0.34516129032258064 0.4360759493670886
1 0.36612903225806454 0.40569620253164557 0.3795698924731183 0.40569620253164557 0.3795698924731183 0.4468354430379747 0.36612903225806454 0.4468354430379747
1 0.3849462365591398 0.40569620253164557 0.4021505376344086 0.40569620253164557 0.4021505376344086 0.4468354430379747 0.3849462365591398 0.4468354430379747
37 0.40913978494623654 0.40569620253164557 0.4349462365591398 0.40569620253164557 0.4349462365591398 0.43670886075949367 0.40913978494623654 0.43670886075949367
2 0.4403225806451613 0.40569620253164557 0.4661290322580645 0.40569620253164557 0.4661290322580645 0.4462025316455696 0.4403225806451613 0.4462025316455696
3 0.47258064516129034 0.40569620253164557 0.49838709677419357 0.40569620253164557 0.49838709677419357 0.4462025316455696 0.47258064516129034 0.4462025316455696
37 0.5059139784946236 0.40569620253164557 0.5317204301075268 0.40569620253164557 0.5317204301075268 0.43670886075949367 0.5059139784946236 0.43670886075949367
2 0.5387096774193548 0.40569620253164557 0.564516129032258 0.40569620253164557 0.564516129032258 0.4462025316455696 0.5387096774193548 0.4462025316455696
0 0.5709677419354838 0.40569620253164557 0.596774193548387 0.40569620253164557 0.596774193548387 0.4462025316455696 0.5709677419354838 0.4462025316455696
2 0.6048387096774194 0.40569620253164557 0.6306451612903226 0.40569620253164557 0.6306451612903226 0.4462025316455696 0.6048387096774194 0.4462025316455696
4 0.6370967741935484 0.40569620253164557 0.6629032258064516 0.40569620253164557 0.6629032258064516 0.4462025316455696 0.6370967741935484 0.4462025316455696
29 0.25 0.4544303797468354 0.2693548387096774 0.4544303797468354 0.2693548387096774 0.49556962025316453 0.25 0.49556962025316453
28 0.27580645161290324 0.4544303797468354 0.3016129032258065 0.4544303797468354 0.3016129032258065 0.49493670886075947 0.27580645161290324 0.49493670886075947
10 0.3096774193548387 0.4544303797468354 0.33548387096774196 0.4544303797468354 0.33548387096774196 0.49493670886075947 0.3096774193548387 0.49493670886075947
36 0.3424731182795699 0.4544303797468354 0.3553763440860215 0.4544303797468354 0.3553763440860215 0.4854430379746835 0.3424731182795699 0.4854430379746835
0 0.36129032258064514 0.4544303797468354 0.38064516129032255 0.4544303797468354 0.38064516129032255 0.49556962025316453 0.36129032258064514 0.49556962025316453
2 0.3860215053763441 0.4544303797468354 0.41182795698924735 0.4544303797468354 0.41182795698924735 0.49493670886075947 0.3860215053763441 0.49493670886075947
37 0.41774193548387095 0.4544303797468354 0.4435483870967742 0.4544303797468354 0.4435483870967742 0.48481012658227846 0.41774193548387095 0.48481012658227846
2 0.45 0.4544303797468354 0.4693548387096774 0.4544303797468354 0.4693548387096774 0.49556962025316453 0.45 0.49556962025316453
5 0.47634408602150535 0.4544303797468354 0.5021505376344085 0.4544303797468354 0.5021505376344085 0.49493670886075947 0.47634408602150535 0.49493670886075947
37 0.5086021505376344 0.4544303797468354 0.5301075268817204 0.4544303797468354 0.5301075268817204 0.479746835443038 0.5086021505376344 0.479746835443038
2 0.535483870967742 0.4544303797468354 0.5612903225806452 0.4544303797468354 0.5612903225806452 0.49493670886075947 0.535483870967742 0.49493670886075947
0 0.5688172043010753 0.4544303797468354 0.5946236559139785 0.4544303797468354 0.5946236559139785 0.49493670886075947 0.5688172043010753 0.49493670886075947
2 0.6026881720430107 0.4544303797468354 0.6284946236559139 0.4544303797468354 0.6284946236559139 0.49493670886075947 0.6026881720430107 0.49493670886075947
5 0.6344086021505376 0.4544303797468354 0.6602150537634408 0.4544303797468354 0.6602150537634408 0.49493670886075947 0.6344086021505376 0.49493670886075947
