19 0.25 0.5987341772151898 0.271505376344086 0.5987341772151898 0.271505376344086 0.6392405063291139 0.25 0.6392405063291139
25 0.27741935483870966 0.5987341772151898 0.3032258064516129 0.5987341772151898 0.3032258064516129 0.6392405063291139 0.27741935483870966 0.6392405063291139
35 0.3102150537634409 0.5987341772151898 0.3295698924731183 0.5987341772151898 0.3295698924731183 0.639873417721519 0.3102150537634409 0.639873417721519
36 0.33548387096774196 0.5987341772151898 0.3473118279569893 0.5987341772151898 0.3473118279569893 0.6291139240506329 0.33548387096774196 0.6291139240506329
0 0.3543010752688172 0.5987341772151898 0.38010752688172045 0.5987341772151898 0.38010752688172045 0.639873417721519 0.3543010752688172 0.639873417721519
1 0.38548387096774195 0.5987341772151898 0.4026881720430108 0.5987341772151898 0.4026881720430108 0.639873417721519 0.38548387096774195 0.639873417721519
37 0.41021505376344086 0.5987341772151898 0.4360215053763441 0.5987341772151898 0.4360215053763441 0.6291139240506329 0.41021505376344086 0.6291139240506329
2 0.443010752688172 0.5987341772151898 0.46881720430107526 0.5987341772151898 0.46881720430107526 0.6392405063291139 0.443010752688172 0.6392405063291139
9 0.47580645161290325 0.5987341772151898 0.49516129032258066 0.5987341772151898 0.49516129032258066 0.639873417721519 0.47580645161290325 0.639873417721519
37 0.5026881720430108 0.5987341772151898 0.5284946236559139 0.5987341772151898 0.5284946236559139 0.6291139240506329 0.5026881720430108 0.6291139240506329
2 0.5344086021505376 0.5987341772151898 0.5537634408602151 0.5987341772151898 0.5537634408602151 0.639873417721519 0.5344086021505376 0.639873417721519
0 0.5618279569892473 0.5987341772151898 0.5811827956989247 0.5987341772151898 0.5811827956989247 0.639873417721519 0.5618279569892473 0.639873417721519
2 0.5876344086021505 0.5987341772151898 0.6134408602150537 0.5987341772151898 0.6134408602150537 0.6392405063291139 0.5876344086021505 0.6392405063291139
5 0.6193548387096774 0.5987341772151898 0.6387096774193549 0.5987341772151898 0.6387096774193549 0.639873417721519 0.6193548387096774 0.639873417721519
11 0.25 0.6474683544303798 0.27580645161290324 0.6474683544303798 0.27580645161290324 0.6879746835443038 0.25 0.6879746835443038
26 0.28279569892473116 0.6474683544303798 0.3021505376344086 0.6474683544303798 0.3021505376344086 0.6886075949367089 0.28279569892473116 0.6886075949367089
14 0.30806451612903224 0.6474683544303798 0.3338709677419355 0.6474683544303798 0.3338709677419355 0.6879746835443038 0.30806451612903224 0.6879746835443038
36 0.33978494623655914 0.6474683544303798 0.35161290322580646 0.6474683544303798 0.35161290322580646 0.6778481012658228 0.33978494623655914 0.6778481012658228
0 0.35913978494623655 0.6474683544303798 0.3849462365591398 0.6474683544303798 0.3849462365591398 0.6879746835443038 0.35913978494623655 0.6879746835443038
4 0.39086021505376345 0.6474683544303798 0.41021505376344086 0.6474683544303798 0.41021505376344086 0.6886075949367089 0.39086021505376345 0.6886075949367089
37 0.4161290322580645 0.6474683544303798 0.44193548387096776 0.6474683544303798 0.44193548387096776 0.6778481012658228 0.4161290322580645 0.6778481012658228
1 0.4483870967741935 0.6474683544303798 0.46559139784946235 0.6474683544303798 0.46559139784946235 0.6886075949367089 0.4483870967741935 0.6886075949367089
0 0.4731182795698925 0.6474683544303798 0.49892473118279573 0.6474683544303798 0.49892473118279573 0.6879746835443038 0.4731182795698925 0.6879746835443038
37 0.5059139784946236 0.6474683544303798 0.5317204301075268 0.6474683544303798 0.5317204301075268 0.6778481012658228 0.5059139784946236 0.6778481012658228
2 0.5397849462365591 0.6474683544303798 0.5655913978494623 0.6474683544303798 0.5655913978494623 0.6879746835443038 0.5397849462365591 0.6879746835443038
0 0.5709677419354838 0.6474683544303798 0.596774193548387 0.6474683544303798 0.596774193548387 0.6879746835443038 0.5709677419354838 0.6879746835443038
2 0.6043010752688172 0.6474683544303798 0.6301075268817203 0.6474683544303798 0.6301075268817203 0.6886075949367089 0.6043010752688172 0.6886075949367089
5 0.6370967741935484 0.6474683544303798 0.6564516129032258 0.6474683544303798 0.6564516129032258 0.6886075949367089 0.6370967741935484 0.6886075949367089
