30 0.25 0.43037974683544306 0.2693548387096774 0.43037974683544306 0.2693548387096774 0.47151898734177217 0.25 0.47151898734177217
14 0.2768817204301075 0.43037974683544306 0.2962365591397849 0.43037974683544306 0.2962365591397849 0.47151898734177217 0.2768817204301075 0.47151898734177217
11 0.30268817204301074 0.43037974683544306 0.328494623655914 0.43037974683544306 0.328494623655914 0.4708860759493671 0.30268817204301074 0.4708860759493671
36 0.3365591397849462 0.43037974683544306 0.34838709677419355 0.43037974683544306 0.34838709677419355 0.4607594936708861 0.3365591397849462 0.4607594936708861
0 0.35591397849462364 0.43037974683544306 0.3817204301075269 0.43037974683544306 0.3817204301075269 0.4708860759493671 0.35591397849462364 0.4708860759493671
9 0.3870967741935484 0.43037974683544306 0.4129032258064516 0.43037974683544306 0.4129032258064516 0.4708860759493671 0.3870967741935484 0.4708860759493671
37 0.4182795698924731 0.43037974683544306 0.44408602150537635 0.43037974683544306 0.44408602150537635 0.4607594936708861 0.4182795698924731 0.4607594936708861
2 0.4521505376344086 0.43037974683544306 0.47795698924731184 0.43037974683544306 0.47795698924731184 0.4708860759493671 0.4521505376344086 0.4708860759493671
1 0.4838709677419355 0.43037974683544306 0.5010752688172043 0.43037974683544306 0.5010752688172043 0.47151898734177217 0.4838709677419355 0.47151898734177217
37 0.5080645161290323 0.43037974683544306 0.5338709677419354 0.43037974683544306 0.5338709677419354 0.4607594936708861 0.5080645161290323 0.4607594936708861
2 0.5419354838709678 0.43037974683544306 0.567741935483871 0.43037974683544306 0.567741935483871 0.4708860759493671 0.5419354838709678 0.4708860759493671
0 0.5731182795698925 0.43037974683544306 0.5989247311827957 0.43037974683544306 0.5989247311827957 0.4708860759493671 0.5731182795698925 0.4708860759493671
2 0.6048387096774194 0.43037974683544306 0.6241935483870968 0.43037974683544306 0.6241935483870968 0.47151898734177217 0.6048387096774194 0.47151898734177217
5 0.6295698924731182 0.43037974683544306 0.6553763440860214 0.43037974683544306 0.6553763440860214 0.4708860759493671 0.6295698924731182 0.4708860759493671
27 0.25 0.4791139240506329 0.27580645161290324 0.4791139240506329 0.27580645161290324 0.519620253164557 0.25 0.519620253164557
28 0.2833333333333333 0.4791139240506329 0.30913978494623656 0.4791139240506329 0.30913978494623656 0.519620253164557 0.2833333333333333 0.519620253164557
23 0.3161290322580645 0.4791139240506329 0.3419354838709677 0.4791139240506329 0.3419354838709677 0.519620253164557 0.3161290322580645 0.519620253164557
36 0.34946236559139787 0.4791139240506329 0.36236559139784946 0.4791139240506329 0.36236559139784946 0.5101265822784811 0.34946236559139787 0.5101265822784811
0 0.36989247311827955 0.4791139240506329 0.3956989247311828 0.4791139240506329 0.3956989247311828 0.519620253164557 0.36989247311827955 0.519620253164557
5 0.4010752688172043 0.4791139240506329 0.4268817204301075 0.4791139240506329 0.4268817204301075 0.519620253164557 0.4010752688172043 0.519620253164557
37 0.4344086021505376 0.4791139240506329 0.46021505376344085 0.4791139240506329 0.46021505376344085 0.5101265822784811 0.4344086021505376 0.5101265822784811
0 0.4661290322580645 0.4791139240506329 0.49193548387096775 0.4791139240506329 0.49193548387096775 0.520253164556962 0.4661290322580645 0.520253164556962
7 0.49731182795698925 0.4791139240506329 0.5166666666666667 0.4791139240506329 0.5166666666666667 0.520253164556962 0.49731182795698925 0.520253164556962
37 0.5236559139784946 0.4791139240506329 0.5494623655913978 0.4791139240506329 0.5494623655913978 0.509493670886076 0.5236559139784946 0.509493670886076
2 0.5548387096774193 0.4791139240506329 0.5806451612903225 0.4791139240506329 0.5806451612903225 0.519620253164557 0.5548387096774193 0.519620253164557
0 0.5887096774193549 0.4791139240506329 0.614516129032258 0.4791139240506329 0.614516129032258 0.519620253164557 0.5887096774193549 0.519620253164557
2 0.6220430107526882 0.4791139240506329 0.6478494623655914 0.4791139240506329 0.6478494623655914 0.519620253164557 0.6220430107526882 0.519620253164557
5 0.6559139784946236 0.4791139240506329 0.6752688172043011 0.4791139240506329 0.6752688172043011 0.520253164556962 0.6559139784946236 0.520253164556962
