29 0.25 0.33734177215189876 0.27580645161290324 0.33734177215189876 0.27580645161290324 0.37848101265822787 0.25 0.37848101265822787
13 0.28118279569892474 0.33734177215189876 0.30053763440860215 0.33734177215189876 0.30053763440860215 0.37848101265822787 0.28118279569892474 0.37848101265822787
20 0.30591397849462365 0.33734177215189876 0.3317204301075269 0.33734177215189876 0.3317204301075269 0.3778481012658228 0.30591397849462365 0.3778481012658228
36 0.3387096774193548 0.33734177215189876 0.3516129032258064 0.33734177215189876 0.3516129032258064 0.36835443037974686 0.3387096774193548 0.36835443037974686
0 0.3575268817204301 0.33734177215189876 0.38333333333333336 0.33734177215189876 0.38333333333333336 0.3778481012658228 0.3575268817204301 0.3778481012658228
4 0.39086021505376345 0.33734177215189876 0.41021505376344086 0.33734177215189876 0.41021505376344086 0.3778481012658228 0.39086021505376345 0.3778481012658228
37 0.4161290322580645 0.33734177215189876 0.44193548387096776 0.33734177215189876 0.44193548387096776 0.3677215189873418 0.4161290322580645 0.3677215189873418
2 0.45 0.33734177215189876 0.47580645161290325 0.33734177215189876 0.47580645161290325 0.3778481012658228 0.45 0.3778481012658228
9 0.4817204301075269 0.33734177215189876 0.5010752688172043 0.33734177215189876 0.5010752688172043 0.37848101265822787 0.4817204301075269 0.37848101265822787
37 0.5075268817204301 0.33734177215189876 0.5333333333333333 0.33734177215189876 0.5333333333333333 0.3677215189873418 0.5075268817204301 0.3677215189873418
2 0.5408602150537635 0.33734177215189876 0.5666666666666667 0.33734177215189876 0.5666666666666667 0.37848101265822787 0.5408602150537635 0.37848101265822787
0 0.5741935483870968 0.33734177215189876 0.5935483870967743 0.33734177215189876 0.5935483870967743 0.37848101265822787 0.5741935483870968 0.37848101265822787
2 0.6010752688172043 0.33734177215189876 0.6268817204301075 0.33734177215189876 0.6268817204301075 0.3778481012658228 0.6010752688172043 0.3778481012658228
5 0.632258064516129 0.33734177215189876 0.6516129032258065 0.33734177215189876 0.6516129032258065 0.37848101265822787 0.632258064516129 0.37848101265822787
13 0.25 0.3860759493670886 0.27580645161290324 0.3860759493670886 0.27580645161290324 0.42658227848101266 0.25 0.42658227848101266
10 0.2817204301075269 0.3860759493670886 0.30752688172043013 0.3860759493670886 0.30752688172043013 0.42658227848101266 0.2817204301075269 0.42658227848101266
28 0.3155913978494624 0.3860759493670886 0.3349462365591398 0.3860759493670886 0.3349462365591398 0.4272151898734177 0.3155913978494624 0.4272151898734177
36 0.34139784946236557 0.3860759493670886 0.34892473118279566 0.3860759493670886 0.34892473118279566 0.4120253164556962 0.34139784946236557 0.4120253164556962
0 0.35698924731182796 0.3860759493670886 0.3763440860215054 0.3860759493670886 0.3763440860215054 0.4272151898734177 0.35698924731182796 0.4272151898734177
9 0.38333333333333336 0.3860759493670886 0.4091397849462366 0.3860759493670886 0.4091397849462366 0.42658227848101266 0.38333333333333336 0.42658227848101266
37 0.4161290322580645 0.3860759493670886 0.44193548387096776 0.3860759493670886 0.44193548387096776 0.41645569620253164 0.4161290322580645 0.41645569620253164
2 0.44946236559139785 0.3860759493670886 0.4752688172043011 0.3860759493670886 0.4752688172043011 0.4272151898734177 0.44946236559139785 0.4272151898734177
1 0.4817204301075269 0.3860759493670886 0.4956989247311828 0.3860759493670886 0.4956989247311828 0.4272151898734177 0.4817204301075269 0.4272151898734177
37 0.5032258064516129 0.3860759493670886 0.529032258064516 0.3860759493670886 0.529032258064516 0.4158227848101266 0.5032258064516129 0.4158227848101266
2 0.5360215053763441 0.3860759493670886 0.5618279569892473 0.3860759493670886 0.5618279569892473 0.42658227848101266 0.5360215053763441 0.42658227848101266
0 0.5698924731182796 0.3860759493670886 0.5892473118279571 0.3860759493670886 0.5892473118279571 0.4272151898734177 0.5698924731182796 0.4272151898734177
2 0.5956989247311828 0.3860759493670886 0.621505376344086 0.3860759493670886 0.621505376344086 0.42658227848101266 0.5956989247311828 0.42658227848101266
5 0.6295698924731182 0.3860759493670886 0.6553763440860214 0.3860759493670886 0.6553763440860214 0.42658227848101266 0.6295698924731182 0.42658227848101266
