30 0.25 0.5132911392405063 0.27580645161290324 0.5132911392405063 0.27580645161290324 0.5544303797468354 0.25 0.5544303797468354
30 0.28225806451612906 0.5132911392405063 0.3016129032258065 0.5132911392405063 0.3016129032258065 0.5544303797468354 0.28225806451612906 0.5544303797468354
22 0.30752688172043013 0.5132911392405063 0.33333333333333337 0.5132911392405063 0.33333333333333337 0.5537974683544303 0.30752688172043013 0.5537974683544303
36 0.3403225806451613 0.5132911392405063 0.3532258064516129 0.5132911392405063 0.3532258064516129 0.5436708860759494 0.3403225806451613 0.5436708860759494
0 0.3596774193548387 0.5132911392405063 0.3790322580645161 0.5132911392405063 0.3790322580645161 0.5544303797468354 0.3596774193548387 0.5544303797468354
8 0.38548387096774195 0.5132911392405063 0.4112903225806452 0.5132911392405063 0.4112903225806452 0.5537974683544303 0.38548387096774195 0.5537974683544303
37 0.41935483870967744 0.5132911392405063 0.44516129032258067 0.5132911392405063 0.44516129032258067 0.5430379746835443 0.41935483870967744 0.5430379746835443
0 0.45268817204301076 0.5132911392405063 0.4720430107526882 0.5132911392405063 0.4720430107526882 0.5544303797468354 0.45268817204301076 0.5544303797468354
6 0.478494623655914 0.5132911392405063 0.5043010752688172 0.5132911392405063 0.5043010752688172 0.5537974683544303 0.478494623655914 0.5537974683544303
37 0.5096774193548387 0.5132911392405063 0.5354838709677419 0.5132911392405063 0.5354838709677419 0.5443037974683544 0.5096774193548387 0.5443037974683544
2 0.5408602150537635 0.5132911392405063 0.5666666666666667 0.5132911392405063 0.5666666666666667 0.5537974683544303 0.5408602150537635 0.5537974683544303
0 0.5747311827956989 0.5132911392405063 0.6005376344086021 0.5132911392405063 0.6005376344086021 0.5537974683544303 0.5747311827956989 0.5537974683544303
2 0.6064516129032258 0.5132911392405063 0.632258064516129 0.5132911392405063 0.632258064516129 0.5537974683544303 0.6064516129032258 0.5537974683544303
5 0.639247311827957 0.5132911392405063 0.6650537634408602 0.5132911392405063 0.6650537634408602 0.5537974683544303 0.639247311827957 0.5537974683544303
16 0.25 0.5620253164556962 0.27580645161290324 0.5620253164556962 0.27580645161290324 0.6025316455696202 0.25 0.6025316455696202
16 0.28225806451612906 0.5620253164556962 0.3080645161290323 0.5620253164556962 0.3080645161290323 0.6025316455696202 0.28225806451612906 0.6025316455696202
26 0.31451612903225806 0.5620253164556962 0.3403225806451613 0.5620253164556962 0.3403225806451613 0.6031645569620253 0.31451612903225806 0.6031645569620253
36 0.3456989247311828 0.5620253164556962 0.3586021505376344 0.5620253164556962 0.3586021505376344 0.5924050632911393 0.3456989247311828 0.5924050632911393
0 0.36451612903225805 0.5620253164556962 0.3903225806451613 0.5620253164556962 0.3903225806451613 0.6025316455696202 0.36451612903225805 0.6025316455696202
8 0.39838709677419354 0.5620253164556962 0.41774193548387095 0.5620253164556962 0.41774193548387095 0.6031645569620253 0.39838709677419354 0.6031645569620253
37 0.42311827956989245 0.5620253164556962 0.4489247311827957 0.5620253164556962 0.4489247311827957 0.5924050632911393 0.42311827956989245 0.5924050632911393
0 0.4553763440860215 0.5620253164556962 0.4747311827956989 0.5620253164556962 0.4747311827956989 0.6031645569620253 0.4553763440860215 0.6031645569620253
3 0.4801075268817204 0.5620253164556962 0.5059139784946236 0.5620253164556962 0.5059139784946236 0.6025316455696202 0.4801075268817204 0.6025316455696202
37 0.5134408602150538 0.5620253164556962 0.5392473118279569 0.5620253164556962 0.5392473118279569 0.5930379746835444 0.5134408602150538 0.5930379746835444
2 0.5473118279569893 0.5620253164556962 0.5666666666666668 0.5620253164556962 0.5666666666666668 0.6031645569620253 0.5473118279569893 0.6031645569620253
0 0.5731182795698925 0.5620253164556962 0.5989247311827957 0.5620253164556962 0.5989247311827957 0.6025316455696202 0.5731182795698925 0.6025316455696202
2 0.6064516129032258 0.5620253164556962 0.6258064516129033 0.5620253164556962 0.6258064516129033 0.6031645569620253 0.6064516129032258 0.6031645569620253
5 0.6317204301075269 0.5620253164556962 0.6575268817204301 0.5620253164556962 0.6575268817204301 0.6025316455696202 0.6317204301075269 0.6025316455696202
