12 0.25 0.6240506329113924 0.27580645161290324 0.6240506329113924 0.27580645161290324 0.6645569620253164 0.25 0.6645569620253164
29 0.28279569892473116 0.6240506329113924 0.3021505376344086 0.6240506329113924 0.3021505376344086 0.6651898734177215 0.28279569892473116 0.6651898734177215
13 0.30913978494623656 0.6240506329113924 0.3349462365591398 0.6240506329113924 0.3349462365591398 0.6651898734177215 0.30913978494623656 0.6651898734177215
36 0.34301075268817205 0.6240506329113924 0.35591397849462364 0.6240506329113924 0.35591397849462364 0.6544303797468355 0.34301075268817205 0.6544303797468355
0 0.3618279569892473 0.6240506329113924 0.38763440860215054 0.6240506329113924 0.38763440860215054 0.6645569620253164 0.3618279569892473 0.6645569620253164
8 0.3946236559139785 0.6240506329113924 0.42043010752688176 0.6240506329113924 0.42043010752688176 0.6645569620253164 0.3946236559139785 0.6645569620253164
37 0.42795698924731185 0.6240506329113924 0.4537634408602151 0.6240506329113924 0.4537634408602151 0.6544303797468355 0.42795698924731185 0.6544303797468355
2 0.46182795698924733 0.6240506329113924 0.48763440860215057 0.6240506329113924 0.48763440860215057 0.6645569620253164 0.46182795698924733 0.6645569620253164
7 0.4935483870967742 0.6240506329113924 0.5129032258064516 0.6240506329113924 0.5129032258064516 0.6651898734177215 0.4935483870967742 0.6651898734177215
37 0.5193548387096775 0.6240506329113924 0.5451612903225806 0.6240506329113924 0.5451612903225806 0.6544303797468355 0.5193548387096775 0.6544303797468355
2 0.5516129032258065 0.6240506329113924 0.5774193548387097 0.6240506329113924 0.5774193548387097 0.6645569620253164 0.5516129032258065 0.6645569620253164
0 0.5849462365591398 0.6240506329113924 0.610752688172043 0.6240506329113924 0.610752688172043 0.6645569620253164 0.5849462365591398 0.6645569620253164
2 0.6182795698924731 0.6240506329113924 0.6376344086021506 0.6240506329113924 0.6376344086021506 0.6651898734177215 0.6182795698924731 0.6651898734177215
5 0.6435483870967742 0.6240506329113924 0.6693548387096774 0.6240506329113924 0.6693548387096774 0.6645569620253164 0.6435483870967742 0.6645569620253164
21 0.25 0.6727848101265823 0.2693548387096774 0.6727848101265823 0.2693548387096774 0.7139240506329114 0.25 0.7139240506329114
18 0.27580645161290324 0.6727848101265823 0.29301075268817206 0.6727848101265823 0.29301075268817206 0.7132911392405064 0.27580645161290324 0.7132911392405064
16 0.29838709677419356 0.6727848101265823 0.3241935483870968 0.6727848101265823 0.3241935483870968 0.7132911392405064 0.29838709677419356 0.7132911392405064
36 0.3295698924731183 0.6727848101265823 0.3424731182795699 0.6727848101265823 0.3424731182795699 0.7031645569620254 0.3295698924731183 0.7031645569620254
0 0.34838709677419355 0.6727848101265823 0.3741935483870968 0.6727848101265823 0.3741935483870968 0.7132911392405064 0.34838709677419355 0.7132911392405064
2 0.3795698924731183 0.6727848101265823 0.4053763440860215 0.6727848101265823 0.4053763440860215 0.7139240506329114 0.3795698924731183 0.7139240506329114
37 0.41236559139784945 0.6727848101265823 0.4381720430107527 0.6727848101265823 0.4381720430107527 0.7037974683544304 0.41236559139784945 0.7037974683544304
0 0.44516129032258067 0.6727848101265823 0.4709677419354839 0.6727848101265823 0.4709677419354839 0.7132911392405064 0.44516129032258067 0.7132911392405064
4 0.4790322580645161 0.6727848101265823 0.5048387096774193 0.6727848101265823 0.5048387096774193 0.7132911392405064 0.4790322580645161 0.7132911392405064
37 0.510752688172043 0.6727848101265823 0.5365591397849462 0.6727848101265823 0.5365591397849462 0.7037974683544304 0.510752688172043 0.7037974683544304
2 0.5440860215053763 0.6727848101265823 0.5698924731182795 0.6727848101265823 0.5698924731182795 0.7132911392405064 0.5440860215053763 0.7132911392405064
0 0.5768817204301075 0.6727848101265823 0.6026881720430107 0.6727848101265823 0.6026881720430107 0.7132911392405064 0.5768817204301075 0.7132911392405064
2 0.6102150537634409 0.6727848101265823 0.636021505376344 0.6727848101265823 0.636021505376344 0.7132911392405064 0.6102150537634409 0.7132911392405064
5 0.6435483870967742 0.6727848101265823 0.6629032258064517 0.6727848101265823 0.6629032258064517 0.7139240506329114 0.6435483870967742 0.7139240506329114
