16 0.25 0.5272151898734178 0.27580645161290324 0.5272151898734178 0.27580645161290324 0.5677215189873418 0.25 0.5677215189873418
14 0.2817204301075269 0.5272151898734178 0.3010752688172043 0.5272151898734178 0.3010752688172043 0.5683544303797469 0.2817204301075269 0.5683544303797469
29 0.3064516129032258 0.5272151898734178 0.33225806451612905 0.5272151898734178 0.33225806451612905 0.5677215189873418 0.3064516129032258 0.5677215189873418
36 0.3381720430107527 0.5272151898734178 0.35000000000000003 0.5272151898734178 0.35000000000000003 0.5575949367088608 0.3381720430107527 0.5575949367088608
0 0.35698924731182796 0.5272151898734178 0.3763440860215054 0.5272151898734178 0.3763440860215054 0.5683544303797469 0.35698924731182796 0.5683544303797469
6 0.38387096774193546 0.5272151898734178 0.4032258064516129 0.5272151898734178 0.4032258064516129 0.5683544303797469 0.38387096774193546 0.5683544303797469
37 0.410752688172043 0.5272151898734178 0.43655913978494626 0.5272151898734178 0.43655913978494626 0.5582278481012659 0.410752688172043 0.5582278481012659
2 0.4435483870967742 0.5272151898734178 0.4629032258064516 0.5272151898734178 0.4629032258064516 0.5683544303797469 0.4435483870967742 0.5683544303797469
9 0.47043010752688175 0.5272151898734178 0.48978494623655916 0.5272151898734178 0.48978494623655916 0.5683544303797469 0.47043010752688175 0.5683544303797469
37 0.49516129032258066 0.5272151898734178 0.5209677419354839 0.5272151898734178 0.5209677419354839 0.5575949367088608 0.49516129032258066 0.5575949367088608
2 0.5284946236559139 0.5272151898734178 0.5543010752688171 0.5272151898734178 0.5543010752688171 0.5677215189873418 0.5284946236559139 0.5677215189873418
0 0.5602150537634408 0.5272151898734178 0.5795698924731183 0.5272151898734178 0.5795698924731183 0.5683544303797469 0.5602150537634408 0.5683544303797469
2 0.5860215053763441 0.5272151898734178 0.6118279569892473 0.5272151898734178 0.6118279569892473 0.5683544303797469 0.5860215053763441 0.5683544303797469
5 0.6193548387096774 0.5272151898734178 0.6387096774193549 0.5272151898734178 0.6387096774193549 0.5683544303797469 0.6193548387096774 0.5683544303797469
16 0.25 0.5759493670886076 0.27580645161290324 0.5759493670886076 0.27580645161290324 0.6164556962025316 0.25 0.6164556962025316
21 0.28225806451612906 0.5759493670886076 0.3080645161290323 0.5759493670886076 0.3080645161290323 0.6170886075949367 0.28225806451612906 0.6170886075949367
14 0.3155913978494624 0.5759493670886076 0.3349462365591398 0.5759493670886076 0.3349462365591398 0.6170886075949367 0.3155913978494624 0.6170886075949367
36 0.34301075268817205 0.5759493670886076 0.35053763440860214 0.5759493670886076 0.35053763440860214 0.6025316455696202 0.34301075268817205 0.6025316455696202
1 0.3575268817204301 0.5759493670886076 0.37473118279569895 0.5759493670886076 0.37473118279569895 0.6164556962025316 0.3575268817204301 0.6164556962025316
1 0.38225806451612904 0.5759493670886076 0.39946236559139786 0.5759493670886076 0.39946236559139786 0.6164556962025316 0.38225806451612904 0.6164556962025316
37 0.40698924731182795 0.5759493670886076 0.4327956989247312 0.5759493670886076 0.4327956989247312 0.6063291139240506 0.40698924731182795 0.6063291139240506
2 0.439247311827957 0.5759493670886076 0.4586021505376344 0.5759493670886076 0.4586021505376344 0.6170886075949367 0.439247311827957 0.6170886075949367
9 0.4639784946236559 0.5759493670886076 0.48333333333333334 0.5759493670886076 0.48333333333333334 0.6170886075949367 0.4639784946236559 0.6170886075949367
37 0.4913978494623656 0.5759493670886076 0.5129032258064516 0.5759493670886076 0.5129032258064516 0.6012658227848101 0.4913978494623656 0.6012658227848101
2 0.5193548387096775 0.5759493670886076 0.5387096774193549 0.5759493670886076 0.5387096774193549 0.6170886075949367 0.5193548387096775 0.6170886075949367
0 0.5467741935483871 0.5759493670886076 0.5725806451612903 0.5759493670886076 0.5725806451612903 0.6164556962025316 0.5467741935483871 0.6164556962025316
2 0.5795698924731183 0.5759493670886076 0.6053763440860215 0.5759493670886076 0.6053763440860215 0.6164556962025316 0.5795698924731183 0.6164556962025316
4 0.6118279569892473 0.5759493670886076 0.6376344086021505 0.5759493670886076 0.6376344086021505 0.6164556962025316 0.6118279569892473 0.6164556962025316
