15 0.25 0.3924050632911392 0.2693548387096774 0.3924050632911392 0.2693548387096774 0.43354430379746833 0.25 0.43354430379746833
30 0.2768817204301075 0.3924050632911392 0.2962365591397849 0.3924050632911392 0.2962365591397849 0.43354430379746833 0.2768817204301075 0.43354430379746833
14 0.3043010752688172 0.3924050632911392 0.32365591397849464 0.3924050632911392 0.32365591397849464 0.43354430379746833 0.3043010752688172 0.43354430379746833
36 0.33064516129032256 0.3924050632911392 0.3424731182795699 0.3924050632911392 0.3424731182795699 0.42278481012658226 0.33064516129032256 0.42278481012658226
0 0.34838709677419355 0.3924050632911392 0.3741935483870968 0.3924050632911392 0.3741935483870968 0.43291139240506327 0.34838709677419355 0.43291139240506327
1 0.38225806451612904 0.3924050632911392 0.3951612903225806 0.3924050632911392 0.3951612903225806 0.43354430379746833 0.38225806451612904 0.43354430379746833
37 0.4010752688172043 0.3924050632911392 0.4268817204301075 0.3924050632911392 0.4268817204301075 0.42278481012658226 0.4010752688172043 0.42278481012658226
1 0.4338709677419355 0.3924050632911392 0.45107526881720433 0.3924050632911392 0.45107526881720433 0.43291139240506327 0.4338709677419355 0.43291139240506327
7 0.4575268817204301 0.3924050632911392 0.48333333333333334 0.3924050632911392 0.48333333333333334 0.43354430379746833 0.4575268817204301 0.43354430379746833
37 0.48870967741935484 0.3924050632911392 0.5145161290322581 0.3924050632911392 0.5145161290322581 0.42278481012658226 0.48870967741935484 0.42278481012658226
2 0.5220430107526882 0.3924050632911392 0.5478494623655914 0.3924050632911392 0.5478494623655914 0.43291139240506327 0.5220430107526882 0.43291139240506327
0 0.5548387096774193 0.3924050632911392 0.5806451612903225 0.3924050632911392 0.5806451612903225 0.43291139240506327 0.5548387096774193 0.43291139240506327
2 0.5865591397849462 0.3924050632911392 0.6123655913978494 0.3924050632911392 0.6123655913978494 0.43291139240506327 0.5865591397849462 0.43291139240506327
5 0.6198924731182796 0.3924050632911392 0.6456989247311827 0.3924050632911392 0.6456989247311827 0.43291139240506327 0.6198924731182796 0.43291139240506327
10 0.25 0.44113924050632913 0.27580645161290324 0.44113924050632913 0.27580645161290324 0.48227848101265824 0.25 0.48227848101265824
13 0.2838709677419355 0.44113924050632913 0.3032258064516129 0.44113924050632913 0.3032258064516129 0.48227848101265824 0.2838709677419355 0.48227848101265824
12 0.3096774193548387 0.44113924050632913 0.33548387096774196 0.44113924050632913 0.33548387096774196 0.48227848101265824 0.3096774193548387 0.48227848101265824
36 0.3424731182795699 0.44113924050632913 0.35 0.44113924050632913 0.35 0.46772151898734177 0.3424731182795699 0.46772151898734177
0 0.35591397849462364 0.44113924050632913 0.3817204301075269 0.44113924050632913 0.3817204301075269 0.4816455696202532 0.35591397849462364 0.4816455696202532
5 0.38763440860215054 0.44113924050632913 0.40698924731182795 0.44113924050632913 0.40698924731182795 0.48227848101265824 0.38763440860215054 0.48227848101265824
37 0.4134408602150538 0.44113924050632913 0.4349462365591398 0.44113924050632913 0.4349462365591398 0.4664556962025317 0.4134408602150538 0.4664556962025317
0 0.44193548387096776 0.44113924050632913 0.4612903225806452 0.44113924050632913 0.4612903225806452 0.48227848101265824 0.44193548387096776 0.48227848101265824
8 0.46774193548387094 0.44113924050632913 0.4935483870967742 0.44113924050632913 0.4935483870967742 0.4816455696202532 0.46774193548387094 0.4816455696202532
37 0.4989247311827957 0.44113924050632913 0.5247311827956989 0.44113924050632913 0.5247311827956989 0.47215189873417723 0.4989247311827957 0.47215189873417723
2 0.5327956989247312 0.44113924050632913 0.5586021505376344 0.44113924050632913 0.5586021505376344 0.4816455696202532 0.5327956989247312 0.4816455696202532
0 0.5666666666666667 0.44113924050632913 0.5860215053763441 0.44113924050632913 0.5860215053763441 0.48227848101265824 0.5666666666666667 0.48227848101265824
2 0.5940860215053764 0.44113924050632913 0.6134408602150538 0.44113924050632913 0.6134408602150538 0.48227848101265824 0.5940860215053764 0.48227848101265824
5 0.6193548387096774 0.44113924050632913 0.6387096774193549 0.44113924050632913 0.6387096774193549 0.48227848101265824 0.6193548387096774 0.48227848101265824
