28 0.25 0.3905063291139241 0.27580645161290324 0.3905063291139241 0.27580645161290324 0.4310126582278481 0.25 0.4310126582278481
28 0.2817204301075269 0.3905063291139241 0.30752688172043013 0.3905063291139241 0.30752688172043013 0.4310126582278481 0.2817204301075269 0.4310126582278481
22 0.31344086021505374 0.3905063291139241 0.33279569892473115 0.3905063291139241 0.33279569892473115 0.4316455696202532 0.31344086021505374 0.4316455696202532
36 0.34086021505376346 0.3905063291139241 0.3526881720430108 0.3905063291139241 0.3526881720430108 0.4208860759493671 0.34086021505376346 0.4208860759493671
0 0.3580645161290323 0.3905063291139241 0.3838709677419355 0.3905063291139241 0.3838709677419355 0.4310126582278481 0.3580645161290323 0.4310126582278481
4 0.38924731182795697 0.3905063291139241 0.4150537634408602 0.3905063291139241 0.4150537634408602 0.4310126582278481 0.38924731182795697 0.4310126582278481
37 0.42311827956989245 0.3905063291139241 0.4489247311827957 0.3905063291139241 0.4489247311827957 0.4208860759493671 0.42311827956989245 0.4208860759493671
3 0.4543010752688172 0.3905063291139241 0.4801075268817204 0.3905063291139241 0.4801075268817204 0.4310126582278481 0.4543010752688172 0.4310126582278481
0 0.4881720430107527 0.3905063291139241 0.5139784946236559 0.3905063291139241 0.5139784946236559 0.4310126582278481 0.4881720430107527 0.4310126582278481
37 0.5198924731182796 0.3905063291139241 0.5456989247311828 0.3905063291139241 0.5456989247311828 0.4215189873417722 0.5198924731182796 0.4215189873417722
2 0.5516129032258065 0.3905063291139241 0.5774193548387097 0.3905063291139241 0.5774193548387097 0.4310126582278481 0.5516129032258065 0.4310126582278481
0 0.5849462365591398 0.3905063291139241 0.6043010752688173 0.3905063291139241 0.6043010752688173 0.4316455696202532 0.5849462365591398 0.4316455696202532
2 0.610752688172043 0.3905063291139241 0.6301075268817204 0.3905063291139241 0.6301075268817204 0.4316455696202532 0.610752688172043 0.4316455696202532
5 0.6365591397849463 0.3905063291139241 0.6623655913978495 0.3905063291139241 0.6623655913978495 0.4310126582278481 0.6365591397849463 0.4310126582278481
11 0.25 0.43924050632911393 0.2693548387096774 0.43924050632911393 0.2693548387096774 0.48037974683544304 0.25 0.48037974683544304
32 0.2763440860215054 0.43924050632911393 0.30215053763440863 0.43924050632911393 0.30215053763440863 0.479746835443038 0.2763440860215054 0.479746835443038
18 0.30752688172043013 0.43924050632911393 0.32473118279569896 0.43924050632911393 0.32473118279569896 0.479746835443038 0.30752688172043013 0.479746835443038
36 0.3311827956989247 0.43924050632911393 0.3440860215053763 0.43924050632911393 0.3440860215053763 0.47025316455696203 0.3311827956989247 0.47025316455696203
0 0.34946236559139787 0.43924050632911393 0.3688172043010753 0.43924050632911393 0.3688172043010753 0.48037974683544304 0.34946236559139787 0.48037974683544304
7 0.3741935483870968 0.43924050632911393 0.3935483870967742 0.43924050632911393 0.3935483870967742 0.48037974683544304 0.3741935483870968 0.48037974683544304
37 0.3989247311827957 0.43924050632911393 0.42473118279569894 0.43924050632911393 0.42473118279569894 0.46962025316455697 0.3989247311827957 0.46962025316455697
1 0.43010752688172044 0.43924050632911393 0.44731182795698926 0.43924050632911393 0.44731182795698926 0.48037974683544304 0.43010752688172044 0.48037974683544304
8 0.45483870967741935 0.43924050632911393 0.47419354838709676 0.43924050632911393 0.47419354838709676 0.48037974683544304 0.45483870967741935 0.48037974683544304
37 0.482258064516129 0.43924050632911393 0.5080645161290323 0.43924050632911393 0.5080645161290323 0.46962025316455697 0.482258064516129 0.46962025316455697
2 0.5145161290322581 0.43924050632911393 0.5338709677419355 0.43924050632911393 0.5338709677419355 0.48037974683544304 0.5145161290322581 0.48037974683544304
0 0.539247311827957 0.43924050632911393 0.5650537634408602 0.43924050632911393 0.5650537634408602 0.479746835443038 0.539247311827957 0.479746835443038
2 0.5704301075268817 0.43924050632911393 0.5962365591397849 0.43924050632911393 0.5962365591397849 0.48037974683544304 0.5704301075268817 0.48037974683544304
5 0.6043010752688172 0.43924050632911393 0.6236559139784946 0.43924050632911393 0.6236559139784946 0.48037974683544304 0.6043010752688172 0.48037974683544304
