11 0.25 0.5348101265822784 0.27580645161290324 0.5348101265822784 0.27580645161290324 0.5753164556962025 0.25 0.5753164556962025
27 0.2833333333333333 0.5348101265822784 0.30268817204301074 0.5348101265822784 0.30268817204301074 0.5759493670886076 0.2833333333333333 0.5759493670886076
16 0.3096774193548387 0.5348101265822784 0.33548387096774196 0.5348101265822784 0.33548387096774196 0.5753164556962025 0.3096774193548387 0.5753164556962025
36 0.3424731182795699 0.5348101265822784 0.3553763440860215 0.5348101265822784 0.3553763440860215 0.5658227848101265 0.3424731182795699 0.5658227848101265
0 0.36129032258064514 0.5348101265822784 0.38064516129032255 0.5348101265822784 0.38064516129032255 0.5759493670886076 0.36129032258064514 0.5759493670886076
1 0.3870967741935484 0.5348101265822784 0.40053763440860213 0.5348101265822784 0.40053763440860213 0.5759493670886076 0.3870967741935484 0.5759493670886076
37 0.40591397849462363 0.5348101265822784 0.43172043010752686 0.5348101265822784 0.43172043010752686 0.5658227848101265 0.40591397849462363 0.5658227848101265
1 0.4397849462365591 0.5348101265822784 0.45698924731182794 0.5348101265822784 0.45698924731182794 0.5753164556962025 0.4397849462365591 0.5753164556962025
3 0.46236559139784944 0.5348101265822784 0.4881720430107527 0.5348101265822784 0.4881720430107527 0.5759493670886076 0.46236559139784944 0.5759493670886076
37 0.4946236559139785 0.5348101265822784 0.5204301075268817 0.5348101265822784 0.5204301075268817 0.5651898734177215 0.4946236559139785 0.5651898734177215
2 0.5263440860215054 0.5348101265822784 0.5521505376344086 0.5348101265822784 0.5521505376344086 0.5753164556962025 0.5263440860215054 0.5753164556962025
0 0.5602150537634408 0.5348101265822784 0.5795698924731183 0.5348101265822784 0.5795698924731183 0.5759493670886076 0.5602150537634408 0.5759493670886076
2 0.5865591397849462 0.5348101265822784 0.6123655913978494 0.5348101265822784 0.6123655913978494 0.5753164556962025 0.5865591397849462 0.5753164556962025
5 0.6193548387096774 0.5348101265822784 0.6451612903225806 0.5348101265822784 0.6451612903225806 0.5753164556962025 0.6193548387096774 0.5753164556962025
13 0.25 0.5835443037974684 0.2693548387096774 0.5835443037974684 0.2693548387096774 0.6246835443037975 0.25 0.6246835443037975
30 0.2763440860215054 0.5835443037974684 0.30215053763440863 0.5835443037974684 0.30215053763440863 0.6240506329113924 0.2763440860215054 0.6240506329113924
21 0.30806451612903224 0.5835443037974684 0.3338709677419355 0.5835443037974684 0.3338709677419355 0.6240506329113924 0.30806451612903224 0.6240506329113924
36 0.339247311827957 0.5835443037974684 0.35215053763440857 0.5835443037974684 0.35215053763440857 0.6145569620253164 0.339247311827957 0.6145569620253164
1 0.35913978494623655 0.5835443037974684 0.3763440860215054 0.5835443037974684 0.3763440860215054 0.6240506329113924 0.35913978494623655 0.6240506329113924
1 0.38333333333333336 0.5835443037974684 0.4005376344086022 0.5835443037974684 0.4005376344086022 0.6240506329113924 0.38333333333333336 0.6240506329113924
37 0.40591397849462363 0.5835443037974684 0.43172043010752686 0.5835443037974684 0.43172043010752686 0.6132911392405064 0.40591397849462363 0.6132911392405064
2 0.43870967741935485 0.5835443037974684 0.45806451612903226 0.5835443037974684 0.45806451612903226 0.6246835443037975 0.43870967741935485 0.6246835443037975
5 0.46344086021505376 0.5835443037974684 0.489247311827957 0.5835443037974684 0.489247311827957 0.6240506329113924 0.46344086021505376 0.6240506329113924
37 0.4962365591397849 0.5835443037974684 0.5220430107526881 0.5835443037974684 0.5220430107526881 0.6139240506329114 0.4962365591397849 0.6139240506329114
2 0.5295698924731183 0.5835443037974684 0.5553763440860214 0.5835443037974684 0.5553763440860214 0.6240506329113924 0.5295698924731183 0.6240506329113924
0 0.5612903225806452 0.5835443037974684 0.5870967741935483 0.5835443037974684 0.5870967741935483 0.6240506329113924 0.5612903225806452 0.6240506329113924
2 0.5924731182795699 0.5835443037974684 0.6118279569892474 0.5835443037974684 0.6118279569892474 0.6246835443037975 0.5924731182795699 0.6246835443037975
4 0.6193548387096774 0.5835443037974684 0.6387096774193549 0.5835443037974684 0.6387096774193549 0.6246835443037975 0.6193548387096774 0.6246835443037975
