29 0.25 0.4487341772151899 0.271505376344086 0.4487341772151899 0.271505376344086 0.4892405063291139 0.25 0.4892405063291139
33 0.27741935483870966 0.4487341772151899 0.2967741935483871 0.4487341772151899 0.2967741935483871 0.489873417721519 0.27741935483870966 0.489873417721519
12 0.30483870967741933 0.4487341772151899 0.32419354838709674 0.4487341772151899 0.32419354838709674 0.489873417721519 0.30483870967741933 0.489873417721519
36 0.3301075268817204 0.4487341772151899 0.3376344086021505 0.4487341772151899 0.3376344086021505 0.4753164556962025 0.3301075268817204 0.4753164556962025
0 0.3435483870967742 0.4487341772151899 0.3629032258064516 0.4487341772151899 0.3629032258064516 0.489873417721519 0.3435483870967742 0.489873417721519
1 0.3709677419354839 0.4487341772151899 0.3881720430107527 0.4487341772151899 0.3881720430107527 0.4892405063291139 0.3709677419354839 0.4892405063291139
37 0.3956989247311828 0.4487341772151899 0.421505376344086 0.4487341772151899 0.421505376344086 0.4791139240506329 0.3956989247311828 0.4791139240506329
2 0.4274193548387097 0.4487341772151899 0.4467741935483871 0.4487341772151899 0.4467741935483871 0.489873417721519 0.4274193548387097 0.489873417721519
8 0.4532258064516129 0.4487341772151899 0.47258064516129034 0.4487341772151899 0.47258064516129034 0.489873417721519 0.4532258064516129 0.489873417721519
37 0.47795698924731184 0.4487341772151899 0.5037634408602151 0.4487341772151899 0.5037634408602151 0.4791139240506329 0.47795698924731184 0.4791139240506329
2 0.5091397849462366 0.4487341772151899 0.5349462365591398 0.4487341772151899 0.5349462365591398 0.489873417721519 0.5091397849462366 0.489873417721519
0 0.5408602150537635 0.4487341772151899 0.5666666666666667 0.4487341772151899 0.5666666666666667 0.4892405063291139 0.5408602150537635 0.4892405063291139
2 0.5731182795698925 0.4487341772151899 0.5989247311827957 0.4487341772151899 0.5989247311827957 0.4892405063291139 0.5731182795698925 0.4892405063291139
5 0.6048387096774194 0.4487341772151899 0.6241935483870968 0.4487341772151899 0.6241935483870968 0.489873417721519 0.6048387096774194 0.489873417721519
31 0.25 0.49746835443037973 0.2693548387096774 0.49746835443037973 0.2693548387096774 0.5386075949367088 0.25 0.5386075949367088
12 0.2763440860215054 0.49746835443037973 0.30215053763440863 0.49746835443037973 0.30215053763440863 0.5386075949367088 0.2763440860215054 0.5386075949367088
28 0.30806451612903224 0.49746835443037973 0.32741935483870965 0.49746835443037973 0.32741935483870965 0.5386075949367088 0.30806451612903224 0.5386075949367088
36 0.3327956989247312 0.49746835443037973 0.34462365591397853 0.49746835443037973 0.34462365591397853 0.5278481012658228 0.3327956989247312 0.5278481012658228
0 0.3510752688172043 0.49746835443037973 0.3704301075268817 0.49746835443037973 0.3704301075268817 0.5386075949367088 0.3510752688172043 0.5386075949367088
8 0.37849462365591396 0.49746835443037973 0.4043010752688172 0.49746835443037973 0.4043010752688172 0.5386075949367088 0.37849462365591396 0.5386075949367088
37 0.410752688172043 0.49746835443037973 0.43655913978494626 0.49746835443037973 0.43655913978494626 0.5278481012658228 0.410752688172043 0.5278481012658228
1 0.443010752688172 0.49746835443037973 0.46021505376344085 0.49746835443037973 0.46021505376344085 0.5379746835443038 0.443010752688172 0.5379746835443038
5 0.4682795698924731 0.49746835443037973 0.49408602150537634 0.49746835443037973 0.49408602150537634 0.5379746835443038 0.4682795698924731 0.5379746835443038
37 0.5010752688172043 0.49746835443037973 0.5268817204301075 0.49746835443037973 0.5268817204301075 0.5284810126582278 0.5010752688172043 0.5284810126582278
2 0.5338709677419354 0.49746835443037973 0.5596774193548386 0.49746835443037973 0.5596774193548386 0.5379746835443038 0.5338709677419354 0.5379746835443038
0 0.5655913978494623 0.49746835443037973 0.5913978494623655 0.49746835443037973 0.5913978494623655 0.5379746835443038 0.5655913978494623 0.5379746835443038
2 0.5973118279569892 0.49746835443037973 0.6231182795698924 0.49746835443037973 0.6231182795698924 0.5386075949367088 0.5973118279569892 0.5386075949367088
5 0.628494623655914 0.49746835443037973 0.6478494623655915 0.49746835443037973 0.6478494623655915 0.5386075949367088 0.628494623655914 0.5386075949367088
