22 0.25 0.34240506329113923 0.2693548387096774 0.34240506329113923 0.2693548387096774 0.38354430379746834 0.25 0.38354430379746834
30 0.2752688172043011 0.34240506329113923 0.3010752688172043 0.34240506329113923 0.3010752688172043 0.3829113924050633 0.2752688172043011 0.3829113924050633
31 0.3086021505376344 0.34240506329113923 0.33440860215053764 0.34240506329113923 0.33440860215053764 0.3829113924050633 0.3086021505376344 0.3829113924050633
36 0.3419354838709677 0.34240506329113923 0.35376344086021505 0.34240506329113923 0.35376344086021505 0.37278481012658227 0.3419354838709677 0.37278481012658227
0 0.3618279569892473 0.34240506329113923 0.3811827956989247 0.34240506329113923 0.3811827956989247 0.38354430379746834 0.3618279569892473 0.38354430379746834
8 0.38870967741935486 0.34240506329113923 0.4145161290322581 0.34240506329113923 0.4145161290322581 0.3829113924050633 0.38870967741935486 0.3829113924050633
37 0.42258064516129035 0.34240506329113923 0.4483870967741936 0.34240506329113923 0.4483870967741936 0.37278481012658227 0.42258064516129035 0.37278481012658227
0 0.4559139784946237 0.34240506329113923 0.4817204301075269 0.34240506329113923 0.4817204301075269 0.3829113924050633 0.4559139784946237 0.3829113924050633
6 0.4870967741935484 0.34240506329113923 0.5129032258064516 0.34240506329113923 0.5129032258064516 0.3829113924050633 0.4870967741935484 0.3829113924050633
37 0.5204301075268817 0.34240506329113923 0.5462365591397849 0.34240506329113923 0.5462365591397849 0.37278481012658227 0.5204301075268817 0.37278481012658227
2 0.5532258064516129 0.34240506329113923 0.5790322580645161 0.34240506329113923 0.5790322580645161 0.38354430379746834 0.5532258064516129 0.38354430379746834
0 0.5870967741935483 0.34240506329113923 0.6129032258064515 0.34240506329113923 0.6129032258064515 0.3829113924050633 0.5870967741935483 0.3829113924050633
2 0.6188172043010752 0.34240506329113923 0.6381720430107527 0.34240506329113923 0.6381720430107527 0.38354430379746834 0.6188172043010752 0.38354430379746834
5 0.6451612903225806 0.34240506329113923 0.6709677419354838 0.34240506329113923 0.6709677419354838 0.3829113924050633 0.6451612903225806 0.3829113924050633
30 0.25 0.3911392405063291 0.2693548387096774 0.3911392405063291 0.2693548387096774 0.4322784810126582 0.25 0.4322784810126582
23 0.27580645161290324 0.3911392405063291 0.3016129032258065 0.3911392405063291 0.3016129032258065 0.4322784810126582 0.27580645161290324 0.4322784810126582
33 0.306989247311828 0.3911392405063291 0.3263440860215054 0.3911392405063291 0.3263440860215054 0.4322784810126582 0.306989247311828 0.4322784810126582
36 0.3333333333333333 0.3911392405063291 0.3462365591397849 0.3911392405063291 0.3462365591397849 0.4215189873417721 0.3333333333333333 0.4215189873417721
0 0.35376344086021505 0.3911392405063291 0.3795698924731183 0.3911392405063291 0.3795698924731183 0.43164556962025313 0.35376344086021505 0.43164556962025313
3 0.3860215053763441 0.3911392405063291 0.41182795698924735 0.3911392405063291 0.41182795698924735 0.43164556962025313 0.3860215053763441 0.43164556962025313
37 0.4188172043010753 0.3911392405063291 0.4446236559139785 0.3911392405063291 0.4446236559139785 0.4215189873417721 0.4188172043010753 0.4215189873417721
0 0.4521505376344086 0.3911392405063291 0.47795698924731184 0.3911392405063291 0.47795698924731184 0.43164556962025313 0.4521505376344086 0.43164556962025313
5 0.4838709677419355 0.3911392405063291 0.503225806451613 0.3911392405063291 0.503225806451613 0.4322784810126582 0.4838709677419355 0.4322784810126582
37 0.5112903225806451 0.3911392405063291 0.5370967741935483 0.3911392405063291 0.5370967741935483 0.4215189873417721 0.5112903225806451 0.4215189873417721
2 0.5424731182795699 0.3911392405063291 0.5618279569892474 0.3911392405063291 0.5618279569892474 0.4322784810126582 0.5424731182795699 0.4322784810126582
0 0.567741935483871 0.3911392405063291 0.5935483870967742 0.3911392405063291 0.5935483870967742 0.43164556962025313 0.567741935483871 0.43164556962025313
2 0.6010752688172043 0.3911392405063291 0.6204301075268818 0.3911392405063291 0.6204301075268818 0.4322784810126582 0.6010752688172043 0.4322784810126582
5 0.6258064516129033 0.3911392405063291 0.6451612903225807 0.3911392405063291 0.6451612903225807 0.4322784810126582 0.6258064516129033 0.4322784810126582
