20 0.25 0.36835443037974686 0.2693548387096774 0.36835443037974686 0.2693548387096774 0.40949367088607597 0.25 0.40949367088607597
19 0.27580645161290324 0.36835443037974686 0.3016129032258065 0.36835443037974686 0.3016129032258065 0.40949367088607597 0.27580645161290324 0.40949367088607597
19 0.30806451612903224 0.36835443037974686 0.3338709677419355 0.36835443037974686 0.3338709677419355 0.4088607594936709 0.30806451612903224 0.4088607594936709
36 0.34139784946236557 0.36835443037974686 0.35430107526881716 0.36835443037974686 0.35430107526881716 0.3987341772151899 0.34139784946236557 0.3987341772151899
0 0.36236559139784946 0.36835443037974686 0.3881720430107527 0.36835443037974686 0.3881720430107527 0.4088607594936709 0.36236559139784946 0.4088607594936709
8 0.3935483870967742 0.36835443037974686 0.4129032258064516 0.36835443037974686 0.4129032258064516 0.40949367088607597 0.3935483870967742 0.40949367088607597
37 0.4204301075268817 0.36835443037974686 0.44623655913978494 0.36835443037974686 0.44623655913978494 0.39936708860759496 0.4204301075268817 0.39936708860759496
1 0.4521505376344086 0.36835443037974686 0.4693548387096774 0.36835443037974686 0.4693548387096774 0.4088607594936709 0.4521505376344086 0.4088607594936709
1 0.47580645161290325 0.36835443037974686 0.48870967741935484 0.36835443037974686 0.48870967741935484 0.40949367088607597 0.47580645161290325 0.40949367088607597
37 0.4967741935483871 0.36835443037974686 0.5225806451612903 0.36835443037974686 0.5225806451612903 0.3987341772151899 0.4967741935483871 0.3987341772151899
2 0.5306451612903226 0.36835443037974686 0.5564516129032258 0.36835443037974686 0.5564516129032258 0.4088607594936709 0.5306451612903226 0.4088607594936709
0 0.5623655913978495 0.36835443037974686 0.5881720430107527 0.36835443037974686 0.5881720430107527 0.4088607594936709 0.5623655913978495 0.4088607594936709
2 0.5956989247311828 0.36835443037974686 0.6150537634408603 0.36835443037974686 0.6150537634408603 0.40949367088607597 0.5956989247311828 0.40949367088607597
5 0.6209677419354839 0.36835443037974686 0.6403225806451613 0.36835443037974686 0.6403225806451613 0.40949367088607597 0.6209677419354839 0.40949367088607597
24 0.25 0.4170886075949367 0.27580645161290324 0.4170886075949367 0.27580645161290324 0.45759493670886076 0.25 0.45759493670886076
19 0.28279569892473116 0.4170886075949367 0.3021505376344086 0.4170886075949367 0.3021505376344086 0.4582278481012658 0.28279569892473116 0.4582278481012658
16 0.3086021505376344 0.4170886075949367 0.33440860215053764 0.4170886075949367 0.33440860215053764 0.45759493670886076 0.3086021505376344 0.45759493670886076
36 0.3403225806451613 0.4170886075949367 0.3532258064516129 0.4170886075949367 0.3532258064516129 0.44746835443037974 0.3403225806451613 0.44746835443037974
0 0.35913978494623655 0.4170886075949367 0.3849462365591398 0.4170886075949367 0.3849462365591398 0.45759493670886076 0.35913978494623655 0.45759493670886076
5 0.3903225806451613 0.4170886075949367 0.4096774193548387 0.4170886075949367 0.4096774193548387 0.4582278481012658 0.3903225806451613 0.4582278481012658
37 0.4172043010752688 0.4170886075949367 0.443010752688172 0.4170886075949367 0.443010752688172 0.44746835443037974 0.4172043010752688 0.44746835443037974
2 0.4510752688172043 0.4170886075949367 0.4768817204301075 0.4170886075949367 0.4768817204301075 0.45759493670886076 0.4510752688172043 0.45759493670886076
3 0.48494623655913977 0.4170886075949367 0.510752688172043 0.4170886075949367 0.510752688172043 0.45759493670886076 0.48494623655913977 0.45759493670886076
37 0.5177419354838709 0.4170886075949367 0.5435483870967741 0.4170886075949367 0.5435483870967741 0.4481012658227848 0.5177419354838709 0.4481012658227848
2 0.5489247311827957 0.4170886075949367 0.5682795698924732 0.4170886075949367 0.5682795698924732 0.4582278481012658 0.5489247311827957 0.4582278481012658
0 0.5758064516129032 0.4170886075949367 0.5951612903225807 0.4170886075949367 0.5951612903225807 0.4582278481012658 0.5758064516129032 0.4582278481012658
2 0.6016129032258064 0.4170886075949367 0.6274193548387096 0.4170886075949367 0.6274193548387096 0.45759493670886076 0.6016129032258064 0.45759493670886076
5 0.635483870967742 0.4170886075949367 0.6612903225806451 0.4170886075949367 0.6612903225806451 0.45759493670886076 0.635483870967742 0.45759493670886076
