28 0.25 0.6651898734177215 0.2693548387096774 0.6651898734177215 0.2693548387096774 0.7063291139240506 0.25 0.7063291139240506
21 0.2763440860215054 0.6651898734177215 0.2956989247311828 0.6651898734177215 0.2956989247311828 0.7063291139240506 0.2763440860215054 0.7063291139240506
10 0.30268817204301074 0.6651898734177215 0.32204301075268815 0.6651898734177215 0.32204301075268815 0.7063291139240506 0.30268817204301074 0.7063291139240506
36 0.3279569892473118 0.6651898734177215 0.33978494623655914 0.6651898734177215 0.33978494623655914 0.6955696202531646 0.3279569892473118 0.6955696202531646
0 0.3478494623655914 0.6651898734177215 0.3736559139784946 0.6651898734177215 0.3736559139784946 0.7063291139240506 0.3478494623655914 0.7063291139240506
2 0.3790322580645161 0.6651898734177215 0.40483870967741936 0.6651898734177215 0.40483870967741936 0.7056962025316456 0.3790322580645161 0.7056962025316456
37 0.41021505376344086 0.6651898734177215 0.4360215053763441 0.6651898734177215 0.4360215053763441 0.6949367088607595 0.41021505376344086 0.6949367088607595
0 0.44247311827956987 0.6651898734177215 0.4682795698924731 0.6651898734177215 0.4682795698924731 0.7056962025316456 0.44247311827956987 0.7056962025316456
6 0.47419354838709676 0.6651898734177215 0.5 0.6651898734177215 0.5 0.7056962025316456 0.47419354838709676 0.7056962025316456
37 0.5075268817204301 0.6651898734177215 0.5333333333333333 0.6651898734177215 0.5333333333333333 0.6955696202531646 0.5075268817204301 0.6955696202531646
2 0.5397849462365591 0.6651898734177215 0.5591397849462366 0.6651898734177215 0.5591397849462366 0.7063291139240506 0.5397849462365591 0.7063291139240506
0 0.5661290322580645 0.6651898734177215 0.585483870967742 0.6651898734177215 0.585483870967742 0.7063291139240506 0.5661290322580645 0.7063291139240506
2 0.5924731182795699 0.6651898734177215 0.6118279569892474 0.6651898734177215 0.6118279569892474 0.7063291139240506 0.5924731182795699 0.7063291139240506
5 0.6188172043010752 0.6651898734177215 0.6381720430107527 0.6651898734177215 0.6381720430107527 0.7063291139240506 0.6188172043010752 0.7063291139240506
18 0.25 0.7139240506329114 0.2672043010752688 0.7139240506329114 0.2672043010752688 0.7544303797468355 0.25 0.7544303797468355
10 0.2747311827956989 0.7139240506329114 0.30053763440860215 0.7139240506329114 0.30053763440860215 0.7544303797468355 0.2747311827956989 0.7544303797468355
20 0.30752688172043013 0.7139240506329114 0.33333333333333337 0.7139240506329114 0.33333333333333337 0.7544303797468355 0.30752688172043013 0.7544303797468355
36 0.34086021505376346 0.7139240506329114 0.3526881720430108 0.7139240506329114 0.3526881720430108 0.7443037974683545 0.34086021505376346 0.7443037974683545
0 0.35913978494623655 0.7139240506329114 0.3849462365591398 0.7139240506329114 0.3849462365591398 0.7544303797468355 0.35913978494623655 0.7544303797468355
9 0.3903225806451613 0.7139240506329114 0.4096774193548387 0.7139240506329114 0.4096774193548387 0.7550632911392405 0.3903225806451613 0.7550632911392405
37 0.4161290322580645 0.7139240506329114 0.44193548387096776 0.7139240506329114 0.44193548387096776 0.7443037974683545 0.4161290322580645 0.7443037974683545
2 0.4483870967741935 0.7139240506329114 0.47419354838709676 0.7139240506329114 0.47419354838709676 0.7544303797468355 0.4483870967741935 0.7544303797468355
8 0.4806451612903226 0.7139240506329114 0.5064516129032258 0.7139240506329114 0.5064516129032258 0.7544303797468355 0.4806451612903226 0.7544303797468355
37 0.513978494623656 0.7139240506329114 0.5397849462365591 0.7139240506329114 0.5397849462365591 0.7443037974683545 0.513978494623656 0.7443037974683545
2 0.5478494623655914 0.7139240506329114 0.5736559139784946 0.7139240506329114 0.5736559139784946 0.7544303797468355 0.5478494623655914 0.7544303797468355
0 0.5801075268817204 0.7139240506329114 0.5994623655913979 0.7139240506329114 0.5994623655913979 0.7550632911392405 0.5801075268817204 0.7550632911392405
2 0.6064516129032258 0.7139240506329114 0.632258064516129 0.7139240506329114 0.632258064516129 0.7550632911392405 0.6064516129032258 0.7550632911392405
5 0.639247311827957 0.7139240506329114 0.6650537634408602 0.7139240506329114 0.6650537634408602 0.7544303797468355 0.639247311827957 0.7544303797468355
