27 0.25 0.42658227848101266 0.27580645161290324 0.42658227848101266 0.27580645161290324 0.4670886075949367 0.25 0.4670886075949367
16 0.28225806451612906 0.42658227848101266 0.3080645161290323 0.42658227848101266 0.3080645161290323 0.4670886075949367 0.28225806451612906 0.4670886075949367
31 0.3155913978494624 0.42658227848101266 0.3413978494623656 0.42658227848101266 0.3413978494623656 0.4670886075949367 0.3155913978494624 0.4670886075949367
36 0.3478494623655914 0.42658227848101266 0.3596774193548387 0.42658227848101266 0.3596774193548387 0.4569620253164557 0.3478494623655914 0.4569620253164557
0 0.3672043010752688 0.42658227848101266 0.39301075268817204 0.42658227848101266 0.39301075268817204 0.4670886075949367 0.3672043010752688 0.4670886075949367
6 0.39838709677419354 0.42658227848101266 0.41774193548387095 0.42658227848101266 0.41774193548387095 0.46772151898734177 0.39838709677419354 0.46772151898734177
37 0.4241935483870968 0.42658227848101266 0.45 0.42658227848101266 0.45 0.4569620253164557 0.4241935483870968 0.4569620253164557
2 0.45645161290322583 0.42658227848101266 0.48225806451612907 0.42658227848101266 0.48225806451612907 0.4670886075949367 0.45645161290322583 0.4670886075949367
0 0.489247311827957 0.42658227848101266 0.5150537634408602 0.42658227848101266 0.5150537634408602 0.46772151898734177 0.489247311827957 0.46772151898734177
37 0.5225806451612903 0.42658227848101266 0.5483870967741935 0.42658227848101266 0.5483870967741935 0.4569620253164557 0.5225806451612903 0.4569620253164557
2 0.5564516129032258 0.42658227848101266 0.5758064516129032 0.42658227848101266 0.5758064516129032 0.46772151898734177 0.5564516129032258 0.46772151898734177
0 0.5838709677419355 0.42658227848101266 0.6096774193548387 0.42658227848101266 0.6096774193548387 0.4670886075949367 0.5838709677419355 0.4670886075949367
2 0.617741935483871 0.42658227848101266 0.6435483870967742 0.42658227848101266 0.6435483870967742 0.46772151898734177 0.617741935483871 0.46772151898734177
5 0.6505376344086021 0.42658227848101266 0.6698924731182796 0.42658227848101266 0.6698924731182796 0.46772151898734177 0.6505376344086021 0.46772151898734177
21 0.25 0.4753164556962025 0.2693548387096774 0.4753164556962025 0.2693548387096774 0.5164556962025316 0.25 0.5164556962025316
25 0.27580645161290324 0.4753164556962025 0.29516129032258065 0.4753164556962025 0.29516129032258065 0.5164556962025316 0.27580645161290324 0.5164556962025316
16 0.30053763440860215 0.4753164556962025 0.3263440860215054 0.4753164556962025 0.3263440860215054 0.5158227848101266 0.30053763440860215 0.5158227848101266
36 0.3333333333333333 0.4753164556962025 0.34516129032258064 0.4753164556962025 0.34516129032258064 0.5063291139240507 0.3333333333333333 0.5063291139240507
0 0.35053763440860214 0.4753164556962025 0.3763440860215054 0.4753164556962025 0.3763440860215054 0.5158227848101266 0.35053763440860214 0.5158227848101266
7 0.3827956989247312 0.4753164556962025 0.40860215053763443 0.4753164556962025 0.40860215053763443 0.5164556962025316 0.3827956989247312 0.5164556962025316
37 0.4166666666666667 0.4753164556962025 0.4424731182795699 0.4753164556962025 0.4424731182795699 0.5063291139240507 0.4166666666666667 0.5063291139240507
0 0.4505376344086022 0.4753164556962025 0.4763440860215054 0.4753164556962025 0.4763440860215054 0.5164556962025316 0.4505376344086022 0.5164556962025316
9 0.4827956989247312 0.4753164556962025 0.5086021505376344 0.4753164556962025 0.5086021505376344 0.5158227848101266 0.4827956989247312 0.5158227848101266
37 0.513978494623656 0.4753164556962025 0.5397849462365591 0.4753164556962025 0.5397849462365591 0.5056962025316456 0.513978494623656 0.5056962025316456
2 0.5467741935483871 0.4753164556962025 0.5725806451612903 0.4753164556962025 0.5725806451612903 0.5164556962025316 0.5467741935483871 0.5164556962025316
0 0.5790322580645161 0.4753164556962025 0.6048387096774193 0.4753164556962025 0.6048387096774193 0.5158227848101266 0.5790322580645161 0.5158227848101266
2 0.6102150537634409 0.4753164556962025 0.6295698924731183 0.4753164556962025 0.6295698924731183 0.5164556962025316 0.6102150537634409 0.5164556962025316
5 0.635483870967742 0.4753164556962025 0.6548387096774194 0.4753164556962025 0.6548387096774194 0.5164556962025316 0.635483870967742 0.5164556962025316
