11 0.25 0.45126582278481014 0.27580645161290324 0.45126582278481014 0.27580645161290324 0.4917721518987342 0.25 0.4917721518987342
20 0.2817204301075269 0.45126582278481014 0.3010752688172043 0.45126582278481014 0.3010752688172043 0.49240506329113926 0.2817204301075269 0.49240506329113926
10 0.30913978494623656 0.45126582278481014 0.3349462365591398 0.45126582278481014 0.3349462365591398 0.49240506329113926 0.30913978494623656 0.49240506329113926
36 0.3419354838709677 0.45126582278481014 0.3548387096774193 0.45126582278481014 0.3548387096774193 0.4816455696202532 0.3419354838709677 0.4816455696202532
0 0.3629032258064516 0.45126582278481014 0.38870967741935486 0.45126582278481014 0.38870967741935486 0.4917721518987342 0.3629032258064516 0.4917721518987342
5 0.3956989247311828 0.45126582278481014 0.4150537634408602 0.45126582278481014 0.4150537634408602 0.49240506329113926 0.3956989247311828 0.49240506329113926
37 0.42096774193548386 0.45126582278481014 0.4467741935483871 0.45126582278481014 0.4467741935483871 0.4816455696202532 0.42096774193548386 0.4816455696202532
1 0.4543010752688172 0.45126582278481014 0.4672043010752688 0.45126582278481014 0.4672043010752688 0.49240506329113926 0.4543010752688172 0.49240506329113926
8 0.4731182795698925 0.45126582278481014 0.49892473118279573 0.45126582278481014 0.49892473118279573 0.4917721518987342 0.4731182795698925 0.4917721518987342
37 0.5053763440860215 0.45126582278481014 0.5311827956989247 0.45126582278481014 0.5311827956989247 0.48227848101265824 0.5053763440860215 0.48227848101265824
2 0.539247311827957 0.45126582278481014 0.5586021505376345 0.45126582278481014 0.5586021505376345 0.49240506329113926 0.539247311827957 0.49240506329113926
0 0.5645161290322581 0.45126582278481014 0.5838709677419356 0.45126582278481014 0.5838709677419356 0.49240506329113926 0.5645161290322581 0.49240506329113926
2 0.5903225806451613 0.45126582278481014 0.6161290322580645 0.45126582278481014 0.6161290322580645 0.4917721518987342 0.5903225806451613 0.4917721518987342
5 0.6236559139784946 0.45126582278481014 0.6430107526881721 0.45126582278481014 0.6430107526881721 0.49240506329113926 0.6236559139784946 0.49240506329113926
26 0.25 0.5 0.27580645161290324 0.5 0.27580645161290324 0.540506329113924 0.25 0.540506329113924
23 0.2838709677419355 0.5 0.3096774193548387 0.5 0.3096774193548387 0.540506329113924 0.2838709677419355 0.540506329113924
20 0.3172043010752688 0.5 0.34301075268817205 0.5 0.34301075268817205 0.540506329113924 0.3172043010752688 0.540506329113924
36 0.35 0.5 0.35752688172043007 0.5 0.35752688172043007 0.5253164556962026 0.35 0.5253164556962026
1 0.3639784946236559 0.5 0.3768817204301075 0.5 0.3768817204301075 0.5411392405063291 0.3639784946236559 0.5411392405063291
0 0.38387096774193546 0.5 0.4032258064516129 0.5 0.4032258064516129 0.5411392405063291 0.38387096774193546 0.5411392405063291
37 0.40913978494623654 0.5 0.4349462365591398 0.5 0.4349462365591398 0.531012658227848 0.40913978494623654 0.531012658227848
2 0.4413978494623656 0.5 0.46720430107526884 0.5 0.46720430107526884 0.540506329113924 0.4413978494623656 0.540506329113924
4 0.4731182795698925 0.5 0.49892473118279573 0.5 0.49892473118279573 0.540506329113924 0.4731182795698925 0.540506329113924
37 0.5043010752688172 0.5 0.5301075268817204 0.5 0.5301075268817204 0.529746835443038 0.5043010752688172 0.529746835443038
2 0.5365591397849462 0.5 0.5623655913978494 0.5 0.5623655913978494 0.5411392405063291 0.5365591397849462 0.5411392405063291
0 0.5693548387096774 0.5 0.5951612903225806 0.5 0.5951612903225806 0.5411392405063291 0.5693548387096774 0.5411392405063291
2 0.6026881720430107 0.5 0.6284946236559139 0.5 0.6284946236559139 0.5411392405063291 0.6026881720430107 0.5411392405063291
5 0.6365591397849463 0.5 0.6623655913978495 0.5 0.6623655913978495 0.5411392405063291 0.6365591397849463 0.5411392405063291
