35 0.25 0.6088607594936709 0.27580645161290324 0.6088607594936709 0.27580645161290324 0.649367088607595 0.25 0.649367088607595
31 0.2817204301075269 0.6088607594936709 0.3010752688172043 0.6088607594936709 0.3010752688172043 0.65 0.2817204301075269 0.65
16 0.3086021505376344 0.6088607594936709 0.33440860215053764 0.6088607594936709 0.33440860215053764 0.649367088607595 0.3086021505376344 0.649367088607595
36 0.3403225806451613 0.6088607594936709 0.3532258064516129 0.6088607594936709 0.3532258064516129 0.639240506329114 0.3403225806451613 0.639240506329114
0 0.3602150537634409 0.6088607594936709 0.3860215053763441 0.6088607594936709 0.3860215053763441 0.649367088607595 0.3602150537634409 0.649367088607595
7 0.39301075268817204 0.6088607594936709 0.41236559139784945 0.6088607594936709 0.41236559139784945 0.65 0.39301075268817204 0.65
37 0.4188172043010753 0.6088607594936709 0.4446236559139785 0.6088607594936709 0.4446236559139785 0.639240506329114 0.4188172043010753 0.639240506329114
1 0.45161290322580644 0.6088607594936709 0.46881720430107526 0.6088607594936709 0.46881720430107526 0.649367088607595 0.45161290322580644 0.649367088607595
7 0.47634408602150535 0.6088607594936709 0.5021505376344085 0.6088607594936709 0.5021505376344085 0.649367088607595 0.47634408602150535 0.649367088607595
37 0.5075268817204301 0.6088607594936709 0.5333333333333333 0.6088607594936709 0.5333333333333333 0.639240506329114 0.5075268817204301 0.639240506329114
2 0.5413978494623656 0.6088607594936709 0.5672043010752688 0.6088607594936709 0.5672043010752688 0.649367088607595 0.5413978494623656 0.649367088607595
0 0.5747311827956989 0.6088607594936709 0.5940860215053764 0.6088607594936709 0.5940860215053764 0.65 0.5747311827956989 0.65
2 0.6021505376344086 0.6088607594936709 0.6279569892473118 0.6088607594936709 0.6279569892473118 0.65 0.6021505376344086 0.65
5 0.6349462365591397 0.6088607594936709 0.6607526881720429 0.6088607594936709 0.6607526881720429 0.65 0.6349462365591397 0.65
11 0.25 0.6575949367088607 0.2693548387096774 0.6575949367088607 0.2693548387096774 0.6987341772151898 0.25 0.6987341772151898
20 0.2752688172043011 0.6575949367088607 0.3010752688172043 0.6575949367088607 0.3010752688172043 0.6981012658227848 0.2752688172043011 0.6981012658227848
12 0.30913978494623656 0.6575949367088607 0.3349462365591398 0.6575949367088607 0.3349462365591398 0.6981012658227848 0.30913978494623656 0.6981012658227848
36 0.3424731182795699 0.6575949367088607 0.3489247311827957 0.6575949367088607 0.3489247311827957 0.6835443037974683 0.3424731182795699 0.6835443037974683
1 0.35591397849462364 0.6575949367088607 0.37311827956989246 0.6575949367088607 0.37311827956989246 0.6981012658227848 0.35591397849462364 0.6981012658227848
2 0.3790322580645161 0.6575949367088607 0.40483870967741936 0.6575949367088607 0.40483870967741936 0.6981012658227848 0.3790322580645161 0.6981012658227848
37 0.4112903225806452 0.6575949367088607 0.4370967741935484 0.6575949367088607 0.4370967741935484 0.6879746835443038 0.4112903225806452 0.6879746835443038
0 0.44516129032258067 0.6575949367088607 0.4645161290322581 0.6575949367088607 0.4645161290322581 0.6987341772151898 0.44516129032258067 0.6987341772151898
7 0.47043010752688175 0.6575949367088607 0.496236559139785 0.6575949367088607 0.496236559139785 0.6981012658227848 0.47043010752688175 0.6981012658227848
37 0.5037634408602151 0.6575949367088607 0.5295698924731183 0.6575949367088607 0.5295698924731183 0.6879746835443038 0.5037634408602151 0.6879746835443038
2 0.5376344086021505 0.6575949367088607 0.5634408602150537 0.6575949367088607 0.5634408602150537 0.6981012658227848 0.5376344086021505 0.6981012658227848
0 0.5688172043010753 0.6575949367088607 0.5946236559139785 0.6575949367088607 0.5946236559139785 0.6981012658227848 0.5688172043010753 0.6981012658227848
2 0.6026881720430107 0.6575949367088607 0.6220430107526882 0.6575949367088607 0.6220430107526882 0.6987341772151898 0.6026881720430107 0.6987341772151898
4 0.6274193548387097 0.6575949367088607 0.6532258064516129 0.6575949367088607 0.6532258064516129 0.6981012658227848 0.6274193548387097 0.6981012658227848
