33 0.25 0.5069620253164557 0.27580645161290324 0.5069620253164557 0.27580645161290324 0.5474683544303798 0.25 0.5474683544303798
10 0.28279569892473116 0.5069620253164557 0.3086021505376344 0.5069620253164557 0.3086021505376344 0.5474683544303798 0.28279569892473116 0.5474683544303798
17 0.3155913978494624 0.5069620253164557 0.3413978494623656 0.5069620253164557 0.3413978494623656 0.5474683544303798 0.3155913978494624 0.5474683544303798
36 0.3467741935483871 0.5069620253164557 0.3596774193548387 0.5069620253164557 0.3596774193548387 0.5373417721518988 0.3467741935483871 0.5373417721518988
0 0.36774193548387096 0.5069620253164557 0.3935483870967742 0.5069620253164557 0.3935483870967742 0.5474683544303798 0.36774193548387096 0.5474683544303798
3 0.40053763440860213 0.5069620253164557 0.42634408602150536 0.5069620253164557 0.42634408602150536 0.5474683544303798 0.40053763440860213 0.5474683544303798
37 0.43172043010752686 0.5069620253164557 0.4575268817204301 0.5069620253164557 0.4575268817204301 0.5373417721518988 0.43172043010752686 0.5373417721518988
0 0.4650537634408602 0.5069620253164557 0.4908602150537634 0.5069620253164557 0.4908602150537634 0.5474683544303798 0.4650537634408602 0.5474683544303798
1 0.49838709677419357 0.5069620253164557 0.5112903225806452 0.5069620253164557 0.5112903225806452 0.5481012658227848 0.49838709677419357 0.5481012658227848
37 0.5188172043010753 0.5069620253164557 0.5446236559139784 0.5069620253164557 0.5446236559139784 0.5373417721518988 0.5188172043010753 0.5373417721518988
2 0.5516129032258065 0.5069620253164557 0.5709677419354839 0.5069620253164557 0.5709677419354839 0.5481012658227848 0.5516129032258065 0.5481012658227848
0 0.5763440860215053 0.5069620253164557 0.5956989247311828 0.5069620253164557 0.5956989247311828 0.5481012658227848 0.5763440860215053 0.5481012658227848
2 0.6026881720430107 0.5069620253164557 0.6284946236559139 0.5069620253164557 0.6284946236559139 0.5481012658227848 0.6026881720430107 0.5481012658227848
5 0.6349462365591397 0.5069620253164557 0.6607526881720429 0.5069620253164557 0.6607526881720429 0.5474683544303798 0.6349462365591397 0.5474683544303798
27 0.25 0.5556962025316455 0.27580645161290324 0.5556962025316455 0.27580645161290324 0.5962025316455696 0.25 0.5962025316455696
17 0.28279569892473116 0.5556962025316455 0.3086021505376344 0.5556962025316455 0.3086021505376344 0.5962025316455696 0.28279569892473116 0.5962025316455696
28 0.3155913978494624 0.5556962025316455 0.3413978494623656 0.5556962025316455 0.3413978494623656 0.5962025316455696 0.3155913978494624 0.5962025316455696
36 0.3473118279569892 0.5556962025316455 0.35913978494623655 0.5556962025316455 0.35913978494623655 0.5860759493670886 0.3473118279569892 0.5860759493670886
1 0.36451612903225805 0.5556962025316455 0.3817204301075269 0.5556962025316455 0.3817204301075269 0.5962025316455696 0.36451612903225805 0.5962025316455696
1 0.3897849462365591 0.5556962025316455 0.40698924731182795 0.5556962025316455 0.40698924731182795 0.5962025316455696 0.3897849462365591 0.5962025316455696
37 0.4129032258064516 0.5556962025316455 0.43870967741935485 0.5556962025316455 0.43870967741935485 0.5867088607594937 0.4129032258064516 0.5867088607594937
2 0.4467741935483871 0.5556962025316455 0.4661290322580645 0.5556962025316455 0.4661290322580645 0.5968354430379746 0.4467741935483871 0.5968354430379746
5 0.47419354838709676 0.5556962025316455 0.5 0.5556962025316455 0.5 0.5962025316455696 0.47419354838709676 0.5962025316455696
37 0.5075268817204301 0.5556962025316455 0.5333333333333333 0.5556962025316455 0.5333333333333333 0.5860759493670886 0.5075268817204301 0.5860759493670886
2 0.5397849462365591 0.5556962025316455 0.5655913978494623 0.5556962025316455 0.5655913978494623 0.5968354430379746 0.5397849462365591 0.5968354430379746
0 0.571505376344086 0.5556962025316455 0.5908602150537635 0.5556962025316455 0.5908602150537635 0.5968354430379746 0.571505376344086 0.5968354430379746
2 0.5983870967741935 0.5556962025316455 0.617741935483871 0.5556962025316455 0.617741935483871 0.5968354430379746 0.5983870967741935 0.5968354430379746
4 0.624731182795699 0.5556962025316455 0.6440860215053764 0.5556962025316455 0.6440860215053764 0.5968354430379746 0.624731182795699 0.5968354430379746
