10 0.25 0.5170886075949367 0.27580645161290324 0.5170886075949367 0.27580645161290324 0.5575949367088607 0.25 0.5575949367088607
12 0.28225806451612906 0.5170886075949367 0.3016129032258065 0.5170886075949367 0.3016129032258065 0.5582278481012658 0.28225806451612906 0.5582278481012658
24 0.3086021505376344 0.5170886075949367 0.33440860215053764 0.5170886075949367 0.33440860215053764 0.5575949367088607 0.3086021505376344 0.5575949367088607
36 0.34086021505376346 0.5170886075949367 0.3526881720430108 0.5170886075949367 0.3526881720430108 0.5474683544303798 0.34086021505376346 0.5474683544303798
0 0.36075268817204303 0.5170886075949367 0.38655913978494627 0.5170886075949367 0.38655913978494627 0.5575949367088607 0.36075268817204303 0.5575949367088607
5 0.3946236559139785 0.5170886075949367 0.41397849462365593 0.5170886075949367 0.41397849462365593 0.5582278481012658 0.3946236559139785 0.5582278481012658
37 0.42096774193548386 0.5170886075949367 0.4467741935483871 0.5170886075949367 0.4467741935483871 0.5481012658227848 0.42096774193548386 0.5481012658227848
2 0.45483870967741935 0.5170886075949367 0.4806451612903226 0.5170886075949367 0.4806451612903226 0.5582278481012658 0.45483870967741935 0.5582278481012658
0 0.4876344086021505 0.5170886075949367 0.5134408602150538 0.5170886075949367 0.5134408602150538 0.5575949367088607 0.4876344086021505 0.5575949367088607
37 0.5188172043010753 0.5170886075949367 0.5446236559139784 0.5170886075949367 0.5446236559139784 0.5481012658227848 0.5188172043010753 0.5481012658227848
2 0.5526881720430108 0.5170886075949367 0.578494623655914 0.5170886075949367 0.578494623655914 0.5575949367088607 0.5526881720430108 0.5575949367088607
0 0.5849462365591398 0.5170886075949367 0.610752688172043 0.5170886075949367 0.610752688172043 0.5575949367088607 0.5849462365591398 0.5575949367088607
2 0.6182795698924731 0.5170886075949367 0.6440860215053763 0.5170886075949367 0.6440860215053763 0.5575949367088607 0.6182795698924731 0.5575949367088607
5 0.6516129032258065 0.5170886075949367 0.6774193548387096 0.5170886075949367 0.6774193548387096 0.5575949367088607 0.6516129032258065 0.5575949367088607
10 0.25 0.5658227848101266 0.27580645161290324 0.5658227848101266 0.27580645161290324 0.6063291139240506 0.25 0.6063291139240506
25 0.28279569892473116 0.5658227848101266 0.3086021505376344 0.5658227848101266 0.3086021505376344 0.6063291139240506 0.28279569892473116 0.6063291139240506
20 0.31451612903225806 0.5658227848101266 0.3403225806451613 0.5658227848101266 0.3403225806451613 0.6063291139240506 0.31451612903225806 0.6063291139240506
36 0.34623655913978496 0.5658227848101266 0.35376344086021505 0.5658227848101266 0.35376344086021505 0.5924050632911393 0.34623655913978496 0.5924050632911393
0 0.36129032258064514 0.5658227848101266 0.38064516129032255 0.5658227848101266 0.38064516129032255 0.6069620253164557 0.36129032258064514 0.6069620253164557
9 0.3860215053763441 0.5658227848101266 0.41182795698924735 0.5658227848101266 0.41182795698924735 0.6063291139240506 0.3860215053763441 0.6063291139240506
37 0.41774193548387095 0.5658227848101266 0.4435483870967742 0.5658227848101266 0.4435483870967742 0.5962025316455697 0.41774193548387095 0.5962025316455697
2 0.44946236559139785 0.5658227848101266 0.4752688172043011 0.5658227848101266 0.4752688172043011 0.6063291139240506 0.44946236559139785 0.6063291139240506
5 0.48118279569892475 0.5658227848101266 0.5005376344086022 0.5658227848101266 0.5005376344086022 0.6069620253164557 0.48118279569892475 0.6069620253164557
37 0.5080645161290323 0.5658227848101266 0.5338709677419354 0.5658227848101266 0.5338709677419354 0.5955696202531646 0.5080645161290323 0.5955696202531646
2 0.5397849462365591 0.5658227848101266 0.5591397849462366 0.5658227848101266 0.5591397849462366 0.6069620253164557 0.5397849462365591 0.6069620253164557
0 0.5645161290322581 0.5658227848101266 0.5838709677419356 0.5658227848101266 0.5838709677419356 0.6069620253164557 0.5645161290322581 0.6069620253164557
2 0.5903225806451613 0.5658227848101266 0.6161290322580645 0.5658227848101266 0.6161290322580645 0.6063291139240506 0.5903225806451613 0.6063291139240506
5 0.6231182795698925 0.5658227848101266 0.6489247311827957 0.5658227848101266 0.6489247311827957 0.6063291139240506 0.6231182795698925 0.6063291139240506
