17 0.25 0.4810126582278481 0.27580645161290324 0.4810126582278481 0.27580645161290324 0.5215189873417722 0.25 0.5215189873417722
24 0.28279569892473116 0.4810126582278481 0.3086021505376344 0.4810126582278481 0.3086021505376344 0.5215189873417722 0.28279569892473116 0.5215189873417722
19 0.3161290322580645 0.4810126582278481 0.3419354838709677 0.4810126582278481 0.3419354838709677 0.5215189873417722 0.3161290322580645 0.5215189873417722
36 0.3473118279569892 0.4810126582278481 0.35913978494623655 0.4810126582278481 0.35913978494623655 0.5113924050632912 0.3473118279569892 0.5113924050632912
0 0.3672043010752688 0.4810126582278481 0.39301075268817204 0.4810126582278481 0.39301075268817204 0.5215189873417722 0.3672043010752688 0.5215189873417722
3 0.39946236559139786 0.4810126582278481 0.4252688172043011 0.4810126582278481 0.4252688172043011 0.5215189873417722 0.39946236559139786 0.5215189873417722
37 0.432258064516129 0.4810126582278481 0.45806451612903226 0.4810126582278481 0.45806451612903226 0.5113924050632912 0.432258064516129 0.5113924050632912
1 0.4650537634408602 0.4810126582278481 0.482258064516129 0.4810126582278481 0.482258064516129 0.5215189873417722 0.4650537634408602 0.5215189873417722
5 0.48978494623655916 0.4810126582278481 0.5155913978494624 0.4810126582278481 0.5155913978494624 0.5215189873417722 0.48978494623655916 0.5215189873417722
37 0.521505376344086 0.4810126582278481 0.5473118279569892 0.4810126582278481 0.5473118279569892 0.5113924050632912 0.521505376344086 0.5113924050632912
2 0.553763440860215 0.4810126582278481 0.5795698924731182 0.4810126582278481 0.5795698924731182 0.5221518987341772 0.553763440860215 0.5221518987341772
0 0.5876344086021505 0.4810126582278481 0.6134408602150537 0.4810126582278481 0.6134408602150537 0.5215189873417722 0.5876344086021505 0.5215189873417722
2 0.6198924731182796 0.4810126582278481 0.6456989247311827 0.4810126582278481 0.6456989247311827 0.5215189873417722 0.6198924731182796 0.5215189873417722
5 0.6521505376344086 0.4810126582278481 0.6779569892473117 0.4810126582278481 0.6779569892473117 0.5221518987341772 0.6521505376344086 0.5221518987341772
30 0.25 0.529746835443038 0.27580645161290324 0.529746835443038 0.27580645161290324 0.5702531645569621 0.25 0.5702531645569621
16 0.28279569892473116 0.529746835443038 0.3086021505376344 0.529746835443038 0.3086021505376344 0.5702531645569621 0.28279569892473116 0.5702531645569621
14 0.3139784946236559 0.529746835443038 0.3333333333333333 0.529746835443038 0.3333333333333333 0.5708860759493671 0.3139784946236559 0.5708860759493671
36 0.33978494623655914 0.529746835443038 0.35268817204301073 0.529746835443038 0.35268817204301073 0.5601265822784811 0.33978494623655914 0.5601265822784811
0 0.3602150537634409 0.529746835443038 0.3860215053763441 0.529746835443038 0.3860215053763441 0.5702531645569621 0.3602150537634409 0.5702531645569621
7 0.3913978494623656 0.529746835443038 0.41720430107526885 0.529746835443038 0.41720430107526885 0.5702531645569621 0.3913978494623656 0.5702531645569621
37 0.42258064516129035 0.529746835443038 0.4483870967741936 0.529746835443038 0.4483870967741936 0.5601265822784811 0.42258064516129035 0.5601265822784811
2 0.45376344086021503 0.529746835443038 0.47956989247311826 0.529746835443038 0.47956989247311826 0.5702531645569621 0.45376344086021503 0.5702531645569621
1 0.4854838709677419 0.529746835443038 0.5026881720430108 0.529746835443038 0.5026881720430108 0.5702531645569621 0.4854838709677419 0.5702531645569621
37 0.5091397849462366 0.529746835443038 0.5349462365591398 0.529746835443038 0.5349462365591398 0.5601265822784811 0.5091397849462366 0.5601265822784811
2 0.5413978494623656 0.529746835443038 0.5672043010752688 0.529746835443038 0.5672043010752688 0.5702531645569621 0.5413978494623656 0.5702531645569621
0 0.5747311827956989 0.529746835443038 0.6005376344086021 0.529746835443038 0.6005376344086021 0.5702531645569621 0.5747311827956989 0.5702531645569621
2 0.6064516129032258 0.529746835443038 0.632258064516129 0.529746835443038 0.632258064516129 0.5702531645569621 0.6064516129032258 0.5702531645569621
5 0.6387096774193548 0.529746835443038 0.664516129032258 0.529746835443038 0.664516129032258 0.5702531645569621 0.6387096774193548 0.5702531645569621
