13 0.25 0.36455696202531646 0.27580645161290324 0.36455696202531646 0.27580645161290324 0.40569620253164557 0.25 0.40569620253164557
35 0.28118279569892474 0.36455696202531646 0.306989247311828 0.36455696202531646 0.306989247311828 0.4050632911392405 0.28118279569892474 0.4050632911392405
32 0.31344086021505374 0.36455696202531646 0.339247311827957 0.36455696202531646 0.339247311827957 0.4050632911392405 0.31344086021505374 0.4050632911392405
36 0.3473118279569892 0.36455696202531646 0.3548387096774193 0.36455696202531646 0.3548387096774193 0.389873417721519 0.3473118279569892 0.389873417721519
0 0.3618279569892473 0.36455696202531646 0.38763440860215054 0.36455696202531646 0.38763440860215054 0.40569620253164557 0.3618279569892473 0.40569620253164557
1 0.3935483870967742 0.36455696202531646 0.4053763440860215 0.36455696202531646 0.4053763440860215 0.4050632911392405 0.3935483870967742 0.4050632911392405
37 0.4129032258064516 0.36455696202531646 0.43870967741935485 0.36455696202531646 0.43870967741935485 0.3949367088607595 0.4129032258064516 0.3949367088607595
1 0.4456989247311828 0.36455696202531646 0.4629032258064516 0.36455696202531646 0.4629032258064516 0.4050632911392405 0.4456989247311828 0.4050632911392405
7 0.46881720430107526 0.36455696202531646 0.4881720430107527 0.36455696202531646 0.4881720430107527 0.40569620253164557 0.46881720430107526 0.40569620253164557
37 0.4935483870967742 0.36455696202531646 0.5193548387096774 0.36455696202531646 0.5193548387096774 0.3943037974683544 0.4935483870967742 0.3943037974683544
2 0.5263440860215054 0.36455696202531646 0.5521505376344086 0.36455696202531646 0.5521505376344086 0.4050632911392405 0.5263440860215054 0.4050632911392405
0 0.5580645161290323 0.36455696202531646 0.5774193548387098 0.36455696202531646 0.5774193548387098 0.40569620253164557 0.5580645161290323 0.40569620253164557
2 0.5833333333333334 0.36455696202531646 0.6026881720430108 0.36455696202531646 0.6026881720430108 0.40569620253164557 0.5833333333333334 0.40569620253164557
5 0.6091397849462366 0.36455696202531646 0.6349462365591397 0.36455696202531646 0.6349462365591397 0.4050632911392405 0.6091397849462366 0.4050632911392405
30 0.25 0.4132911392405063 0.2693548387096774 0.4132911392405063 0.2693548387096774 0.4544303797468354 0.25 0.4544303797468354
15 0.2752688172043011 0.4132911392405063 0.2946236559139785 0.4132911392405063 0.2946236559139785 0.4544303797468354 0.2752688172043011 0.4544303797468354
27 0.30053763440860215 0.4132911392405063 0.31989247311827956 0.4132911392405063 0.31989247311827956 0.4544303797468354 0.30053763440860215 0.4544303797468354
36 0.3258064516129032 0.4132911392405063 0.33763440860215055 0.4132911392405063 0.33763440860215055 0.44367088607594934 0.3258064516129032 0.44367088607594934
0 0.3446236559139785 0.4132911392405063 0.3704301075268817 0.4132911392405063 0.3704301075268817 0.45379746835443036 0.3446236559139785 0.45379746835443036
4 0.3763440860215054 0.4132911392405063 0.3956989247311828 0.4132911392405063 0.3956989247311828 0.4544303797468354 0.3763440860215054 0.4544303797468354
37 0.4026881720430108 0.4132911392405063 0.428494623655914 0.4132911392405063 0.428494623655914 0.4443037974683544 0.4026881720430108 0.4443037974683544
2 0.43655913978494626 0.4132911392405063 0.4623655913978495 0.4132911392405063 0.4623655913978495 0.45379746835443036 0.43655913978494626 0.45379746835443036
2 0.46774193548387094 0.4132911392405063 0.4935483870967742 0.4132911392405063 0.4935483870967742 0.45379746835443036 0.46774193548387094 0.45379746835443036
37 0.5005376344086021 0.4132911392405063 0.5263440860215053 0.4132911392405063 0.5263440860215053 0.44367088607594934 0.5005376344086021 0.44367088607594934
2 0.5344086021505376 0.4132911392405063 0.5537634408602151 0.4132911392405063 0.5537634408602151 0.4544303797468354 0.5344086021505376 0.4544303797468354
0 0.560752688172043 0.4132911392405063 0.5865591397849462 0.4132911392405063 0.5865591397849462 0.45379746835443036 0.560752688172043 0.45379746835443036
2 0.5940860215053764 0.4132911392405063 0.6198924731182796 0.4132911392405063 0.6198924731182796 0.45379746835443036 0.5940860215053764 0.45379746835443036
5 0.6274193548387097 0.4132911392405063 0.6532258064516129 0.4132911392405063 0.6532258064516129 0.45379746835443036 0.6274193548387097 0.45379746835443036
