27 0.25 0.3620253164556962 0.27580645161290324 0.3620253164556962 0.27580645161290324 0.40253164556962023 0.25 0.40253164556962023
33 0.2817204301075269 0.3620253164556962 0.3010752688172043 0.3620253164556962 0.3010752688172043 0.4031645569620253 0.2817204301075269 0.4031645569620253
26 0.3064516129032258 0.3620253164556962 0.3258064516129032 0.3620253164556962 0.3258064516129032 0.4031645569620253 0.3064516129032258 0.4031645569620253
36 0.3311827956989247 0.3620253164556962 0.3387096774193548 0.3620253164556962 0.3387096774193548 0.38797468354430376 0.3311827956989247 0.38797468354430376
0 0.34623655913978496 0.3620253164556962 0.3655913978494624 0.3620253164556962 0.3655913978494624 0.4031645569620253 0.34623655913978496 0.4031645569620253
3 0.3720430107526882 0.3620253164556962 0.39784946236559143 0.3620253164556962 0.39784946236559143 0.40253164556962023 0.3720430107526882 0.40253164556962023
37 0.4032258064516129 0.3620253164556962 0.4290322580645161 0.3620253164556962 0.4290322580645161 0.3924050632911392 0.4032258064516129 0.3924050632911392
2 0.4344086021505376 0.3620253164556962 0.46021505376344085 0.3620253164556962 0.46021505376344085 0.40253164556962023 0.4344086021505376 0.40253164556962023
8 0.46774193548387094 0.3620253164556962 0.48709677419354835 0.3620253164556962 0.48709677419354835 0.4031645569620253 0.46774193548387094 0.4031645569620253
37 0.4946236559139785 0.3620253164556962 0.5204301075268817 0.3620253164556962 0.5204301075268817 0.3924050632911392 0.4946236559139785 0.3924050632911392
2 0.5274193548387097 0.3620253164556962 0.5467741935483872 0.3620253164556962 0.5467741935483872 0.4031645569620253 0.5274193548387097 0.4031645569620253
0 0.5543010752688172 0.3620253164556962 0.5801075268817204 0.3620253164556962 0.5801075268817204 0.40253164556962023 0.5543010752688172 0.40253164556962023
2 0.5881720430107527 0.3620253164556962 0.6075268817204301 0.3620253164556962 0.6075268817204301 0.4031645569620253 0.5881720430107527 0.4031645569620253
5 0.6155913978494624 0.3620253164556962 0.6413978494623656 0.3620253164556962 0.6413978494623656 0.40253164556962023 0.6155913978494624 0.40253164556962023
21 0.25 0.4107594936708861 0.2693548387096774 0.4107594936708861 0.2693548387096774 0.4518987341772152 0.25 0.4518987341772152
28 0.2768817204301075 0.4107594936708861 0.2962365591397849 0.4107594936708861 0.2962365591397849 0.4518987341772152 0.2768817204301075 0.4518987341772152
15 0.3021505376344086 0.4107594936708861 0.3279569892473118 0.4107594936708861 0.3279569892473118 0.45126582278481014 0.3021505376344086 0.45126582278481014
36 0.33548387096774196 0.4107594936708861 0.34838709677419355 0.4107594936708861 0.34838709677419355 0.4417721518987342 0.33548387096774196 0.4417721518987342
0 0.3553763440860215 0.4107594936708861 0.3811827956989247 0.4107594936708861 0.3811827956989247 0.45126582278481014 0.3553763440860215 0.45126582278481014
2 0.3870967741935484 0.4107594936708861 0.4129032258064516 0.4107594936708861 0.4129032258064516 0.45126582278481014 0.3870967741935484 0.45126582278481014
37 0.4198924731182796 0.4107594936708861 0.44569892473118283 0.4107594936708861 0.44569892473118283 0.44113924050632913 0.4198924731182796 0.44113924050632913
1 0.45268817204301076 0.4107594936708861 0.46881720430107526 0.4107594936708861 0.46881720430107526 0.45126582278481014 0.45268817204301076 0.45126582278481014
9 0.4752688172043011 0.4107594936708861 0.5010752688172043 0.4107594936708861 0.5010752688172043 0.45126582278481014 0.4752688172043011 0.45126582278481014
37 0.5064516129032258 0.4107594936708861 0.532258064516129 0.4107594936708861 0.532258064516129 0.44113924050632913 0.5064516129032258 0.44113924050632913
2 0.539247311827957 0.4107594936708861 0.5650537634408602 0.4107594936708861 0.5650537634408602 0.4518987341772152 0.539247311827957 0.4518987341772152
0 0.5709677419354838 0.4107594936708861 0.5903225806451613 0.4107594936708861 0.5903225806451613 0.4518987341772152 0.5709677419354838 0.4518987341772152
2 0.5983870967741935 0.4107594936708861 0.617741935483871 0.4107594936708861 0.617741935483871 0.4518987341772152 0.5983870967741935 0.4518987341772152
5 0.6241935483870967 0.4107594936708861 0.6435483870967742 0.4107594936708861 0.6435483870967742 0.4518987341772152 0.6241935483870967 0.4518987341772152
