13 0.25 0.49683544303797467 0.27580645161290324 0.49683544303797467 0.27580645161290324 0.5379746835443038 0.25 0.5379746835443038
24 0.2833333333333333 0.49683544303797467 0.30268817204301074 0.49683544303797467 0.30268817204301074 0.5379746835443038 0.2833333333333333 0.5379746835443038
35 0.3096774193548387 0.49683544303797467 0.33548387096774196 0.49683544303797467 0.33548387096774196 0.5379746835443038 0.3096774193548387 0.5379746835443038
36 0.3435483870967742 0.49683544303797467 0.3564516129032258 0.49683544303797467 0.3564516129032258 0.5272151898734178 0.3435483870967742 0.5272151898734178
0 0.3634408602150538 0.49683544303797467 0.389247311827957 0.49683544303797467 0.389247311827957 0.5373417721518987 0.3634408602150538 0.5373417721518987
1 0.3956989247311828 0.49683544303797467 0.4086021505376344 0.49683544303797467 0.4086021505376344 0.5379746835443038 0.3956989247311828 0.5379746835443038
37 0.4150537634408602 0.49683544303797467 0.44086021505376344 0.49683544303797467 0.44086021505376344 0.5272151898734178 0.4150537634408602 0.5272151898734178
2 0.4489247311827957 0.49683544303797467 0.4682795698924731 0.49683544303797467 0.4682795698924731 0.5379746835443038 0.4489247311827957 0.5379746835443038
7 0.4752688172043011 0.49683544303797467 0.5010752688172043 0.49683544303797467 0.5010752688172043 0.5379746835443038 0.4752688172043011 0.5379746835443038
37 0.5091397849462366 0.49683544303797467 0.5349462365591398 0.49683544303797467 0.5349462365591398 0.5272151898734178 0.5091397849462366 0.5272151898734178
2 0.5424731182795699 0.49683544303797467 0.5682795698924731 0.49683544303797467 0.5682795698924731 0.5373417721518987 0.5424731182795699 0.5373417721518987
0 0.5747311827956989 0.49683544303797467 0.6005376344086021 0.49683544303797467 0.6005376344086021 0.5373417721518987 0.5747311827956989 0.5373417721518987
2 0.6069892473118279 0.49683544303797467 0.6327956989247311 0.49683544303797467 0.6327956989247311 0.5373417721518987 0.6069892473118279 0.5373417721518987
5 0.6387096774193548 0.49683544303797467 0.664516129032258 0.49683544303797467 0.664516129032258 0.5373417721518987 0.6387096774193548 0.5373417721518987
16 0.25 0.5455696202531646 0.27580645161290324 0.5455696202531646 0.27580645161290324 0.5860759493670886 0.25 0.5860759493670886
20 0.28225806451612906 0.5455696202531646 0.3016129032258065 0.5455696202531646 0.3016129032258065 0.5867088607594937 0.28225806451612906 0.5867088607594937
17 0.30752688172043013 0.5455696202531646 0.33333333333333337 0.5455696202531646 0.33333333333333337 0.5860759493670886 0.30752688172043013 0.5860759493670886
36 0.3387096774193548 0.5455696202531646 0.35053763440860214 0.5455696202531646 0.35053763440860214 0.5759493670886077 0.3387096774193548 0.5759493670886077
0 0.3575268817204301 0.5455696202531646 0.38333333333333336 0.5455696202531646 0.38333333333333336 0.5860759493670886 0.3575268817204301 0.5860759493670886
4 0.39086021505376345 0.5455696202531646 0.41021505376344086 0.5455696202531646 0.41021505376344086 0.5867088607594937 0.39086021505376345 0.5867088607594937
37 0.4161290322580645 0.5455696202531646 0.44193548387096776 0.5455696202531646 0.44193548387096776 0.5759493670886077 0.4161290322580645 0.5759493670886077
1 0.4483870967741935 0.5455696202531646 0.4612903225806451 0.5455696202531646 0.4612903225806451 0.5867088607594937 0.4483870967741935 0.5867088607594937
3 0.46720430107526884 0.5455696202531646 0.49301075268817207 0.5455696202531646 0.49301075268817207 0.5860759493670886 0.46720430107526884 0.5860759493670886
37 0.49946236559139784 0.5455696202531646 0.5252688172043011 0.5455696202531646 0.5252688172043011 0.5765822784810126 0.49946236559139784 0.5765822784810126
2 0.5317204301075269 0.5455696202531646 0.5575268817204301 0.5455696202531646 0.5575268817204301 0.5867088607594937 0.5317204301075269 0.5867088607594937
0 0.5655913978494623 0.5455696202531646 0.5913978494623655 0.5455696202531646 0.5913978494623655 0.5860759493670886 0.5655913978494623 0.5860759493670886
2 0.5989247311827957 0.5455696202531646 0.6247311827956988 0.5455696202531646 0.6247311827956988 0.5860759493670886 0.5989247311827957 0.5860759493670886
5 0.6311827956989248 0.5455696202531646 0.6505376344086022 0.5455696202531646 0.6505376344086022 0.5867088607594937 0.6311827956989248 0.5867088607594937
