21 0.25 0.5234177215189874 0.27580645161290324 0.5234177215189874 0.27580645161290324 0.5639240506329114 0.25 0.5639240506329114
22 0.28225806451612906 0.5234177215189874 0.3016129032258065 0.5234177215189874 0.3016129032258065 0.5645569620253165 0.28225806451612906 0.5645569620253165
16 0.30913978494623656 0.5234177215189874 0.3349462365591398 0.5234177215189874 0.3349462365591398 0.5639240506329114 0.30913978494623656 0.5639240506329114
36 0.3424731182795699 0.5234177215189874 0.3543010752688172 0.5234177215189874 0.3543010752688172 0.5544303797468355 0.3424731182795699 0.5544303797468355
1 0.36129032258064514 0.5234177215189874 0.37849462365591396 0.5234177215189874 0.37849462365591396 0.5639240506329114 0.36129032258064514 0.5639240506329114
2 0.38387096774193546 0.5234177215189874 0.4096774193548387 0.5234177215189874 0.4096774193548387 0.5639240506329114 0.38387096774193546 0.5639240506329114
37 0.41774193548387095 0.5234177215189874 0.43924731182795695 0.5234177215189874 0.43924731182795695 0.5487341772151899 0.41774193548387095 0.5487341772151899
2 0.44731182795698926 0.5234177215189874 0.4731182795698925 0.5234177215189874 0.4731182795698925 0.5639240506329114 0.44731182795698926 0.5639240506329114
0 0.47956989247311826 0.5234177215189874 0.5053763440860215 0.5234177215189874 0.5053763440860215 0.5645569620253165 0.47956989247311826 0.5645569620253165
37 0.5123655913978494 0.5234177215189874 0.5381720430107526 0.5234177215189874 0.5381720430107526 0.5537974683544304 0.5123655913978494 0.5537974683544304
2 0.5435483870967742 0.5234177215189874 0.5693548387096774 0.5234177215189874 0.5693548387096774 0.5645569620253165 0.5435483870967742 0.5645569620253165
0 0.5774193548387097 0.5234177215189874 0.6032258064516128 0.5234177215189874 0.6032258064516128 0.5639240506329114 0.5774193548387097 0.5639240506329114
2 0.6086021505376344 0.5234177215189874 0.6344086021505376 0.5234177215189874 0.6344086021505376 0.5639240506329114 0.6086021505376344 0.5639240506329114
4 0.6413978494623656 0.5234177215189874 0.660752688172043 0.5234177215189874 0.660752688172043 0.5645569620253165 0.6413978494623656 0.5645569620253165
18 0.25 0.5721518987341773 0.2629032258064516 0.5721518987341773 0.2629032258064516 0.6132911392405064 0.25 0.6132911392405064
17 0.27043010752688174 0.5721518987341773 0.28978494623655915 0.5721518987341773 0.28978494623655915 0.6132911392405064 0.27043010752688174 0.6132911392405064
10 0.2956989247311828 0.5721518987341773 0.3150537634408602 0.5721518987341773 0.3150537634408602 0.6132911392405064 0.2956989247311828 0.6132911392405064
36 0.3231182795698925 0.5721518987341773 0.33602150537634407 0.5721518987341773 0.33602150537634407 0.6025316455696204 0.3231182795698925 0.6025316455696204
1 0.3419354838709677 0.5721518987341773 0.3548387096774193 0.5721518987341773 0.3548387096774193 0.6132911392405064 0.3419354838709677 0.6132911392405064
1 0.3602150537634409 0.5721518987341773 0.3774193548387097 0.5721518987341773 0.3774193548387097 0.6132911392405064 0.3602150537634409 0.6132911392405064
37 0.38387096774193546 0.5721518987341773 0.4096774193548387 0.5721518987341773 0.4096774193548387 0.6025316455696204 0.38387096774193546 0.6025316455696204
2 0.4161290322580645 0.5721518987341773 0.43548387096774194 0.5721518987341773 0.43548387096774194 0.6132911392405064 0.4161290322580645 0.6132911392405064
5 0.443010752688172 0.5721518987341773 0.46236559139784944 0.5721518987341773 0.46236559139784944 0.6132911392405064 0.443010752688172 0.6132911392405064
37 0.4698924731182796 0.5721518987341773 0.4956989247311828 0.5721518987341773 0.4956989247311828 0.6025316455696204 0.4698924731182796 0.6025316455696204
2 0.5032258064516129 0.5721518987341773 0.529032258064516 0.5721518987341773 0.529032258064516 0.6126582278481013 0.5032258064516129 0.6126582278481013
0 0.5360215053763441 0.5721518987341773 0.5618279569892473 0.5721518987341773 0.5618279569892473 0.6132911392405064 0.5360215053763441 0.6132911392405064
2 0.5698924731182796 0.5721518987341773 0.5892473118279571 0.5721518987341773 0.5892473118279571 0.6132911392405064 0.5698924731182796 0.6132911392405064
4 0.5962365591397849 0.5721518987341773 0.6220430107526881 0.5721518987341773 0.6220430107526881 0.6126582278481013 0.5962365591397849 0.6126582278481013
