28 0.25 0.46455696202531643 0.27580645161290324 0.46455696202531643 0.27580645161290324 0.5050632911392405 0.25 0.5050632911392405
22 0.28118279569892474 0.46455696202531643 0.306989247311828 0.46455696202531643 0.306989247311828 0.5050632911392405 0.28118279569892474 0.5050632911392405
23 0.31344086021505374 0.46455696202531643 0.339247311827957 0.46455696202531643 0.339247311827957 0.5050632911392405 0.31344086021505374 0.5050632911392405
36 0.3467741935483871 0.46455696202531643 0.35860215053763445 0.46455696202531643 0.35860215053763445 0.49493670886075947 0.3467741935483871 0.49493670886075947
0 0.3655913978494624 0.46455696202531643 0.3849462365591398 0.46455696202531643 0.3849462365591398 0.5056962025316456 0.3655913978494624 0.5056962025316456
9 0.39086021505376345 0.46455696202531643 0.41021505376344086 0.46455696202531643 0.41021505376344086 0.5056962025316456 0.39086021505376345 0.5056962025316456
37 0.4182795698924731 0.46455696202531643 0.44408602150537635 0.46455696202531643 0.44408602150537635 0.49493670886075947 0.4182795698924731 0.49493670886075947
2 0.4521505376344086 0.46455696202531643 0.47795698924731184 0.46455696202531643 0.47795698924731184 0.5050632911392405 0.4521505376344086 0.5050632911392405
6 0.48494623655913977 0.46455696202531643 0.5043010752688172 0.46455696202531643 0.5043010752688172 0.5056962025316456 0.48494623655913977 0.5056962025316456
37 0.5096774193548387 0.46455696202531643 0.5354838709677419 0.46455696202531643 0.5354838709677419 0.49493670886075947 0.5096774193548387 0.49493670886075947
2 0.5413978494623656 0.46455696202531643 0.5672043010752688 0.46455696202531643 0.5672043010752688 0.5050632911392405 0.5413978494623656 0.5050632911392405
0 0.5747311827956989 0.46455696202531643 0.6005376344086021 0.46455696202531643 0.6005376344086021 0.5050632911392405 0.5747311827956989 0.5050632911392405
2 0.6064516129032258 0.46455696202531643 0.632258064516129 0.46455696202531643 0.632258064516129 0.5050632911392405 0.6064516129032258 0.5050632911392405
5 0.6381720430107527 0.46455696202531643 0.6639784946236559 0.46455696202531643 0.6639784946236559 0.5050632911392405 0.6381720430107527 0.5050632911392405
29 0.25 0.5132911392405063 0.2693548387096774 0.5132911392405063 0.2693548387096774 0.5544303797468354 0.25 0.5544303797468354
32 0.2752688172043011 0.5132911392405063 0.3010752688172043 0.5132911392405063 0.3010752688172043 0.5537974683544303 0.2752688172043011 0.5537974683544303
12 0.30752688172043013 0.5132911392405063 0.33333333333333337 0.5132911392405063 0.33333333333333337 0.5544303797468354 0.30752688172043013 0.5544303797468354
36 0.33978494623655914 0.5132911392405063 0.35268817204301073 0.5132911392405063 0.35268817204301073 0.5436708860759494 0.33978494623655914 0.5436708860759494
0 0.3586021505376344 0.5132911392405063 0.3844086021505376 0.5132911392405063 0.3844086021505376 0.5537974683544303 0.3586021505376344 0.5537974683544303
4 0.3897849462365591 0.5132911392405063 0.41559139784946236 0.5132911392405063 0.41559139784946236 0.5537974683544303 0.3897849462365591 0.5537974683544303
37 0.42311827956989245 0.5132911392405063 0.4489247311827957 0.5132911392405063 0.4489247311827957 0.5430379746835443 0.42311827956989245 0.5430379746835443
1 0.45698924731182794 0.5132911392405063 0.47419354838709676 0.5132911392405063 0.47419354838709676 0.5537974683544303 0.45698924731182794 0.5537974683544303
7 0.4806451612903226 0.5132911392405063 0.5 0.5132911392405063 0.5 0.5544303797468354 0.4806451612903226 0.5544303797468354
37 0.5064516129032258 0.5132911392405063 0.532258064516129 0.5132911392405063 0.532258064516129 0.5436708860759494 0.5064516129032258 0.5436708860759494
2 0.5397849462365591 0.5132911392405063 0.5655913978494623 0.5132911392405063 0.5655913978494623 0.5537974683544303 0.5397849462365591 0.5537974683544303
0 0.5731182795698925 0.5132911392405063 0.5989247311827957 0.5132911392405063 0.5989247311827957 0.5537974683544303 0.5731182795698925 0.5537974683544303
2 0.6059139784946237 0.5132911392405063 0.6317204301075269 0.5132911392405063 0.6317204301075269 0.5537974683544303 0.6059139784946237 0.5537974683544303
5 0.639247311827957 0.5132911392405063 0.6650537634408602 0.5132911392405063 0.6650537634408602 0.5537974683544303 0.639247311827957 0.5537974683544303
