24 0.25 0.4670886075949367 0.2693548387096774 0.4670886075949367 0.2693548387096774 0.5082278481012659 0.25 0.5082278481012659
12 0.2768817204301075 0.4670886075949367 0.2962365591397849 0.4670886075949367 0.2962365591397849 0.5082278481012659 0.2768817204301075 0.5082278481012659
29 0.3021505376344086 0.4670886075949367 0.3279569892473118 0.4670886075949367 0.3279569892473118 0.5075949367088608 0.3021505376344086 0.5075949367088608
36 0.33440860215053764 0.4670886075949367 0.3473118279569892 0.4670886075949367 0.3473118279569892 0.49746835443037973 0.33440860215053764 0.49746835443037973
1 0.3548387096774194 0.4670886075949367 0.3720430107526882 0.4670886075949367 0.3720430107526882 0.5075949367088608 0.3548387096774194 0.5075949367088608
2 0.3790322580645161 0.4670886075949367 0.40483870967741936 0.4670886075949367 0.40483870967741936 0.5082278481012659 0.3790322580645161 0.5082278481012659
37 0.41236559139784945 0.4670886075949367 0.4381720430107527 0.4670886075949367 0.4381720430107527 0.49683544303797467 0.41236559139784945 0.49683544303797467
1 0.44516129032258067 0.4670886075949367 0.45806451612903226 0.4670886075949367 0.45806451612903226 0.5082278481012659 0.44516129032258067 0.5082278481012659
2 0.46344086021505376 0.4670886075949367 0.489247311827957 0.4670886075949367 0.489247311827957 0.5075949367088608 0.46344086021505376 0.5075949367088608
37 0.4962365591397849 0.4670886075949367 0.5220430107526881 0.4670886075949367 0.5220430107526881 0.49683544303797467 0.4962365591397849 0.49683544303797467
2 0.5274193548387097 0.4670886075949367 0.5532258064516129 0.4670886075949367 0.5532258064516129 0.5075949367088608 0.5274193548387097 0.5075949367088608
0 0.560752688172043 0.4670886075949367 0.5801075268817205 0.4670886075949367 0.5801075268817205 0.5082278481012659 0.560752688172043 0.5082278481012659
2 0.5854838709677419 0.4670886075949367 0.6112903225806451 0.4670886075949367 0.6112903225806451 0.5082278481012659 0.5854838709677419 0.5082278481012659
4 0.6193548387096774 0.4670886075949367 0.6451612903225806 0.4670886075949367 0.6451612903225806 0.5075949367088608 0.6193548387096774 0.5075949367088608
16 0.25 0.5158227848101266 0.2693548387096774 0.5158227848101266 0.2693548387096774 0.5569620253164557 0.25 0.5569620253164557
22 0.2763440860215054 0.5158227848101266 0.30215053763440863 0.5158227848101266 0.30215053763440863 0.5563291139240506 0.2763440860215054 0.5563291139240506
28 0.30913978494623656 0.5158227848101266 0.328494623655914 0.5158227848101266 0.328494623655914 0.5569620253164557 0.30913978494623656 0.5569620253164557
36 0.33602150537634407 0.5158227848101266 0.3478494623655914 0.5158227848101266 0.3478494623655914 0.5462025316455696 0.33602150537634407 0.5462025316455696
0 0.3532258064516129 0.5158227848101266 0.3790322580645161 0.5158227848101266 0.3790322580645161 0.5563291139240506 0.3532258064516129 0.5563291139240506
4 0.3849462365591398 0.5158227848101266 0.410752688172043 0.5158227848101266 0.410752688172043 0.5563291139240506 0.3849462365591398 0.5563291139240506
37 0.4182795698924731 0.5158227848101266 0.44408602150537635 0.5158227848101266 0.44408602150537635 0.5468354430379747 0.4182795698924731 0.5468354430379747
1 0.4510752688172043 0.5158227848101266 0.4682795698924731 0.5158227848101266 0.4682795698924731 0.5512658227848101 0.4510752688172043 0.5512658227848101
9 0.4752688172043011 0.5158227848101266 0.4946236559139785 0.5158227848101266 0.4946236559139785 0.5569620253164557 0.4752688172043011 0.5569620253164557
37 0.5010752688172043 0.5158227848101266 0.5268817204301075 0.5158227848101266 0.5268817204301075 0.5468354430379747 0.5010752688172043 0.5468354430379747
2 0.532258064516129 0.5158227848101266 0.5516129032258065 0.5158227848101266 0.5516129032258065 0.5569620253164557 0.532258064516129 0.5569620253164557
0 0.5596774193548387 0.5158227848101266 0.5854838709677419 0.5158227848101266 0.5854838709677419 0.5563291139240506 0.5596774193548387 0.5563291139240506
2 0.5919354838709677 0.5158227848101266 0.6177419354838709 0.5158227848101266 0.6177419354838709 0.5563291139240506 0.5919354838709677 0.5563291139240506
5 0.625268817204301 0.5158227848101266 0.6446236559139785 0.5158227848101266 0.6446236559139785 0.5569620253164557 0.625268817204301 0.5569620253164557
