15 0.25 0.5044303797468355 0.2693548387096774 0.5044303797468355 0.2693548387096774 0.5455696202531646 0.25 0.5455696202531646
11 0.2763440860215054 0.5044303797468355 0.30215053763440863 0.5044303797468355 0.30215053763440863 0.5449367088607595 0.2763440860215054 0.5449367088607595
15 0.3096774193548387 0.5044303797468355 0.32903225806451614 0.5044303797468355 0.32903225806451614 0.5455696202531646 0.3096774193548387 0.5455696202531646
36 0.33440860215053764 0.5044303797468355 0.3419354838709677 0.5044303797468355 0.3419354838709677 0.5303797468354431 0.33440860215053764 0.5303797468354431
0 0.3478494623655914 0.5044303797468355 0.3736559139784946 0.5044303797468355 0.3736559139784946 0.5449367088607595 0.3478494623655914 0.5449367088607595
3 0.3795698924731183 0.5044303797468355 0.4053763440860215 0.5044303797468355 0.4053763440860215 0.5449367088607595 0.3795698924731183 0.5449367088607595
37 0.410752688172043 0.5044303797468355 0.43655913978494626 0.5044303797468355 0.43655913978494626 0.5348101265822786 0.410752688172043 0.5348101265822786
0 0.44193548387096776 0.5044303797468355 0.4612903225806452 0.5044303797468355 0.4612903225806452 0.5455696202531646 0.44193548387096776 0.5455696202531646
6 0.4682795698924731 0.5044303797468355 0.4876344086021505 0.5044303797468355 0.4876344086021505 0.5455696202531646 0.4682795698924731 0.5455696202531646
37 0.4956989247311828 0.5044303797468355 0.521505376344086 0.5044303797468355 0.521505376344086 0.5348101265822786 0.4956989247311828 0.5348101265822786
2 0.5268817204301075 0.5044303797468355 0.5526881720430107 0.5044303797468355 0.5526881720430107 0.5455696202531646 0.5268817204301075 0.5455696202531646
0 0.5602150537634408 0.5044303797468355 0.586021505376344 0.5044303797468355 0.586021505376344 0.5449367088607595 0.5602150537634408 0.5449367088607595
2 0.5935483870967742 0.5044303797468355 0.6193548387096773 0.5044303797468355 0.6193548387096773 0.5449367088607595 0.5935483870967742 0.5449367088607595
5 0.6274193548387097 0.5044303797468355 0.6532258064516129 0.5044303797468355 0.6532258064516129 0.5449367088607595 0.6274193548387097 0.5449367088607595
14 0.25 0.5531645569620253 0.2693548387096774 0.5531645569620253 0.2693548387096774 0.5943037974683544 0.25 0.5943037974683544
14 0.2768817204301075 0.5531645569620253 0.2962365591397849 0.5531645569620253 0.2962365591397849 0.5943037974683544 0.2768817204301075 0.5943037974683544
27 0.3021505376344086 0.5531645569620253 0.3279569892473118 0.5531645569620253 0.3279569892473118 0.5936708860759493 0.3021505376344086 0.5936708860759493
36 0.33440860215053764 0.5531645569620253 0.34623655913978496 0.5531645569620253 0.34623655913978496 0.5835443037974684 0.33440860215053764 0.5835443037974684
0 0.3532258064516129 0.5531645569620253 0.3790322580645161 0.5531645569620253 0.3790322580645161 0.5936708860759493 0.3532258064516129 0.5936708860759493
1 0.3844086021505376 0.5531645569620253 0.3973118279569892 0.5531645569620253 0.3973118279569892 0.5943037974683544 0.3844086021505376 0.5943037974683544
37 0.4053763440860215 0.5531645569620253 0.43118279569892476 0.5531645569620253 0.43118279569892476 0.5841772151898734 0.4053763440860215 0.5841772151898734
0 0.4376344086021505 0.5531645569620253 0.45698924731182794 0.5531645569620253 0.45698924731182794 0.5943037974683544 0.4376344086021505 0.5943037974683544
1 0.4639784946236559 0.5531645569620253 0.48118279569892475 0.5531645569620253 0.48118279569892475 0.5943037974683544 0.4639784946236559 0.5943037974683544
37 0.4870967741935484 0.5531645569620253 0.5129032258064516 0.5531645569620253 0.5129032258064516 0.5835443037974684 0.4870967741935484 0.5835443037974684
2 0.5188172043010753 0.5531645569620253 0.5381720430107527 0.5531645569620253 0.5381720430107527 0.5943037974683544 0.5188172043010753 0.5943037974683544
0 0.5435483870967742 0.5531645569620253 0.5693548387096774 0.5531645569620253 0.5693548387096774 0.5936708860759493 0.5435483870967742 0.5936708860759493
2 0.5774193548387097 0.5531645569620253 0.6032258064516128 0.5531645569620253 0.6032258064516128 0.5936708860759493 0.5774193548387097 0.5936708860759493
5 0.6096774193548387 0.5531645569620253 0.6354838709677418 0.5531645569620253 0.6354838709677418 0.5936708860759493 0.6096774193548387 0.5936708860759493
