29 0.25 0.4 0.2693548387096774 0.4 0.2693548387096774 0.44113924050632913 0.25 0.44113924050632913
28 0.2768817204301075 0.4 0.30268817204301074 0.4 0.30268817204301074 0.44113924050632913 0.2768817204301075 0.44113924050632913
15 0.3096774193548387 0.4 0.33548387096774196 0.4 0.33548387096774196 0.44050632911392407 0.3096774193548387 0.44050632911392407
36 0.34301075268817205 0.4 0.3548387096774194 0.4 0.3548387096774194 0.43037974683544306 0.34301075268817205 0.43037974683544306
1 0.36129032258064514 0.4 0.37419354838709673 0.4 0.37419354838709673 0.44113924050632913 0.36129032258064514 0.44113924050632913
0 0.38010752688172045 0.4 0.4059139784946237 0.4 0.4059139784946237 0.44113924050632913 0.38010752688172045 0.44113924050632913
37 0.4112903225806452 0.4 0.4370967741935484 0.4 0.4370967741935484 0.43037974683544306 0.4112903225806452 0.43037974683544306
1 0.44247311827956987 0.4 0.45537634408602146 0.4 0.45537634408602146 0.44113924050632913 0.44247311827956987 0.44113924050632913
8 0.46182795698924733 0.4 0.48118279569892475 0.4 0.48118279569892475 0.44113924050632913 0.46182795698924733 0.44113924050632913
37 0.48655913978494625 0.4 0.5123655913978494 0.4 0.5123655913978494 0.43037974683544306 0.48655913978494625 0.43037974683544306
2 0.5177419354838709 0.4 0.5435483870967741 0.4 0.5435483870967741 0.44050632911392407 0.5177419354838709 0.44050632911392407
0 0.5505376344086022 0.4 0.5698924731182796 0.4 0.5698924731182796 0.44113924050632913 0.5505376344086022 0.44113924050632913
2 0.5774193548387097 0.4 0.6032258064516128 0.4 0.6032258064516128 0.44050632911392407 0.5774193548387097 0.44050632911392407
5 0.610752688172043 0.4 0.6301075268817204 0.4 0.6301075268817204 0.44113924050632913 0.610752688172043 0.44113924050632913
13 0.25 0.4487341772151899 0.2693548387096774 0.4487341772151899 0.2693548387096774 0.489873417721519 0.25 0.489873417721519
28 0.2747311827956989 0.4487341772151899 0.30053763440860215 0.4487341772151899 0.30053763440860215 0.4892405063291139 0.2747311827956989 0.4892405063291139
11 0.3064516129032258 0.4487341772151899 0.3258064516129032 0.4487341772151899 0.3258064516129032 0.489873417721519 0.3064516129032258 0.489873417721519
36 0.3317204301075269 0.4487341772151899 0.3435483870967742 0.4487341772151899 0.3435483870967742 0.4791139240506329 0.3317204301075269 0.4791139240506329
0 0.35 0.4487341772151899 0.3758064516129032 0.4487341772151899 0.3758064516129032 0.4892405063291139 0.35 0.4892405063291139
5 0.38387096774193546 0.4487341772151899 0.4096774193548387 0.4487341772151899 0.4096774193548387 0.4892405063291139 0.38387096774193546 0.4892405063291139
37 0.4172043010752688 0.4487341772151899 0.4387096774193548 0.4487341772151899 0.4387096774193548 0.47405063291139243 0.4172043010752688 0.47405063291139243
3 0.4456989247311828 0.4487341772151899 0.4650537634408602 0.4487341772151899 0.4650537634408602 0.489873417721519 0.4456989247311828 0.489873417721519
0 0.4731182795698925 0.4487341772151899 0.4924731182795699 0.4487341772151899 0.4924731182795699 0.489873417721519 0.4731182795698925 0.489873417721519
37 0.4989247311827957 0.4487341772151899 0.5247311827956989 0.4487341772151899 0.5247311827956989 0.479746835443038 0.4989247311827957 0.479746835443038
2 0.5327956989247312 0.4487341772151899 0.5521505376344087 0.4487341772151899 0.5521505376344087 0.489873417721519 0.5327956989247312 0.489873417721519
0 0.5596774193548387 0.4487341772151899 0.5854838709677419 0.4487341772151899 0.5854838709677419 0.4892405063291139 0.5596774193548387 0.4892405063291139
2 0.5913978494623656 0.4487341772151899 0.6172043010752688 0.4487341772151899 0.6172043010752688 0.4892405063291139 0.5913978494623656 0.4892405063291139
5 0.624731182795699 0.4487341772151899 0.6505376344086021 0.4487341772151899 0.6505376344086021 0.4892405063291139 0.624731182795699 0.4892405063291139
