13 0.25 0.3810126582278481 0.2693548387096774 0.3810126582278481 0.2693548387096774 0.4221518987341772 0.25 0.4221518987341772
21 0.2752688172043011 0.3810126582278481 0.3010752688172043 0.3810126582278481 0.3010752688172043 0.4215189873417721 0.2752688172043011 0.4215189873417721
32 0.3064516129032258 0.3810126582278481 0.33225806451612905 0.3810126582278481 0.33225806451612905 0.4215189873417721 0.3064516129032258 0.4215189873417721
36 0.33978494623655914 0.3810126582278481 0.35161290322580646 0.3810126582278481 0.35161290322580646 0.4113924050632911 0.33978494623655914 0.4113924050632911
1 0.3580645161290323 0.3810126582278481 0.37150537634408604 0.3810126582278481 0.37150537634408604 0.4221518987341772 0.3580645161290323 0.4221518987341772
2 0.37688172043010754 0.3810126582278481 0.39623655913978495 0.3810126582278481 0.39623655913978495 0.4221518987341772 0.37688172043010754 0.4221518987341772
37 0.40376344086021504 0.3810126582278481 0.4295698924731183 0.3810126582278481 0.4295698924731183 0.4113924050632911 0.40376344086021504 0.4113924050632911
0 0.43548387096774194 0.3810126582278481 0.4612903225806452 0.3810126582278481 0.4612903225806452 0.4215189873417721 0.43548387096774194 0.4215189873417721
9 0.4693548387096774 0.3810126582278481 0.49516129032258066 0.3810126582278481 0.49516129032258066 0.4215189873417721 0.4693548387096774 0.4215189873417721
37 0.5032258064516129 0.3810126582278481 0.529032258064516 0.3810126582278481 0.529032258064516 0.4113924050632911 0.5032258064516129 0.4113924050632911
2 0.5344086021505376 0.3810126582278481 0.5602150537634408 0.3810126582278481 0.5602150537634408 0.4215189873417721 0.5344086021505376 0.4215189873417721
0 0.5661290322580645 0.3810126582278481 0.5919354838709677 0.3810126582278481 0.5919354838709677 0.4215189873417721 0.5661290322580645 0.4215189873417721
2 0.5978494623655914 0.3810126582278481 0.6236559139784946 0.3810126582278481 0.6236559139784946 0.4215189873417721 0.5978494623655914 0.4215189873417721
4 0.6311827956989248 0.3810126582278481 0.656989247311828 0.3810126582278481 0.656989247311828 0.4215189873417721 0.6311827956989248 0.4215189873417721
20 0.25 0.429746835443038 0.2693548387096774 0.429746835443038 0.2693548387096774 0.4708860759493671 0.25 0.4708860759493671
13 0.2752688172043011 0.429746835443038 0.3010752688172043 0.429746835443038 0.3010752688172043 0.47025316455696203 0.2752688172043011 0.47025316455696203
15 0.306989247311828 0.429746835443038 0.3327956989247312 0.429746835443038 0.3327956989247312 0.47025316455696203 0.306989247311828 0.47025316455696203
36 0.3387096774193548 0.429746835443038 0.35053763440860214 0.429746835443038 0.35053763440860214 0.460126582278481 0.3387096774193548 0.460126582278481
1 0.3586021505376344 0.429746835443038 0.3758064516129032 0.429746835443038 0.3758064516129032 0.47025316455696203 0.3586021505376344 0.47025316455696203
2 0.38333333333333336 0.429746835443038 0.4091397849462366 0.429746835443038 0.4091397849462366 0.47025316455696203 0.38333333333333336 0.47025316455696203
37 0.41451612903225804 0.429746835443038 0.4403225806451613 0.429746835443038 0.4403225806451613 0.460126582278481 0.41451612903225804 0.460126582278481
2 0.4483870967741935 0.429746835443038 0.47419354838709676 0.429746835443038 0.47419354838709676 0.47025316455696203 0.4483870967741935 0.47025316455696203
1 0.4806451612903226 0.429746835443038 0.4935483870967742 0.429746835443038 0.4935483870967742 0.4708860759493671 0.4806451612903226 0.4708860759493671
37 0.5016129032258064 0.429746835443038 0.5274193548387096 0.429746835443038 0.5274193548387096 0.460126582278481 0.5016129032258064 0.460126582278481
2 0.5344086021505376 0.429746835443038 0.5537634408602151 0.429746835443038 0.5537634408602151 0.4708860759493671 0.5344086021505376 0.4708860759493671
0 0.5596774193548387 0.429746835443038 0.5854838709677419 0.429746835443038 0.5854838709677419 0.47025316455696203 0.5596774193548387 0.47025316455696203
2 0.5924731182795699 0.429746835443038 0.6182795698924731 0.429746835443038 0.6182795698924731 0.47025316455696203 0.5924731182795699 0.47025316455696203
4 0.6236559139784946 0.429746835443038 0.6430107526881721 0.429746835443038 0.6430107526881721 0.4708860759493671 0.6236559139784946 0.4708860759493671
