10 0.25 0.5474683544303798 0.27580645161290324 0.5474683544303798 0.27580645161290324 0.5879746835443038 0.25 0.5879746835443038
13 0.2817204301075269 0.5474683544303798 0.30752688172043013 0.5474683544303798 0.30752688172043013 0.5879746835443038 0.2817204301075269 0.5879746835443038
16 0.31290322580645163 0.5474683544303798 0.33225806451612905 0.5474683544303798 0.33225806451612905 0.5886075949367089 0.31290322580645163 0.5886075949367089
36 0.339247311827957 0.5474683544303798 0.35215053763440857 0.5474683544303798 0.35215053763440857 0.5778481012658229 0.339247311827957 0.5778481012658229
0 0.3596774193548387 0.5474683544303798 0.38548387096774195 0.5474683544303798 0.38548387096774195 0.5879746835443038 0.3596774193548387 0.5879746835443038
3 0.39301075268817204 0.5474683544303798 0.41236559139784945 0.5474683544303798 0.41236559139784945 0.5886075949367089 0.39301075268817204 0.5886075949367089
37 0.4188172043010753 0.5474683544303798 0.4446236559139785 0.5474683544303798 0.4446236559139785 0.5784810126582278 0.4188172043010753 0.5784810126582278
2 0.4510752688172043 0.5474683544303798 0.4768817204301075 0.5474683544303798 0.4768817204301075 0.5879746835443038 0.4510752688172043 0.5879746835443038
2 0.48440860215053766 0.5474683544303798 0.5102150537634409 0.5474683544303798 0.5102150537634409 0.5879746835443038 0.48440860215053766 0.5879746835443038
37 0.5182795698924731 0.5474683544303798 0.5440860215053763 0.5474683544303798 0.5440860215053763 0.5778481012658229 0.5182795698924731 0.5778481012658229
2 0.5516129032258065 0.5474683544303798 0.5774193548387097 0.5474683544303798 0.5774193548387097 0.5879746835443038 0.5516129032258065 0.5879746835443038
0 0.5844086021505376 0.5474683544303798 0.6102150537634408 0.5474683544303798 0.6102150537634408 0.5879746835443038 0.5844086021505376 0.5879746835443038
2 0.6166666666666667 0.5474683544303798 0.6360215053763442 0.5474683544303798 0.6360215053763442 0.5886075949367089 0.6166666666666667 0.5886075949367089
5 0.6430107526881721 0.5474683544303798 0.6623655913978496 0.5474683544303798 0.6623655913978496 0.5886075949367089 0.6430107526881721 0.5886075949367089
20 0.25 0.5962025316455696 0.27580645161290324 0.5962025316455696 0.27580645161290324 0.6367088607594936 0.25 0.6367088607594936
32 0.28225806451612906 0.5962025316455696 0.3016129032258065 0.5962025316455696 0.3016129032258065 0.6373417721518987 0.28225806451612906 0.6373417721518987
25 0.3096774193548387 0.5962025316455696 0.33548387096774196 0.5962025316455696 0.33548387096774196 0.6367088607594936 0.3096774193548387 0.6367088607594936
36 0.3419354838709677 0.5962025316455696 0.3548387096774193 0.5962025316455696 0.3548387096774193 0.6265822784810127 0.3419354838709677 0.6265822784810127
0 0.3629032258064516 0.5962025316455696 0.38870967741935486 0.5962025316455696 0.38870967741935486 0.6373417721518987 0.3629032258064516 0.6373417721518987
4 0.39408602150537636 0.5962025316455696 0.4198924731182796 0.5962025316455696 0.4198924731182796 0.6367088607594936 0.39408602150537636 0.6367088607594936
37 0.4274193548387097 0.5962025316455696 0.4532258064516129 0.5962025316455696 0.4532258064516129 0.6272151898734177 0.4274193548387097 0.6272151898734177
0 0.4586021505376344 0.5962025316455696 0.48440860215053766 0.5962025316455696 0.48440860215053766 0.6367088607594936 0.4586021505376344 0.6367088607594936
7 0.48978494623655916 0.5962025316455696 0.5091397849462366 0.5962025316455696 0.5091397849462366 0.6297468354430379 0.48978494623655916 0.6297468354430379
37 0.5155913978494624 0.5962025316455696 0.5413978494623656 0.5962025316455696 0.5413978494623656 0.6265822784810127 0.5155913978494624 0.6265822784810127
2 0.5494623655913978 0.5962025316455696 0.575268817204301 0.5962025316455696 0.575268817204301 0.6367088607594936 0.5494623655913978 0.6367088607594936
0 0.5817204301075268 0.5962025316455696 0.6010752688172043 0.5962025316455696 0.6010752688172043 0.6373417721518987 0.5817204301075268 0.6373417721518987
2 0.6080645161290322 0.5962025316455696 0.6338709677419354 0.5962025316455696 0.6338709677419354 0.6367088607594936 0.6080645161290322 0.6367088607594936
5 0.6397849462365591 0.5962025316455696 0.6591397849462366 0.5962025316455696 0.6591397849462366 0.6373417721518987 0.6397849462365591 0.6373417721518987
