21 0.25 0.5227848101265823 0.2693548387096774 0.5227848101265823 0.2693548387096774 0.5639240506329114 0.25 0.5639240506329114
17 0.27741935483870966 0.5227848101265823 0.2967741935483871 0.5227848101265823 0.2967741935483871 0.5639240506329114 0.27741935483870966 0.5639240506329114
15 0.30376344086021506 0.5227848101265823 0.3295698924731183 0.5227848101265823 0.3295698924731183 0.5632911392405063 0.30376344086021506 0.5632911392405063
36 0.33548387096774196 0.5227848101265823 0.3473118279569893 0.5227848101265823 0.3473118279569893 0.5537974683544304 0.33548387096774196 0.5537974683544304
0 0.35268817204301073 0.5227848101265823 0.37204301075268814 0.5227848101265823 0.37204301075268814 0.5639240506329114 0.35268817204301073 0.5639240506329114
9 0.3795698924731183 0.5227848101265823 0.3989247311827957 0.5227848101265823 0.3989247311827957 0.5639240506329114 0.3795698924731183 0.5639240506329114
37 0.4043010752688172 0.5227848101265823 0.43010752688172044 0.5227848101265823 0.43010752688172044 0.5531645569620254 0.4043010752688172 0.5531645569620254
0 0.4381720430107527 0.5227848101265823 0.4575268817204301 0.5227848101265823 0.4575268817204301 0.5639240506329114 0.4381720430107527 0.5639240506329114
2 0.46559139784946235 0.5227848101265823 0.4913978494623656 0.5227848101265823 0.4913978494623656 0.5632911392405063 0.46559139784946235 0.5632911392405063
37 0.49838709677419357 0.5227848101265823 0.5241935483870968 0.5227848101265823 0.5241935483870968 0.5537974683544304 0.49838709677419357 0.5537974683544304
2 0.5311827956989247 0.5227848101265823 0.5505376344086022 0.5227848101265823 0.5505376344086022 0.5639240506329114 0.5311827956989247 0.5639240506329114
0 0.5580645161290323 0.5227848101265823 0.5838709677419355 0.5227848101265823 0.5838709677419355 0.5632911392405063 0.5580645161290323 0.5632911392405063
2 0.589247311827957 0.5227848101265823 0.6086021505376344 0.5227848101265823 0.6086021505376344 0.5639240506329114 0.589247311827957 0.5639240506329114
5 0.6155913978494624 0.5227848101265823 0.6413978494623656 0.5227848101265823 0.6413978494623656 0.5632911392405063 0.6155913978494624 0.5632911392405063
22 0.25 0.5715189873417722 0.2693548387096774 0.5715189873417722 0.2693548387096774 0.6126582278481013 0.25 0.6126582278481013
29 0.2747311827956989 0.5715189873417722 0.3 0.5715189873417722 0.3 0.6126582278481013 0.2747311827956989 0.6126582278481013
11 0.3053763440860215 0.5715189873417722 0.3247311827956989 0.5715189873417722 0.3247311827956989 0.6126582278481013 0.3053763440860215 0.6126582278481013
36 0.33064516129032256 0.5715189873417722 0.34354838709677415 0.5715189873417722 0.34354838709677415 0.6018987341772153 0.33064516129032256 0.6018987341772153
0 0.35161290322580646 0.5715189873417722 0.3774193548387097 0.5715189873417722 0.3774193548387097 0.6120253164556962 0.35161290322580646 0.6120253164556962
3 0.38387096774193546 0.5715189873417722 0.4096774193548387 0.5715189873417722 0.4096774193548387 0.6120253164556962 0.38387096774193546 0.6120253164556962
37 0.41559139784946236 0.5715189873417722 0.4413978494623656 0.5715189873417722 0.4413978494623656 0.6012658227848102 0.41559139784946236 0.6012658227848102
0 0.4467741935483871 0.5715189873417722 0.47258064516129034 0.5715189873417722 0.47258064516129034 0.6120253164556962 0.4467741935483871 0.6120253164556962
2 0.4790322580645161 0.5715189873417722 0.5048387096774193 0.5715189873417722 0.5048387096774193 0.6120253164556962 0.4790322580645161 0.6120253164556962
37 0.5118279569892473 0.5715189873417722 0.5376344086021505 0.5715189873417722 0.5376344086021505 0.6018987341772153 0.5118279569892473 0.6018987341772153
2 0.5435483870967742 0.5715189873417722 0.5693548387096774 0.5715189873417722 0.5693548387096774 0.6120253164556962 0.5435483870967742 0.6120253164556962
0 0.5752688172043011 0.5715189873417722 0.6010752688172043 0.5715189873417722 0.6010752688172043 0.6120253164556962 0.5752688172043011 0.6120253164556962
2 0.6069892473118279 0.5715189873417722 0.6263440860215054 0.5715189873417722 0.6263440860215054 0.6126582278481013 0.6069892473118279 0.6126582278481013
5 0.6327956989247312 0.5715189873417722 0.6586021505376344 0.5715189873417722 0.6586021505376344 0.6120253164556962 0.6327956989247312 0.6120253164556962
