11 0.25 0.4031645569620253 0.27580645161290324 0.4031645569620253 0.27580645161290324 0.44367088607594934 0.25 0.44367088607594934
22 0.28225806451612906 0.4031645569620253 0.3016129032258065 0.4031645569620253 0.3016129032258065 0.4443037974683544 0.28225806451612906 0.4443037974683544
19 0.3086021505376344 0.4031645569620253 0.3279569892473118 0.4031645569620253 0.3279569892473118 0.4443037974683544 0.3086021505376344 0.4443037974683544
36 0.3338709677419355 0.4031645569620253 0.3456989247311828 0.4031645569620253 0.3456989247311828 0.4341772151898734 0.3338709677419355 0.4341772151898734
0 0.35161290322580646 0.4031645569620253 0.3709677419354839 0.4031645569620253 0.3709677419354839 0.4443037974683544 0.35161290322580646 0.4443037974683544
7 0.3763440860215054 0.4031645569620253 0.4021505376344086 0.4031645569620253 0.4021505376344086 0.44367088607594934 0.3763440860215054 0.44367088607594934
37 0.40913978494623654 0.4031645569620253 0.4349462365591398 0.4031645569620253 0.4349462365591398 0.4341772151898734 0.40913978494623654 0.4341772151898734
2 0.443010752688172 0.4031645569620253 0.46881720430107526 0.4031645569620253 0.46881720430107526 0.44367088607594934 0.443010752688172 0.44367088607594934
8 0.47634408602150535 0.4031645569620253 0.5021505376344085 0.4031645569620253 0.5021505376344085 0.4443037974683544 0.47634408602150535 0.4443037974683544
37 0.5086021505376344 0.4031645569620253 0.5344086021505375 0.4031645569620253 0.5344086021505375 0.43354430379746833 0.5086021505376344 0.43354430379746833
2 0.5424731182795699 0.4031645569620253 0.5682795698924731 0.4031645569620253 0.5682795698924731 0.44367088607594934 0.5424731182795699 0.44367088607594934
0 0.5736559139784946 0.4031645569620253 0.5994623655913978 0.4031645569620253 0.5994623655913978 0.44367088607594934 0.5736559139784946 0.44367088607594934
2 0.6059139784946237 0.4031645569620253 0.6317204301075269 0.4031645569620253 0.6317204301075269 0.4443037974683544 0.6059139784946237 0.4443037974683544
5 0.639247311827957 0.4031645569620253 0.6650537634408602 0.4031645569620253 0.6650537634408602 0.44367088607594934 0.639247311827957 0.44367088607594934
11 0.25 0.4518987341772152 0.27580645161290324 0.4518987341772152 0.27580645161290324 0.4930379746835443 0.25 0.4930379746835443
34 0.2833333333333333 0.4518987341772152 0.30268817204301074 0.4518987341772152 0.30268817204301074 0.4930379746835443 0.2833333333333333 0.4930379746835443
16 0.310752688172043 0.4518987341772152 0.3365591397849462 0.4518987341772152 0.3365591397849462 0.49240506329113926 0.310752688172043 0.49240506329113926
36 0.3424731182795699 0.4518987341772152 0.35 0.4518987341772152 0.35 0.4778481012658228 0.3424731182795699 0.4778481012658228
0 0.3564516129032258 0.4518987341772152 0.38225806451612904 0.4518987341772152 0.38225806451612904 0.49240506329113926 0.3564516129032258 0.49240506329113926
6 0.38924731182795697 0.4518987341772152 0.4086021505376344 0.4518987341772152 0.4086021505376344 0.4930379746835443 0.38924731182795697 0.4930379746835443
37 0.4166666666666667 0.4518987341772152 0.4424731182795699 0.4518987341772152 0.4424731182795699 0.48227848101265824 0.4166666666666667 0.48227848101265824
1 0.4483870967741935 0.4518987341772152 0.46559139784946235 0.4518987341772152 0.46559139784946235 0.49240506329113926 0.4483870967741935 0.49240506329113926
5 0.4731182795698925 0.4518987341772152 0.49892473118279573 0.4518987341772152 0.49892473118279573 0.49240506329113926 0.4731182795698925 0.49240506329113926
37 0.5059139784946236 0.4518987341772152 0.5317204301075268 0.4518987341772152 0.5317204301075268 0.48227848101265824 0.5059139784946236 0.48227848101265824
2 0.5387096774193548 0.4518987341772152 0.5580645161290323 0.4518987341772152 0.5580645161290323 0.4930379746835443 0.5387096774193548 0.4930379746835443
0 0.5655913978494623 0.4518987341772152 0.5849462365591398 0.4518987341772152 0.5849462365591398 0.4930379746835443 0.5655913978494623 0.4930379746835443
2 0.593010752688172 0.4518987341772152 0.6188172043010752 0.4518987341772152 0.6188172043010752 0.49240506329113926 0.593010752688172 0.49240506329113926
5 0.6241935483870967 0.4518987341772152 0.6499999999999999 0.4518987341772152 0.6499999999999999 0.49240506329113926 0.6241935483870967 0.49240506329113926
