23 0.25 0.3620253164556962 0.27580645161290324 0.3620253164556962 0.27580645161290324 0.40253164556962023 0.25 0.40253164556962023
18 0.28225806451612906 0.3620253164556962 0.29516129032258065 0.3620253164556962 0.29516129032258065 0.4031645569620253 0.28225806451612906 0.4031645569620253
20 0.3032258064516129 0.3620253164556962 0.32903225806451614 0.3620253164556962 0.32903225806451614 0.40253164556962023 0.3032258064516129 0.40253164556962023
36 0.33602150537634407 0.3620253164556962 0.34892473118279566 0.3620253164556962 0.34892473118279566 0.3924050632911392 0.33602150537634407 0.3924050632911392
0 0.35591397849462364 0.3620253164556962 0.3817204301075269 0.3620253164556962 0.3817204301075269 0.40253164556962023 0.35591397849462364 0.40253164556962023
5 0.3881720430107527 0.3620253164556962 0.41397849462365593 0.3620253164556962 0.41397849462365593 0.40253164556962023 0.3881720430107527 0.40253164556962023
37 0.41935483870967744 0.3620253164556962 0.44516129032258067 0.3620253164556962 0.44516129032258067 0.39177215189873416 0.41935483870967744 0.39177215189873416
1 0.4505376344086022 0.3620253164556962 0.467741935483871 0.3620253164556962 0.467741935483871 0.40253164556962023 0.4505376344086022 0.40253164556962023
6 0.4736559139784946 0.3620253164556962 0.49946236559139784 0.3620253164556962 0.49946236559139784 0.40253164556962023 0.4736559139784946 0.40253164556962023
37 0.5075268817204301 0.3620253164556962 0.5333333333333333 0.3620253164556962 0.5333333333333333 0.3924050632911392 0.5075268817204301 0.3924050632911392
2 0.5408602150537635 0.3620253164556962 0.5602150537634409 0.3620253164556962 0.5602150537634409 0.4031645569620253 0.5408602150537635 0.4031645569620253
0 0.5661290322580645 0.3620253164556962 0.585483870967742 0.3620253164556962 0.585483870967742 0.4031645569620253 0.5661290322580645 0.4031645569620253
2 0.5935483870967742 0.3620253164556962 0.6129032258064516 0.3620253164556962 0.6129032258064516 0.4031645569620253 0.5935483870967742 0.4031645569620253
5 0.6193548387096774 0.3620253164556962 0.6451612903225806 0.3620253164556962 0.6451612903225806 0.40253164556962023 0.6193548387096774 0.40253164556962023
23 0.25 0.4107594936708861 0.2693548387096774 0.4107594936708861 0.2693548387096774 0.4518987341772152 0.25 0.4518987341772152
27 0.2752688172043011 0.4107594936708861 0.2946236559139785 0.4107594936708861 0.2946236559139785 0.4518987341772152 0.2752688172043011 0.4518987341772152
33 0.30053763440860215 0.4107594936708861 0.3263440860215054 0.4107594936708861 0.3263440860215054 0.45126582278481014 0.30053763440860215 0.45126582278481014
36 0.3317204301075269 0.4107594936708861 0.3435483870967742 0.4107594936708861 0.3435483870967742 0.4417721518987342 0.3317204301075269 0.4417721518987342
0 0.34946236559139787 0.4107594936708861 0.3752688172043011 0.4107594936708861 0.3752688172043011 0.45126582278481014 0.34946236559139787 0.45126582278481014
9 0.3827956989247312 0.4107594936708861 0.4021505376344086 0.4107594936708861 0.4021505376344086 0.4518987341772152 0.3827956989247312 0.4518987341772152
37 0.40860215053763443 0.4107594936708861 0.43440860215053767 0.4107594936708861 0.43440860215053767 0.4417721518987342 0.40860215053763443 0.4417721518987342
2 0.44086021505376344 0.4107594936708861 0.4666666666666667 0.4107594936708861 0.4666666666666667 0.45126582278481014 0.44086021505376344 0.45126582278481014
8 0.4731182795698925 0.4107594936708861 0.49892473118279573 0.4107594936708861 0.49892473118279573 0.45126582278481014 0.4731182795698925 0.45126582278481014
37 0.5064516129032258 0.4107594936708861 0.532258064516129 0.4107594936708861 0.532258064516129 0.44113924050632913 0.5064516129032258 0.44113924050632913
2 0.5376344086021505 0.4107594936708861 0.5634408602150537 0.4107594936708861 0.5634408602150537 0.45126582278481014 0.5376344086021505 0.45126582278481014
0 0.5693548387096774 0.4107594936708861 0.5951612903225806 0.4107594936708861 0.5951612903225806 0.45126582278481014 0.5693548387096774 0.45126582278481014
2 0.603225806451613 0.4107594936708861 0.6225806451612904 0.4107594936708861 0.6225806451612904 0.4518987341772152 0.603225806451613 0.4518987341772152
5 0.6290322580645161 0.4107594936708861 0.6548387096774193 0.4107594936708861 0.6548387096774193 0.45126582278481014 0.6290322580645161 0.45126582278481014
