11 0.25 0.3721518987341772 0.2693548387096774 0.3721518987341772 0.2693548387096774 0.4132911392405063 0.25 0.4132911392405063
19 0.2747311827956989 0.3721518987341772 0.2940860215053763 0.3721518987341772 0.2940860215053763 0.4132911392405063 0.2747311827956989 0.4132911392405063
16 0.3 0.3721518987341772 0.3258064516129032 0.3721518987341772 0.3258064516129032 0.41265822784810124 0.3 0.41265822784810124
36 0.3311827956989247 0.3721518987341772 0.34301075268817205 0.3721518987341772 0.34301075268817205 0.40253164556962023 0.3311827956989247 0.40253164556962023
0 0.3510752688172043 0.3721518987341772 0.3704301075268817 0.3721518987341772 0.3704301075268817 0.4132911392405063 0.3510752688172043 0.4132911392405063
3 0.37849462365591396 0.3721518987341772 0.3978494623655914 0.3721518987341772 0.3978494623655914 0.4132911392405063 0.37849462365591396 0.4132911392405063
37 0.4043010752688172 0.3721518987341772 0.43010752688172044 0.3721518987341772 0.43010752688172044 0.40253164556962023 0.4043010752688172 0.40253164556962023
0 0.43709677419354837 0.3721518987341772 0.4629032258064516 0.3721518987341772 0.4629032258064516 0.4132911392405063 0.43709677419354837 0.4132911392405063
6 0.47096774193548385 0.3721518987341772 0.49032258064516127 0.3721518987341772 0.49032258064516127 0.4132911392405063 0.47096774193548385 0.4132911392405063
37 0.4967741935483871 0.3721518987341772 0.5225806451612903 0.3721518987341772 0.5225806451612903 0.40253164556962023 0.4967741935483871 0.40253164556962023
2 0.5290322580645161 0.3721518987341772 0.5548387096774193 0.3721518987341772 0.5548387096774193 0.41265822784810124 0.5290322580645161 0.41265822784810124
0 0.5623655913978495 0.3721518987341772 0.5881720430107527 0.3721518987341772 0.5881720430107527 0.41265822784810124 0.5623655913978495 0.41265822784810124
2 0.5956989247311828 0.3721518987341772 0.621505376344086 0.3721518987341772 0.621505376344086 0.4132911392405063 0.5956989247311828 0.4132911392405063
5 0.6274193548387097 0.3721518987341772 0.6532258064516129 0.3721518987341772 0.6532258064516129 0.41265822784810124 0.6274193548387097 0.41265822784810124
22 0.25 0.4208860759493671 0.27580645161290324 0.4208860759493671 0.27580645161290324 0.46139240506329116 0.25 0.46139240506329116
14 0.2817204301075269 0.4208860759493671 0.3010752688172043 0.4208860759493671 0.3010752688172043 0.4620253164556962 0.2817204301075269 0.4620253164556962
25 0.30752688172043013 0.4208860759493671 0.32688172043010755 0.4208860759493671 0.32688172043010755 0.4620253164556962 0.30752688172043013 0.4620253164556962
36 0.3333333333333333 0.4208860759493671 0.3462365591397849 0.4208860759493671 0.3462365591397849 0.45126582278481014 0.3333333333333333 0.45126582278481014
1 0.35161290322580646 0.4208860759493671 0.3688172043010753 0.4208860759493671 0.3688172043010753 0.4620253164556962 0.35161290322580646 0.4620253164556962
0 0.3741935483870968 0.4208860759493671 0.3935483870967742 0.4208860759493671 0.3935483870967742 0.4620253164556962 0.3741935483870968 0.4620253164556962
37 0.40053763440860213 0.4208860759493671 0.42634408602150536 0.4208860759493671 0.42634408602150536 0.45126582278481014 0.40053763440860213 0.45126582278481014
1 0.432258064516129 0.4208860759493671 0.4451612903225806 0.4208860759493671 0.4451612903225806 0.4620253164556962 0.432258064516129 0.4620253164556962
4 0.4521505376344086 0.4208860759493671 0.47795698924731184 0.4208860759493671 0.47795698924731184 0.46139240506329116 0.4521505376344086 0.46139240506329116
37 0.4838709677419355 0.4208860759493671 0.5053763440860215 0.4208860759493671 0.5053763440860215 0.44620253164556967 0.4838709677419355 0.44620253164556967
2 0.5129032258064516 0.4208860759493671 0.5387096774193548 0.4208860759493671 0.5387096774193548 0.46139240506329116 0.5129032258064516 0.46139240506329116
0 0.5440860215053763 0.4208860759493671 0.5698924731182795 0.4208860759493671 0.5698924731182795 0.4620253164556962 0.5440860215053763 0.4620253164556962
2 0.5758064516129032 0.4208860759493671 0.6016129032258064 0.4208860759493671 0.6016129032258064 0.4620253164556962 0.5758064516129032 0.4620253164556962
5 0.6080645161290322 0.4208860759493671 0.6274193548387097 0.4208860759493671 0.6274193548387097 0.4620253164556962 0.6080645161290322 0.4620253164556962
