15 0.25 0.49936708860759493 0.2693548387096774 0.49936708860759493 0.2693548387096774 0.540506329113924 0.25 0.540506329113924
18 0.2747311827956989 0.49936708860759493 0.28817204301075267 0.49936708860759493 0.28817204301075267 0.540506329113924 0.2747311827956989 0.540506329113924
32 0.2956989247311828 0.49936708860759493 0.32150537634408605 0.49936708860759493 0.32150537634408605 0.540506329113924 0.2956989247311828 0.540506329113924
36 0.3279569892473118 0.49936708860759493 0.3354838709677419 0.49936708860759493 0.3354838709677419 0.5259493670886076 0.3279569892473118 0.5259493670886076
0 0.34086021505376346 0.49936708860759493 0.3666666666666667 0.49936708860759493 0.3666666666666667 0.539873417721519 0.34086021505376346 0.539873417721519
4 0.3720430107526882 0.49936708860759493 0.39784946236559143 0.49936708860759493 0.39784946236559143 0.539873417721519 0.3720430107526882 0.539873417721519
37 0.4032258064516129 0.49936708860759493 0.4290322580645161 0.49936708860759493 0.4290322580645161 0.529746835443038 0.4032258064516129 0.529746835443038
1 0.43548387096774194 0.49936708860759493 0.4489247311827957 0.49936708860759493 0.4489247311827957 0.540506329113924 0.43548387096774194 0.540506329113924
9 0.4553763440860215 0.49936708860759493 0.48118279569892475 0.49936708860759493 0.48118279569892475 0.540506329113924 0.4553763440860215 0.540506329113924
37 0.4870967741935484 0.49936708860759493 0.5129032258064516 0.49936708860759493 0.5129032258064516 0.529746835443038 0.4870967741935484 0.529746835443038
2 0.5209677419354839 0.49936708860759493 0.5467741935483871 0.49936708860759493 0.5467741935483871 0.539873417721519 0.5209677419354839 0.539873417721519
0 0.5543010752688172 0.49936708860759493 0.5801075268817204 0.49936708860759493 0.5801075268817204 0.540506329113924 0.5543010752688172 0.540506329113924
2 0.5870967741935483 0.49936708860759493 0.6129032258064515 0.49936708860759493 0.6129032258064515 0.539873417721519 0.5870967741935483 0.539873417721519
5 0.6182795698924731 0.49936708860759493 0.6376344086021506 0.49936708860759493 0.6376344086021506 0.540506329113924 0.6182795698924731 0.540506329113924
14 0.25 0.5481012658227848 0.27580645161290324 0.5481012658227848 0.27580645161290324 0.5886075949367089 0.25 0.5886075949367089
16 0.28118279569892474 0.5481012658227848 0.30053763440860215 0.5481012658227848 0.30053763440860215 0.589240506329114 0.28118279569892474 0.589240506329114
18 0.30752688172043013 0.5481012658227848 0.3204301075268817 0.5481012658227848 0.3204301075268817 0.589240506329114 0.30752688172043013 0.589240506329114
36 0.328494623655914 0.5481012658227848 0.34139784946236557 0.5481012658227848 0.34139784946236557 0.5784810126582279 0.328494623655914 0.5784810126582279
0 0.3467741935483871 0.5481012658227848 0.37258064516129036 0.5481012658227848 0.37258064516129036 0.5886075949367089 0.3467741935483871 0.5886075949367089
3 0.3795698924731183 0.5481012658227848 0.4053763440860215 0.5481012658227848 0.4053763440860215 0.5886075949367089 0.3795698924731183 0.5886075949367089
37 0.4112903225806452 0.5481012658227848 0.4370967741935484 0.5481012658227848 0.4370967741935484 0.5778481012658229 0.4112903225806452 0.5778481012658229
0 0.443010752688172 0.5481012658227848 0.46236559139784944 0.5481012658227848 0.46236559139784944 0.589240506329114 0.443010752688172 0.589240506329114
5 0.46774193548387094 0.5481012658227848 0.48709677419354835 0.5481012658227848 0.48709677419354835 0.589240506329114 0.46774193548387094 0.589240506329114
37 0.49516129032258066 0.5481012658227848 0.5209677419354839 0.5481012658227848 0.5209677419354839 0.5791139240506329 0.49516129032258066 0.5791139240506329
2 0.5268817204301075 0.5481012658227848 0.5526881720430107 0.5481012658227848 0.5526881720430107 0.5886075949367089 0.5268817204301075 0.5886075949367089
0 0.5586021505376344 0.5481012658227848 0.5779569892473119 0.5481012658227848 0.5779569892473119 0.589240506329114 0.5586021505376344 0.589240506329114
2 0.5844086021505376 0.5481012658227848 0.603763440860215 0.5481012658227848 0.603763440860215 0.589240506329114 0.5844086021505376 0.589240506329114
5 0.6102150537634409 0.5481012658227848 0.636021505376344 0.5481012658227848 0.636021505376344 0.5886075949367089 0.6102150537634409 0.5886075949367089
