11 0.25 0.36265822784810126 0.27580645161290324 0.36265822784810126 0.27580645161290324 0.4031645569620253 0.25 0.4031645569620253
25 0.28118279569892474 0.36265822784810126 0.306989247311828 0.36265822784810126 0.306989247311828 0.4031645569620253 0.28118279569892474 0.4031645569620253
23 0.31290322580645163 0.36265822784810126 0.33225806451612905 0.36265822784810126 0.33225806451612905 0.40379746835443037 0.31290322580645163 0.40379746835443037
36 0.339247311827957 0.36265822784810126 0.3510752688172043 0.36265822784810126 0.3510752688172043 0.3930379746835443 0.339247311827957 0.3930379746835443
0 0.3564516129032258 0.36265822784810126 0.38225806451612904 0.36265822784810126 0.38225806451612904 0.4031645569620253 0.3564516129032258 0.4031645569620253
7 0.3881720430107527 0.36265822784810126 0.41397849462365593 0.36265822784810126 0.41397849462365593 0.4031645569620253 0.3881720430107527 0.4031645569620253
37 0.4204301075268817 0.36265822784810126 0.44623655913978494 0.36265822784810126 0.44623655913978494 0.3930379746835443 0.4204301075268817 0.3930379746835443
0 0.4521505376344086 0.36265822784810126 0.47795698924731184 0.36265822784810126 0.47795698924731184 0.4031645569620253 0.4521505376344086 0.4031645569620253
7 0.48494623655913977 0.36265822784810126 0.5043010752688172 0.36265822784810126 0.5043010752688172 0.40379746835443037 0.48494623655913977 0.40379746835443037
37 0.5112903225806451 0.36265822784810126 0.5370967741935483 0.36265822784810126 0.5370967741935483 0.3930379746835443 0.5112903225806451 0.3930379746835443
2 0.5435483870967742 0.36265822784810126 0.5629032258064517 0.36265822784810126 0.5629032258064517 0.40379746835443037 0.5435483870967742 0.40379746835443037
0 0.5688172043010753 0.36265822784810126 0.5946236559139785 0.36265822784810126 0.5946236559139785 0.40379746835443037 0.5688172043010753 0.40379746835443037
2 0.6010752688172043 0.36265822784810126 0.6204301075268818 0.36265822784810126 0.6204301075268818 0.40379746835443037 0.6010752688172043 0.40379746835443037
5 0.628494623655914 0.36265822784810126 0.6543010752688172 0.36265822784810126 0.6543010752688172 0.4031645569620253 0.628494623655914 0.4031645569620253
21 0.25 0.41139240506329117 0.2693548387096774 0.41139240506329117 0.2693548387096774 0.4525316455696203 0.25 0.4525316455696203
10 0.27741935483870966 0.41139240506329117 0.3032258064516129 0.41139240506329117 0.3032258064516129 0.4518987341772152 0.27741935483870966 0.4518987341772152
31 0.30913978494623656 0.41139240506329117 0.3349462365591398 0.41139240506329117 0.3349462365591398 0.4518987341772152 0.30913978494623656 0.4518987341772152
36 0.34301075268817205 0.41139240506329117 0.3548387096774194 0.41139240506329117 0.3548387096774194 0.4417721518987342 0.34301075268817205 0.4417721518987342
0 0.3618279569892473 0.41139240506329117 0.3811827956989247 0.41139240506329117 0.3811827956989247 0.4525316455696203 0.3618279569892473 0.4525316455696203
1 0.38870967741935486 0.41139240506329117 0.40483870967741936 0.41139240506329117 0.40483870967741936 0.4518987341772152 0.38870967741935486 0.4518987341772152
37 0.41021505376344086 0.41139240506329117 0.4360215053763441 0.41139240506329117 0.4360215053763441 0.44240506329113927 0.41021505376344086 0.44240506329113927
2 0.44408602150537635 0.41139240506329117 0.4698924731182796 0.41139240506329117 0.4698924731182796 0.4518987341772152 0.44408602150537635 0.4518987341772152
8 0.4768817204301075 0.41139240506329117 0.5026881720430108 0.41139240506329117 0.5026881720430108 0.4518987341772152 0.4768817204301075 0.4518987341772152
37 0.5080645161290323 0.41139240506329117 0.5338709677419354 0.41139240506329117 0.5338709677419354 0.4417721518987342 0.5080645161290323 0.4417721518987342
2 0.5413978494623656 0.41139240506329117 0.5672043010752688 0.41139240506329117 0.5672043010752688 0.4525316455696203 0.5413978494623656 0.4525316455696203
0 0.5736559139784946 0.41139240506329117 0.5994623655913978 0.41139240506329117 0.5994623655913978 0.4518987341772152 0.5736559139784946 0.4518987341772152
2 0.6069892473118279 0.41139240506329117 0.6327956989247311 0.41139240506329117 0.6327956989247311 0.4518987341772152 0.6069892473118279 0.4518987341772152
5 0.6397849462365591 0.41139240506329117 0.6655913978494623 0.41139240506329117 0.6655913978494623 0.4525316455696203 0.6397849462365591 0.4525316455696203
