16 0.25 0.39556962025316456 0.27580645161290324 0.39556962025316456 0.27580645161290324 0.4360759493670886 0.25 0.4360759493670886
18 0.28225806451612906 0.39556962025316456 0.2994623655913979 0.39556962025316456 0.2994623655913979 0.4360759493670886 0.28225806451612906 0.4360759493670886
29 0.3064516129032258 0.39556962025316456 0.3258064516129032 0.39556962025316456 0.3258064516129032 0.43670886075949367 0.3064516129032258 0.43670886075949367
36 0.3338709677419355 0.39556962025316456 0.3456989247311828 0.39556962025316456 0.3456989247311828 0.42658227848101266 0.3338709677419355 0.42658227848101266
1 0.35376344086021505 0.39556962025316456 0.3709677419354839 0.39556962025316456 0.3709677419354839 0.4360759493670886 0.35376344086021505 0.4360759493670886
0 0.37849462365591396 0.39556962025316456 0.4043010752688172 0.39556962025316456 0.4043010752688172 0.4360759493670886 0.37849462365591396 0.4360759493670886
37 0.41236559139784945 0.39556962025316456 0.4381720430107527 0.39556962025316456 0.4381720430107527 0.4259493670886076 0.41236559139784945 0.4259493670886076
1 0.4456989247311828 0.39556962025316456 0.45860215053763437 0.39556962025316456 0.45860215053763437 0.43670886075949367 0.4456989247311828 0.43670886075949367
8 0.4666666666666667 0.39556962025316456 0.4924731182795699 0.39556962025316456 0.4924731182795699 0.4360759493670886 0.4666666666666667 0.4360759493670886
37 0.4989247311827957 0.39556962025316456 0.5247311827956989 0.39556962025316456 0.5247311827956989 0.4253164556962025 0.4989247311827957 0.4253164556962025
2 0.532258064516129 0.39556962025316456 0.5580645161290322 0.39556962025316456 0.5580645161290322 0.43670886075949367 0.532258064516129 0.43670886075949367
0 0.5645161290322581 0.39556962025316456 0.5903225806451613 0.39556962025316456 0.5903225806451613 0.4360759493670886 0.5645161290322581 0.4360759493670886
2 0.5983870967741935 0.39556962025316456 0.6241935483870967 0.39556962025316456 0.6241935483870967 0.4360759493670886 0.5983870967741935 0.4360759493670886
5 0.6311827956989248 0.39556962025316456 0.656989247311828 0.39556962025316456 0.656989247311828 0.4360759493670886 0.6311827956989248 0.4360759493670886
27 0.25 0.4443037974683544 0.2693548387096774 0.4443037974683544 0.2693548387096774 0.4854430379746835 0.25 0.4854430379746835
11 0.27741935483870966 0.4443037974683544 0.3032258064516129 0.4443037974683544 0.3032258064516129 0.48481012658227846 0.27741935483870966 0.48481012658227846
32 0.3096774193548387 0.4443037974683544 0.33548387096774196 0.4443037974683544 0.33548387096774196 0.48481012658227846 0.3096774193548387 0.48481012658227846
36 0.34086021505376346 0.4443037974683544 0.35376344086021505 0.4443037974683544 0.35376344086021505 0.47468354430379744 0.34086021505376346 0.47468354430379744
0 0.3602150537634409 0.4443037974683544 0.3860215053763441 0.4443037974683544 0.3860215053763441 0.48481012658227846 0.3602150537634409 0.48481012658227846
4 0.3935483870967742 0.4443037974683544 0.41935483870967744 0.4443037974683544 0.41935483870967744 0.48481012658227846 0.3935483870967742 0.48481012658227846
37 0.42473118279569894 0.4443037974683544 0.4505376344086022 0.4443037974683544 0.4505376344086022 0.4740506329113924 0.42473118279569894 0.4740506329113924
2 0.45645161290322583 0.4443037974683544 0.47580645161290325 0.4443037974683544 0.47580645161290325 0.4854430379746835 0.45645161290322583 0.4854430379746835
4 0.48333333333333334 0.4443037974683544 0.5026881720430108 0.4443037974683544 0.5026881720430108 0.4854430379746835 0.48333333333333334 0.4854430379746835
37 0.5080645161290323 0.4443037974683544 0.5338709677419354 0.4443037974683544 0.5338709677419354 0.4740506329113924 0.5080645161290323 0.4740506329113924
2 0.5403225806451613 0.4443037974683544 0.5661290322580644 0.4443037974683544 0.5661290322580644 0.48481012658227846 0.5403225806451613 0.48481012658227846
0 0.5720430107526882 0.4443037974683544 0.5978494623655913 0.4443037974683544 0.5978494623655913 0.48481012658227846 0.5720430107526882 0.48481012658227846
2 0.603225806451613 0.4443037974683544 0.6225806451612904 0.4443037974683544 0.6225806451612904 0.4854430379746835 0.603225806451613 0.4854430379746835
5 0.628494623655914 0.4443037974683544 0.6543010752688172 0.4443037974683544 0.6543010752688172 0.48481012658227846 0.628494623655914 0.48481012658227846
