32 0.25 0.5879746835443038 0.27580645161290324 0.5879746835443038 0.27580645161290324 0.6284810126582279 0.25 0.6284810126582279
27 0.2817204301075269 0.5879746835443038 0.3010752688172043 0.5879746835443038 0.3010752688172043 0.6291139240506329 0.2817204301075269 0.6291139240506329
34 0.3064516129032258 0.5879746835443038 0.33225806451612905 0.5879746835443038 0.33225806451612905 0.6284810126582279 0.3064516129032258 0.6284810126582279
36 0.33978494623655914 0.5879746835443038 0.34623655913978496 0.5879746835443038 0.34623655913978496 0.6139240506329114 0.33978494623655914 0.6139240506329114
0 0.35268817204301073 0.5879746835443038 0.37204301075268814 0.5879746835443038 0.37204301075268814 0.6291139240506329 0.35268817204301073 0.6291139240506329
8 0.37849462365591396 0.5879746835443038 0.4043010752688172 0.5879746835443038 0.4043010752688172 0.6284810126582279 0.37849462365591396 0.6284810126582279
37 0.410752688172043 0.5879746835443038 0.43655913978494626 0.5879746835443038 0.43655913978494626 0.6183544303797469 0.410752688172043 0.6183544303797469
0 0.44193548387096776 0.5879746835443038 0.467741935483871 0.5879746835443038 0.467741935483871 0.6291139240506329 0.44193548387096776 0.6291139240506329
7 0.47419354838709676 0.5879746835443038 0.5 0.5879746835443038 0.5 0.6284810126582279 0.47419354838709676 0.6284810126582279
37 0.5075268817204301 0.5879746835443038 0.5333333333333333 0.5879746835443038 0.5333333333333333 0.6183544303797469 0.5075268817204301 0.6183544303797469
2 0.5408602150537635 0.5879746835443038 0.5602150537634409 0.5879746835443038 0.5602150537634409 0.6291139240506329 0.5408602150537635 0.6291139240506329
0 0.5655913978494623 0.5879746835443038 0.5849462365591398 0.5879746835443038 0.5849462365591398 0.6291139240506329 0.5655913978494623 0.6291139240506329
2 0.5913978494623656 0.5879746835443038 0.6172043010752688 0.5879746835443038 0.6172043010752688 0.6284810126582279 0.5913978494623656 0.6284810126582279
5 0.6225806451612903 0.5879746835443038 0.6483870967741935 0.5879746835443038 0.6483870967741935 0.6284810126582279 0.6225806451612903 0.6284810126582279
25 0.25 0.6367088607594936 0.27580645161290324 0.6367088607594936 0.27580645161290324 0.6772151898734177 0.25 0.6772151898734177
11 0.28118279569892474 0.6367088607594936 0.30053763440860215 0.6367088607594936 0.30053763440860215 0.6778481012658227 0.28118279569892474 0.6778481012658227
33 0.30806451612903224 0.6367088607594936 0.32741935483870965 0.6367088607594936 0.32741935483870965 0.6778481012658227 0.30806451612903224 0.6778481012658227
36 0.3338709677419355 0.6367088607594936 0.3456989247311828 0.6367088607594936 0.3456989247311828 0.6670886075949367 0.3338709677419355 0.6670886075949367
0 0.35376344086021505 0.6367088607594936 0.3795698924731183 0.6367088607594936 0.3795698924731183 0.6772151898734177 0.35376344086021505 0.6772151898734177
4 0.3865591397849462 0.6367088607594936 0.40591397849462363 0.6367088607594936 0.40591397849462363 0.6778481012658227 0.3865591397849462 0.6778481012658227
37 0.4118279569892473 0.6367088607594936 0.4376344086021505 0.6367088607594936 0.4376344086021505 0.6677215189873418 0.4118279569892473 0.6677215189873418
0 0.4456989247311828 0.6367088607594936 0.4650537634408602 0.6367088607594936 0.4650537634408602 0.6778481012658227 0.4456989247311828 0.6778481012658227
2 0.4731182795698925 0.6367088607594936 0.4924731182795699 0.6367088607594936 0.4924731182795699 0.6778481012658227 0.4731182795698925 0.6778481012658227
37 0.5005376344086021 0.6367088607594936 0.5220430107526881 0.6367088607594936 0.5220430107526881 0.6620253164556962 0.5005376344086021 0.6620253164556962
2 0.5274193548387097 0.6367088607594936 0.5467741935483872 0.6367088607594936 0.5467741935483872 0.6778481012658227 0.5274193548387097 0.6778481012658227
0 0.5548387096774193 0.6367088607594936 0.5741935483870968 0.6367088607594936 0.5741935483870968 0.6778481012658227 0.5548387096774193 0.6778481012658227
2 0.5801075268817204 0.6367088607594936 0.5994623655913979 0.6367088607594936 0.5994623655913979 0.6778481012658227 0.5801075268817204 0.6778481012658227
5 0.6075268817204301 0.6367088607594936 0.6268817204301076 0.6367088607594936 0.6268817204301076 0.6778481012658227 0.6075268817204301 0.6778481012658227
