17 0.25 0.42468354430379746 0.27580645161290324 0.42468354430379746 0.27580645161290324 0.4651898734177215 0.25 0.4651898734177215
17 0.28118279569892474 0.42468354430379746 0.306989247311828 0.42468354430379746 0.306989247311828 0.4651898734177215 0.28118279569892474 0.4651898734177215
31 0.3123655913978495 0.42468354430379746 0.3381720430107527 0.42468354430379746 0.3381720430107527 0.4651898734177215 0.3123655913978495 0.4651898734177215
36 0.3435483870967742 0.42468354430379746 0.3564516129032258 0.42468354430379746 0.3564516129032258 0.4550632911392405 0.3435483870967742 0.4550632911392405
0 0.3618279569892473 0.42468354430379746 0.38763440860215054 0.42468354430379746 0.38763440860215054 0.4651898734177215 0.3618279569892473 0.4651898734177215
5 0.3956989247311828 0.42468354430379746 0.421505376344086 0.42468354430379746 0.421505376344086 0.46582278481012657 0.3956989247311828 0.46582278481012657
37 0.4274193548387097 0.42468354430379746 0.4532258064516129 0.42468354430379746 0.4532258064516129 0.4550632911392405 0.4274193548387097 0.4550632911392405
2 0.460752688172043 0.42468354430379746 0.48655913978494625 0.42468354430379746 0.48655913978494625 0.4651898734177215 0.460752688172043 0.4651898734177215
4 0.49193548387096775 0.42468354430379746 0.5177419354838709 0.42468354430379746 0.5177419354838709 0.4651898734177215 0.49193548387096775 0.4651898734177215
37 0.5258064516129032 0.42468354430379746 0.5516129032258064 0.42468354430379746 0.5516129032258064 0.4550632911392405 0.5258064516129032 0.4550632911392405
2 0.5591397849462365 0.42468354430379746 0.5849462365591397 0.42468354430379746 0.5849462365591397 0.4651898734177215 0.5591397849462365 0.4651898734177215
0 0.5903225806451613 0.42468354430379746 0.6096774193548388 0.42468354430379746 0.6096774193548388 0.46582278481012657 0.5903225806451613 0.46582278481012657
2 0.6150537634408603 0.42468354430379746 0.6344086021505377 0.42468354430379746 0.6344086021505377 0.46582278481012657 0.6150537634408603 0.46582278481012657
5 0.6403225806451613 0.42468354430379746 0.6596774193548388 0.42468354430379746 0.6596774193548388 0.46582278481012657 0.6403225806451613 0.46582278481012657
24 0.25 0.47341772151898737 0.27580645161290324 0.47341772151898737 0.27580645161290324 0.5139240506329115 0.25 0.5139240506329115
30 0.28279569892473116 0.47341772151898737 0.3086021505376344 0.47341772151898737 0.3086021505376344 0.5139240506329115 0.28279569892473116 0.5139240506329115
26 0.3161290322580645 0.47341772151898737 0.3419354838709677 0.47341772151898737 0.3419354838709677 0.5139240506329115 0.3161290322580645 0.5139240506329115
36 0.35 0.47341772151898737 0.36290322580645157 0.47341772151898737 0.36290322580645157 0.5044303797468355 0.35 0.5044303797468355
0 0.3682795698924731 0.47341772151898737 0.39408602150537636 0.47341772151898737 0.39408602150537636 0.5139240506329115 0.3682795698924731 0.5139240506329115
7 0.39946236559139786 0.47341772151898737 0.4252688172043011 0.47341772151898737 0.4252688172043011 0.5139240506329115 0.39946236559139786 0.5139240506329115
37 0.4327956989247312 0.47341772151898737 0.4586021505376344 0.47341772151898737 0.4586021505376344 0.5044303797468355 0.4327956989247312 0.5044303797468355
2 0.4645161290322581 0.47341772151898737 0.4903225806451613 0.47341772151898737 0.4903225806451613 0.5139240506329115 0.4645161290322581 0.5139240506329115
5 0.4956989247311828 0.47341772151898737 0.521505376344086 0.47341772151898737 0.521505376344086 0.5139240506329115 0.4956989247311828 0.5139240506329115
37 0.5279569892473118 0.47341772151898737 0.553763440860215 0.47341772151898737 0.553763440860215 0.5037974683544304 0.5279569892473118 0.5037974683544304
2 0.5602150537634408 0.47341772151898737 0.586021505376344 0.47341772151898737 0.586021505376344 0.5139240506329115 0.5602150537634408 0.5139240506329115
0 0.5940860215053764 0.47341772151898737 0.6198924731182796 0.47341772151898737 0.6198924731182796 0.5139240506329115 0.5940860215053764 0.5139240506329115
2 0.6279569892473118 0.47341772151898737 0.653763440860215 0.47341772151898737 0.653763440860215 0.5139240506329115 0.6279569892473118 0.5139240506329115
5 0.660752688172043 0.47341772151898737 0.6801075268817205 0.47341772151898737 0.6801075268817205 0.5145569620253165 0.660752688172043 0.5145569620253165
