11 0.25 0.6613924050632911 0.27580645161290324 0.6613924050632911 0.27580645161290324 0.7025316455696202 0.25 0.7025316455696202
12 0.2817204301075269 0.6613924050632911 0.30752688172043013 0.6613924050632911 0.30752688172043013 0.7018987341772152 0.2817204301075269 0.7018987341772152
12 0.31451612903225806 0.6613924050632911 0.3403225806451613 0.6613924050632911 0.3403225806451613 0.7018987341772152 0.31451612903225806 0.7018987341772152
36 0.3456989247311828 0.6613924050632911 0.3586021505376344 0.6613924050632911 0.3586021505376344 0.6917721518987342 0.3456989247311828 0.6917721518987342
0 0.3650537634408602 0.6613924050632911 0.39086021505376345 0.6613924050632911 0.39086021505376345 0.7018987341772152 0.3650537634408602 0.7018987341772152
3 0.3989247311827957 0.6613924050632911 0.42473118279569894 0.6613924050632911 0.42473118279569894 0.7018987341772152 0.3989247311827957 0.7018987341772152
37 0.43010752688172044 0.6613924050632911 0.4559139784946237 0.6613924050632911 0.4559139784946237 0.6917721518987342 0.43010752688172044 0.6917721518987342
1 0.46236559139784944 0.6613924050632911 0.47526881720430103 0.6613924050632911 0.47526881720430103 0.7025316455696202 0.46236559139784944 0.7025316455696202
4 0.48333333333333334 0.6613924050632911 0.5026881720430108 0.6613924050632911 0.5026881720430108 0.7025316455696202 0.48333333333333334 0.7025316455696202
37 0.5086021505376344 0.6613924050632911 0.5344086021505375 0.6613924050632911 0.5344086021505375 0.6917721518987342 0.5086021505376344 0.6917721518987342
2 0.5413978494623656 0.6613924050632911 0.560752688172043 0.6613924050632911 0.560752688172043 0.7025316455696202 0.5413978494623656 0.7025316455696202
0 0.5661290322580645 0.6613924050632911 0.5919354838709677 0.6613924050632911 0.5919354838709677 0.7018987341772152 0.5661290322580645 0.7018987341772152
2 0.5989247311827957 0.6613924050632911 0.6247311827956988 0.6613924050632911 0.6247311827956988 0.7025316455696202 0.5989247311827957 0.7025316455696202
5 0.6306451612903226 0.6613924050632911 0.6564516129032257 0.6613924050632911 0.6564516129032257 0.7018987341772152 0.6306451612903226 0.7018987341772152
14 0.25 0.710126582278481 0.27580645161290324 0.710126582278481 0.27580645161290324 0.7506329113924051 0.25 0.7506329113924051
35 0.2838709677419355 0.710126582278481 0.3032258064516129 0.710126582278481 0.3032258064516129 0.7512658227848101 0.2838709677419355 0.7512658227848101
35 0.310752688172043 0.710126582278481 0.3365591397849462 0.710126582278481 0.3365591397849462 0.7512658227848101 0.310752688172043 0.7512658227848101
36 0.3419354838709677 0.710126582278481 0.35376344086021505 0.710126582278481 0.35376344086021505 0.7405063291139241 0.3419354838709677 0.7405063291139241
0 0.3596774193548387 0.710126582278481 0.38548387096774195 0.710126582278481 0.38548387096774195 0.7506329113924051 0.3596774193548387 0.7506329113924051
1 0.39301075268817204 0.710126582278481 0.40913978494623654 0.710126582278481 0.40913978494623654 0.7506329113924051 0.39301075268817204 0.7506329113924051
37 0.4172043010752688 0.710126582278481 0.443010752688172 0.710126582278481 0.443010752688172 0.7411392405063291 0.4172043010752688 0.7411392405063291
2 0.4489247311827957 0.710126582278481 0.4747311827956989 0.710126582278481 0.4747311827956989 0.7506329113924051 0.4489247311827957 0.7506329113924051
4 0.4801075268817204 0.710126582278481 0.5059139784946236 0.710126582278481 0.5059139784946236 0.7506329113924051 0.4801075268817204 0.7506329113924051
37 0.5134408602150538 0.710126582278481 0.5392473118279569 0.710126582278481 0.5392473118279569 0.7405063291139241 0.5134408602150538 0.7405063291139241
2 0.5473118279569893 0.710126582278481 0.5731182795698925 0.710126582278481 0.5731182795698925 0.7506329113924051 0.5473118279569893 0.7506329113924051
0 0.5811827956989247 0.710126582278481 0.6069892473118279 0.710126582278481 0.6069892473118279 0.7506329113924051 0.5811827956989247 0.7506329113924051
2 0.6123655913978494 0.710126582278481 0.6381720430107526 0.710126582278481 0.6381720430107526 0.7506329113924051 0.6123655913978494 0.7506329113924051
5 0.6446236559139785 0.710126582278481 0.6704301075268817 0.710126582278481 0.6704301075268817 0.7506329113924051 0.6446236559139785 0.7506329113924051
