29 0.25 0.35443037974683544 0.27580645161290324 0.35443037974683544 0.27580645161290324 0.3949367088607595 0.25 0.3949367088607595
13 0.2838709677419355 0.35443037974683544 0.3096774193548387 0.35443037974683544 0.3096774193548387 0.3949367088607595 0.2838709677419355 0.3949367088607595
32 0.31666666666666665 0.35443037974683544 0.33602150537634407 0.35443037974683544 0.33602150537634407 0.39556962025316456 0.31666666666666665 0.39556962025316456
36 0.3424731182795699 0.35443037974683544 0.3553763440860215 0.35443037974683544 0.3553763440860215 0.3848101265822785 0.3424731182795699 0.3848101265822785
0 0.3634408602150538 0.35443037974683544 0.389247311827957 0.35443037974683544 0.389247311827957 0.39556962025316456 0.3634408602150538 0.39556962025316456
3 0.39731182795698927 0.35443037974683544 0.4231182795698925 0.35443037974683544 0.4231182795698925 0.3949367088607595 0.39731182795698927 0.3949367088607595
37 0.43010752688172044 0.35443037974683544 0.4559139784946237 0.35443037974683544 0.4559139784946237 0.38544303797468354 0.43010752688172044 0.38544303797468354
1 0.46236559139784944 0.35443037974683544 0.47526881720430103 0.35443037974683544 0.47526881720430103 0.39556962025316456 0.46236559139784944 0.39556962025316456
7 0.4806451612903226 0.35443037974683544 0.5 0.35443037974683544 0.5 0.39556962025316456 0.4806451612903226 0.39556962025316456
37 0.5059139784946236 0.35443037974683544 0.5317204301075268 0.35443037974683544 0.5317204301075268 0.3848101265822785 0.5059139784946236 0.3848101265822785
2 0.5370967741935484 0.35443037974683544 0.5629032258064516 0.35443037974683544 0.5629032258064516 0.3949367088607595 0.5370967741935484 0.3949367088607595
0 0.5698924731182796 0.35443037974683544 0.5956989247311828 0.35443037974683544 0.5956989247311828 0.3949367088607595 0.5698924731182796 0.3949367088607595
2 0.6010752688172043 0.35443037974683544 0.6268817204301075 0.35443037974683544 0.6268817204301075 0.39556962025316456 0.6010752688172043 0.39556962025316456
5 0.6338709677419355 0.35443037974683544 0.6596774193548387 0.35443037974683544 0.6596774193548387 0.39556962025316456 0.6338709677419355 0.39556962025316456
16 0.25 0.4031645569620253 0.27580645161290324 0.4031645569620253 0.27580645161290324 0.44367088607594934 0.25 0.44367088607594934
33 0.2833333333333333 0.4031645569620253 0.30268817204301074 0.4031645569620253 0.30268817204301074 0.4443037974683544 0.2833333333333333 0.4443037974683544
25 0.3102150537634409 0.4031645569620253 0.3360215053763441 0.4031645569620253 0.3360215053763441 0.44367088607594934 0.3102150537634409 0.44367088607594934
36 0.34301075268817205 0.4031645569620253 0.3548387096774194 0.4031645569620253 0.3548387096774194 0.43354430379746833 0.34301075268817205 0.43354430379746833
0 0.3629032258064516 0.4031645569620253 0.38870967741935486 0.4031645569620253 0.38870967741935486 0.44367088607594934 0.3629032258064516 0.44367088607594934
2 0.39408602150537636 0.4031645569620253 0.4198924731182796 0.4031645569620253 0.4198924731182796 0.44367088607594934 0.39408602150537636 0.44367088607594934
37 0.4258064516129032 0.4031645569620253 0.45161290322580644 0.4031645569620253 0.45161290322580644 0.43354430379746833 0.4258064516129032 0.43354430379746833
0 0.45698924731182794 0.4031645569620253 0.4827956989247312 0.4031645569620253 0.4827956989247312 0.44367088607594934 0.45698924731182794 0.44367088607594934
6 0.489247311827957 0.4031645569620253 0.5150537634408602 0.4031645569620253 0.5150537634408602 0.44367088607594934 0.489247311827957 0.44367088607594934
37 0.5231182795698924 0.4031645569620253 0.5489247311827956 0.4031645569620253 0.5489247311827956 0.43354430379746833 0.5231182795698924 0.43354430379746833
2 0.556989247311828 0.4031645569620253 0.5763440860215054 0.4031645569620253 0.5763440860215054 0.4443037974683544 0.556989247311828 0.4443037974683544
0 0.5827956989247312 0.4031645569620253 0.6086021505376343 0.4031645569620253 0.6086021505376343 0.44367088607594934 0.5827956989247312 0.44367088607594934
2 0.6150537634408603 0.4031645569620253 0.6408602150537634 0.4031645569620253 0.6408602150537634 0.44367088607594934 0.6150537634408603 0.44367088607594934
5 0.6478494623655914 0.4031645569620253 0.6736559139784946 0.4031645569620253 0.6736559139784946 0.44367088607594934 0.6478494623655914 0.44367088607594934
