21 0.25 0.4544303797468354 0.27580645161290324 0.4544303797468354 0.27580645161290324 0.49493670886075947 0.25 0.49493670886075947
19 0.2817204301075269 0.4544303797468354 0.30752688172043013 0.4544303797468354 0.30752688172043013 0.49493670886075947 0.2817204301075269 0.49493670886075947
15 0.31451612903225806 0.4544303797468354 0.3338709677419355 0.4544303797468354 0.3338709677419355 0.49556962025316453 0.31451612903225806 0.49556962025316453
36 0.339247311827957 0.4544303797468354 0.3510752688172043 0.4544303797468354 0.3510752688172043 0.48481012658227846 0.339247311827957 0.48481012658227846
0 0.3575268817204301 0.4544303797468354 0.38333333333333336 0.4544303797468354 0.38333333333333336 0.49493670886075947 0.3575268817204301 0.49493670886075947
4 0.38870967741935486 0.4544303797468354 0.4080645161290323 0.4544303797468354 0.4080645161290323 0.49556962025316453 0.38870967741935486 0.49556962025316453
37 0.4150537634408602 0.4544303797468354 0.44086021505376344 0.4544303797468354 0.44086021505376344 0.48481012658227846 0.4150537634408602 0.48481012658227846
1 0.4467741935483871 0.4544303797468354 0.45645161290322583 0.4544303797468354 0.45645161290322583 0.49556962025316453 0.4467741935483871 0.49556962025316453
5 0.46182795698924733 0.4544303797468354 0.48763440860215057 0.4544303797468354 0.48763440860215057 0.49493670886075947 0.46182795698924733 0.49493670886075947
37 0.4946236559139785 0.4544303797468354 0.5204301075268817 0.4544303797468354 0.5204301075268817 0.48481012658227846 0.4946236559139785 0.48481012658227846
2 0.5268817204301075 0.4544303797468354 0.546236559139785 0.4544303797468354 0.546236559139785 0.49556962025316453 0.5268817204301075 0.49556962025316453
0 0.5516129032258065 0.4544303797468354 0.5709677419354839 0.4544303797468354 0.5709677419354839 0.49556962025316453 0.5516129032258065 0.49556962025316453
2 0.578494623655914 0.4544303797468354 0.6043010752688172 0.4544303797468354 0.6043010752688172 0.49493670886075947 0.578494623655914 0.49493670886075947
5 0.6118279569892473 0.4544303797468354 0.6311827956989248 0.4544303797468354 0.6311827956989248 0.49556962025316453 0.6118279569892473 0.49556962025316453
34 0.25 0.5031645569620253 0.2693548387096774 0.5031645569620253 0.2693548387096774 0.5443037974683544 0.25 0.5443037974683544
28 0.2768817204301075 0.5031645569620253 0.2962365591397849 0.5031645569620253 0.2962365591397849 0.5443037974683544 0.2768817204301075 0.5443037974683544
32 0.30268817204301074 0.5031645569620253 0.32204301075268815 0.5031645569620253 0.32204301075268815 0.5443037974683544 0.30268817204301074 0.5443037974683544
36 0.32741935483870965 0.5031645569620253 0.33494623655913974 0.5031645569620253 0.33494623655913974 0.529746835443038 0.32741935483870965 0.529746835443038
0 0.3403225806451613 0.5031645569620253 0.36612903225806454 0.5031645569620253 0.36612903225806454 0.5436708860759494 0.3403225806451613 0.5436708860759494
9 0.3736559139784946 0.5031645569620253 0.39301075268817204 0.5031645569620253 0.39301075268817204 0.5443037974683544 0.3736559139784946 0.5443037974683544
37 0.39838709677419354 0.5031645569620253 0.4241935483870968 0.5031645569620253 0.4241935483870968 0.5335443037974684 0.39838709677419354 0.5335443037974684
2 0.4311827956989247 0.5031645569620253 0.4505376344086021 0.5031645569620253 0.4505376344086021 0.5443037974683544 0.4311827956989247 0.5443037974683544
3 0.45645161290322583 0.5031645569620253 0.48225806451612907 0.5031645569620253 0.48225806451612907 0.5436708860759494 0.45645161290322583 0.5436708860759494
37 0.4876344086021505 0.5031645569620253 0.5134408602150538 0.5031645569620253 0.5134408602150538 0.5341772151898734 0.4876344086021505 0.5341772151898734
2 0.521505376344086 0.5031645569620253 0.5408602150537635 0.5031645569620253 0.5408602150537635 0.5443037974683544 0.521505376344086 0.5443037974683544
0 0.5483870967741935 0.5031645569620253 0.567741935483871 0.5031645569620253 0.567741935483871 0.5443037974683544 0.5483870967741935 0.5443037974683544
2 0.5758064516129032 0.5031645569620253 0.5951612903225807 0.5031645569620253 0.5951612903225807 0.5443037974683544 0.5758064516129032 0.5443037974683544
5 0.6010752688172043 0.5031645569620253 0.6204301075268818 0.5031645569620253 0.6204301075268818 0.5443037974683544 0.6010752688172043 0.5443037974683544
