14 0.25 0.5120253164556962 0.27580645161290324 0.5120253164556962 0.27580645161290324 0.5531645569620253 0.25 0.5531645569620253
19 0.28225806451612906 0.5120253164556962 0.3080645161290323 0.5120253164556962 0.3080645161290323 0.5525316455696202 0.28225806451612906 0.5525316455696202
27 0.3150537634408602 0.5120253164556962 0.33440860215053764 0.5120253164556962 0.33440860215053764 0.5531645569620253 0.3150537634408602 0.5531645569620253
36 0.34139784946236557 0.5120253164556962 0.35430107526881716 0.5120253164556962 0.35430107526881716 0.5424050632911392 0.34139784946236557 0.5424050632911392
0 0.3618279569892473 0.5120253164556962 0.38763440860215054 0.5120253164556962 0.38763440860215054 0.5525316455696202 0.3618279569892473 0.5525316455696202
9 0.3956989247311828 0.5120253164556962 0.421505376344086 0.5120253164556962 0.421505376344086 0.5525316455696202 0.3956989247311828 0.5525316455696202
37 0.4274193548387097 0.5120253164556962 0.4532258064516129 0.5120253164556962 0.4532258064516129 0.5424050632911392 0.4274193548387097 0.5424050632911392
2 0.4612903225806452 0.5120253164556962 0.4870967741935484 0.5120253164556962 0.4870967741935484 0.5525316455696202 0.4612903225806452 0.5525316455696202
1 0.4935483870967742 0.5120253164556962 0.510752688172043 0.5120253164556962 0.510752688172043 0.5525316455696202 0.4935483870967742 0.5525316455696202
37 0.5188172043010753 0.5120253164556962 0.5446236559139784 0.5120253164556962 0.5446236559139784 0.5424050632911392 0.5188172043010753 0.5424050632911392
2 0.5510752688172043 0.5120253164556962 0.5768817204301074 0.5120253164556962 0.5768817204301074 0.5531645569620253 0.5510752688172043 0.5531645569620253
0 0.5844086021505376 0.5120253164556962 0.6102150537634408 0.5120253164556962 0.6102150537634408 0.5525316455696202 0.5844086021505376 0.5525316455696202
2 0.6155913978494624 0.5120253164556962 0.6349462365591398 0.5120253164556962 0.6349462365591398 0.5531645569620253 0.6155913978494624 0.5531645569620253
5 0.6413978494623656 0.5120253164556962 0.660752688172043 0.5120253164556962 0.660752688172043 0.5531645569620253 0.6413978494623656 0.5531645569620253
20 0.25 0.5607594936708861 0.2693548387096774 0.5607594936708861 0.2693548387096774 0.6018987341772152 0.25 0.6018987341772152
35 0.2747311827956989 0.5607594936708861 0.30053763440860215 0.5607594936708861 0.30053763440860215 0.6012658227848101 0.2747311827956989 0.6012658227848101
34 0.3086021505376344 0.5607594936708861 0.33440860215053764 0.5607594936708861 0.33440860215053764 0.6012658227848101 0.3086021505376344 0.6012658227848101
36 0.34139784946236557 0.5607594936708861 0.35430107526881716 0.5607594936708861 0.35430107526881716 0.5911392405063292 0.34139784946236557 0.5911392405063292
0 0.3602150537634409 0.5607594936708861 0.3860215053763441 0.5607594936708861 0.3860215053763441 0.6012658227848101 0.3602150537634409 0.6012658227848101
4 0.3913978494623656 0.5607594936708861 0.410752688172043 0.5607594936708861 0.410752688172043 0.6018987341772152 0.3913978494623656 0.6018987341772152
37 0.4188172043010753 0.5607594936708861 0.4446236559139785 0.5607594936708861 0.4446236559139785 0.5911392405063292 0.4188172043010753 0.5911392405063292
2 0.4510752688172043 0.5607594936708861 0.4704301075268817 0.5607594936708861 0.4704301075268817 0.6018987341772152 0.4510752688172043 0.6018987341772152
0 0.478494623655914 0.5607594936708861 0.5043010752688172 0.5607594936708861 0.5043010752688172 0.6012658227848101 0.478494623655914 0.6012658227848101
37 0.510752688172043 0.5607594936708861 0.5365591397849462 0.5607594936708861 0.5365591397849462 0.5911392405063292 0.510752688172043 0.5911392405063292
2 0.5440860215053763 0.5607594936708861 0.5698924731182795 0.5607594936708861 0.5698924731182795 0.6012658227848101 0.5440860215053763 0.6012658227848101
0 0.5758064516129032 0.5607594936708861 0.6016129032258064 0.5607594936708861 0.6016129032258064 0.6012658227848101 0.5758064516129032 0.6012658227848101
2 0.6091397849462366 0.5607594936708861 0.628494623655914 0.5607594936708861 0.628494623655914 0.6018987341772152 0.6091397849462366 0.6018987341772152
5 0.6338709677419355 0.5607594936708861 0.6596774193548387 0.5607594936708861 0.6596774193548387 0.6012658227848101 0.6338709677419355 0.6012658227848101
