29 0.25 0.41645569620253164 0.27580645161290324 0.41645569620253164 0.27580645161290324 0.4569620253164557 0.25 0.4569620253164557
19 0.28118279569892474 0.41645569620253164 0.306989247311828 0.41645569620253164 0.306989247311828 0.4569620253164557 0.28118279569892474 0.4569620253164557
30 0.3123655913978495 0.41645569620253164 0.3317204301075269 0.41645569620253164 0.3317204301075269 0.45759493670886076 0.3123655913978495 0.45759493670886076
36 0.3370967741935484 0.41645569620253164 0.3435483870967742 0.41645569620253164 0.3435483870967742 0.44240506329113927 0.3370967741935484 0.44240506329113927
1 0.34946236559139787 0.41645569620253164 0.3666666666666667 0.41645569620253164 0.3666666666666667 0.4569620253164557 0.34946236559139787 0.4569620253164557
0 0.37473118279569895 0.41645569620253164 0.4005376344086022 0.41645569620253164 0.4005376344086022 0.4569620253164557 0.37473118279569895 0.4569620253164557
37 0.4080645161290323 0.41645569620253164 0.4338709677419355 0.41645569620253164 0.4338709677419355 0.4468354430379747 0.4080645161290323 0.4468354430379747
2 0.4397849462365591 0.41645569620253164 0.46559139784946235 0.41645569620253164 0.46559139784946235 0.4569620253164557 0.4397849462365591 0.4569620253164557
2 0.471505376344086 0.41645569620253164 0.49731182795698925 0.41645569620253164 0.49731182795698925 0.4569620253164557 0.471505376344086 0.4569620253164557
37 0.5037634408602151 0.41645569620253164 0.5295698924731183 0.41645569620253164 0.5295698924731183 0.44746835443037974 0.5037634408602151 0.44746835443037974
2 0.5349462365591398 0.41645569620253164 0.5607526881720429 0.41645569620253164 0.5607526881720429 0.45759493670886076 0.5349462365591398 0.45759493670886076
0 0.5672043010752689 0.41645569620253164 0.593010752688172 0.41645569620253164 0.593010752688172 0.4569620253164557 0.5672043010752689 0.4569620253164557
2 0.6 0.41645569620253164 0.6258064516129032 0.41645569620253164 0.6258064516129032 0.4569620253164557 0.6 0.4569620253164557
5 0.6333333333333333 0.41645569620253164 0.6526881720430108 0.41645569620253164 0.6526881720430108 0.45759493670886076 0.6333333333333333 0.45759493670886076
16 0.25 0.4651898734177215 0.27580645161290324 0.4651898734177215 0.27580645161290324 0.5056962025316456 0.25 0.5056962025316456
22 0.2838709677419355 0.4651898734177215 0.3096774193548387 0.4651898734177215 0.3096774193548387 0.5056962025316456 0.2838709677419355 0.5056962025316456
16 0.317741935483871 0.4651898734177215 0.3370967741935484 0.4651898734177215 0.3370967741935484 0.5063291139240507 0.317741935483871 0.5063291139240507
36 0.34301075268817205 0.4651898734177215 0.35591397849462364 0.4651898734177215 0.35591397849462364 0.4962025316455696 0.34301075268817205 0.4962025316455696
0 0.3629032258064516 0.4651898734177215 0.38870967741935486 0.4651898734177215 0.38870967741935486 0.5056962025316456 0.3629032258064516 0.5056962025316456
5 0.39408602150537636 0.4651898734177215 0.4198924731182796 0.4651898734177215 0.4198924731182796 0.5056962025316456 0.39408602150537636 0.5056962025316456
37 0.4274193548387097 0.4651898734177215 0.4532258064516129 0.4651898734177215 0.4532258064516129 0.49493670886075947 0.4274193548387097 0.49493670886075947
2 0.46021505376344085 0.4651898734177215 0.47956989247311826 0.4651898734177215 0.47956989247311826 0.5063291139240507 0.46021505376344085 0.5063291139240507
0 0.4860215053763441 0.4651898734177215 0.5053763440860215 0.4651898734177215 0.5053763440860215 0.5063291139240507 0.4860215053763441 0.5063291139240507
37 0.5118279569892473 0.4651898734177215 0.5376344086021505 0.4651898734177215 0.5376344086021505 0.4962025316455696 0.5118279569892473 0.4962025316455696
2 0.5451612903225806 0.4651898734177215 0.5709677419354838 0.4651898734177215 0.5709677419354838 0.5063291139240507 0.5451612903225806 0.5063291139240507
0 0.5768817204301075 0.4651898734177215 0.6026881720430107 0.4651898734177215 0.6026881720430107 0.5056962025316456 0.5768817204301075 0.5056962025316456
2 0.6091397849462366 0.4651898734177215 0.628494623655914 0.4651898734177215 0.628494623655914 0.5063291139240507 0.6091397849462366 0.5063291139240507
5 0.636021505376344 0.4651898734177215 0.6618279569892472 0.4651898734177215 0.6618279569892472 0.5056962025316456 0.636021505376344 0.5056962025316456
