25 0.25 0.6417721518987342 0.27580645161290324 0.6417721518987342 0.27580645161290324 0.6829113924050633 0.25 0.6829113924050633
11 0.28279569892473116 0.6417721518987342 0.3086021505376344 0.6417721518987342 0.3086021505376344 0.6822784810126582 0.28279569892473116 0.6822784810126582
30 0.3150537634408602 0.6417721518987342 0.33440860215053764 0.6417721518987342 0.33440860215053764 0.6829113924050633 0.3150537634408602 0.6829113924050633
36 0.3424731182795699 0.6417721518987342 0.3543010752688172 0.6417721518987342 0.3543010752688172 0.6721518987341772 0.3424731182795699 0.6721518987341772
1 0.3602150537634409 0.6417721518987342 0.3774193548387097 0.6417721518987342 0.3774193548387097 0.6829113924050633 0.3602150537634409 0.6829113924050633
1 0.38548387096774195 0.6417721518987342 0.39838709677419354 0.6417721518987342 0.39838709677419354 0.6829113924050633 0.38548387096774195 0.6829113924050633
37 0.4064516129032258 0.6417721518987342 0.432258064516129 0.6417721518987342 0.432258064516129 0.6715189873417722 0.4064516129032258 0.6715189873417722
2 0.4403225806451613 0.6417721518987342 0.4661290322580645 0.6417721518987342 0.4661290322580645 0.6822784810126582 0.4403225806451613 0.6822784810126582
4 0.471505376344086 0.6417721518987342 0.49731182795698925 0.6417721518987342 0.49731182795698925 0.6829113924050633 0.471505376344086 0.6829113924050633
37 0.5037634408602151 0.6417721518987342 0.5295698924731183 0.6417721518987342 0.5295698924731183 0.6721518987341772 0.5037634408602151 0.6721518987341772
2 0.5349462365591398 0.6417721518987342 0.5607526881720429 0.6417721518987342 0.5607526881720429 0.6822784810126582 0.5349462365591398 0.6822784810126582
0 0.567741935483871 0.6417721518987342 0.5935483870967742 0.6417721518987342 0.5935483870967742 0.6829113924050633 0.567741935483871 0.6829113924050633
2 0.5994623655913979 0.6417721518987342 0.625268817204301 0.6417721518987342 0.625268817204301 0.6822784810126582 0.5994623655913979 0.6822784810126582
4 0.6327956989247312 0.6417721518987342 0.6586021505376344 0.6417721518987342 0.6586021505376344 0.6822784810126582 0.6327956989247312 0.6822784810126582
20 0.25 0.6905063291139241 0.2693548387096774 0.6905063291139241 0.2693548387096774 0.7316455696202532 0.25 0.7316455696202532
15 0.2747311827956989 0.6905063291139241 0.2940860215053763 0.6905063291139241 0.2940860215053763 0.7316455696202532 0.2747311827956989 0.7316455696202532
20 0.3021505376344086 0.6905063291139241 0.321505376344086 0.6905063291139241 0.321505376344086 0.7316455696202532 0.3021505376344086 0.7316455696202532
36 0.3295698924731183 0.6905063291139241 0.3413978494623656 0.6905063291139241 0.3413978494623656 0.7208860759493672 0.3295698924731183 0.7208860759493672
0 0.3473118279569892 0.6905063291139241 0.37311827956989246 0.6905063291139241 0.37311827956989246 0.7310126582278481 0.3473118279569892 0.7310126582278481
9 0.3811827956989247 0.6905063291139241 0.40053763440860213 0.6905063291139241 0.40053763440860213 0.7316455696202532 0.3811827956989247 0.7316455696202532
37 0.4064516129032258 0.6905063291139241 0.43172043010752686 0.6905063291139241 0.43172043010752686 0.7202531645569621 0.4064516129032258 0.7202531645569621
0 0.43870967741935485 0.6905063291139241 0.4645161290322581 0.6905063291139241 0.4645161290322581 0.7310126582278481 0.43870967741935485 0.7310126582278481
3 0.4720430107526882 0.6905063291139241 0.4913978494623656 0.6905063291139241 0.4913978494623656 0.7316455696202532 0.4720430107526882 0.7316455696202532
37 0.49946236559139784 0.6905063291139241 0.5252688172043011 0.6905063291139241 0.5252688172043011 0.7215189873417722 0.49946236559139784 0.7215189873417722
2 0.5333333333333333 0.6905063291139241 0.5591397849462365 0.6905063291139241 0.5591397849462365 0.7310126582278481 0.5333333333333333 0.7310126582278481
0 0.5672043010752689 0.6905063291139241 0.5865591397849463 0.6905063291139241 0.5865591397849463 0.7316455696202532 0.5672043010752689 0.7316455696202532
2 0.5935483870967742 0.6905063291139241 0.6193548387096773 0.6905063291139241 0.6193548387096773 0.7316455696202532 0.5935483870967742 0.7316455696202532
5 0.6263440860215054 0.6905063291139241 0.6521505376344086 0.6905063291139241 0.6521505376344086 0.7310126582278481 0.6263440860215054 0.7310126582278481
