12 0.25 0.4170886075949367 0.27580645161290324 0.4170886075949367 0.27580645161290324 0.4582278481012658 0.25 0.4582278481012658
33 0.28279569892473116 0.4170886075949367 0.3086021505376344 0.4170886075949367 0.3086021505376344 0.45759493670886076 0.28279569892473116 0.45759493670886076
31 0.3155913978494624 0.4170886075949367 0.3413978494623656 0.4170886075949367 0.3413978494623656 0.45759493670886076 0.3155913978494624 0.45759493670886076
36 0.34946236559139787 0.4170886075949367 0.36236559139784946 0.4170886075949367 0.36236559139784946 0.44746835443037974 0.34946236559139787 0.44746835443037974
0 0.36935483870967745 0.4170886075949367 0.38870967741935486 0.4170886075949367 0.38870967741935486 0.4582278481012658 0.36935483870967745 0.4582278481012658
7 0.39408602150537636 0.4170886075949367 0.4198924731182796 0.4170886075949367 0.4198924731182796 0.45759493670886076 0.39408602150537636 0.45759493670886076
37 0.42634408602150536 0.4170886075949367 0.4521505376344086 0.4170886075949367 0.4521505376344086 0.44746835443037974 0.42634408602150536 0.44746835443037974
3 0.4596774193548387 0.4170886075949367 0.4854838709677419 0.4170886075949367 0.4854838709677419 0.45759493670886076 0.4596774193548387 0.45759493670886076
0 0.4913978494623656 0.4170886075949367 0.510752688172043 0.4170886075949367 0.510752688172043 0.4582278481012658 0.4913978494623656 0.4582278481012658
37 0.5188172043010753 0.4170886075949367 0.5446236559139784 0.4170886075949367 0.5446236559139784 0.44746835443037974 0.5188172043010753 0.44746835443037974
2 0.55 0.4170886075949367 0.5758064516129032 0.4170886075949367 0.5758064516129032 0.45759493670886076 0.55 0.45759493670886076
0 0.5827956989247312 0.4170886075949367 0.6086021505376343 0.4170886075949367 0.6086021505376343 0.4582278481012658 0.5827956989247312 0.4582278481012658
2 0.614516129032258 0.4170886075949367 0.6338709677419355 0.4170886075949367 0.6338709677419355 0.4582278481012658 0.614516129032258 0.4582278481012658
5 0.6408602150537634 0.4170886075949367 0.6666666666666666 0.4170886075949367 0.6666666666666666 0.45759493670886076 0.6408602150537634 0.45759493670886076
12 0.25 0.46582278481012657 0.2693548387096774 0.46582278481012657 0.2693548387096774 0.5069620253164557 0.25 0.5069620253164557
12 0.2768817204301075 0.46582278481012657 0.30268817204301074 0.46582278481012657 0.30268817204301074 0.5063291139240507 0.2768817204301075 0.5063291139240507
33 0.30913978494623656 0.46582278481012657 0.3349462365591398 0.46582278481012657 0.3349462365591398 0.5063291139240507 0.30913978494623656 0.5063291139240507
36 0.3419354838709677 0.46582278481012657 0.3548387096774193 0.46582278481012657 0.3548387096774193 0.49683544303797467 0.3419354838709677 0.49683544303797467
0 0.36236559139784946 0.46582278481012657 0.3881720430107527 0.46582278481012657 0.3881720430107527 0.5063291139240507 0.36236559139784946 0.5063291139240507
4 0.3956989247311828 0.46582278481012657 0.421505376344086 0.46582278481012657 0.421505376344086 0.5063291139240507 0.3956989247311828 0.5063291139240507
37 0.4295698924731183 0.46582278481012657 0.4553763440860215 0.46582278481012657 0.4553763440860215 0.4962025316455696 0.4295698924731183 0.4962025316455696
2 0.46236559139784944 0.46582278481012657 0.4881720430107527 0.46582278481012657 0.4881720430107527 0.5069620253164557 0.46236559139784944 0.5069620253164557
8 0.49408602150537634 0.46582278481012657 0.5198924731182796 0.46582278481012657 0.5198924731182796 0.5063291139240507 0.49408602150537634 0.5063291139240507
37 0.5258064516129032 0.46582278481012657 0.5516129032258064 0.46582278481012657 0.5516129032258064 0.4962025316455696 0.5258064516129032 0.4962025316455696
2 0.5586021505376344 0.46582278481012657 0.5779569892473119 0.46582278481012657 0.5779569892473119 0.5069620253164557 0.5586021505376344 0.5069620253164557
0 0.5854838709677419 0.46582278481012657 0.6112903225806451 0.46582278481012657 0.6112903225806451 0.5063291139240507 0.5854838709677419 0.5063291139240507
2 0.617741935483871 0.46582278481012657 0.6435483870967742 0.46582278481012657 0.6435483870967742 0.5063291139240507 0.617741935483871 0.5063291139240507
5 0.6489247311827957 0.46582278481012657 0.6682795698924732 0.46582278481012657 0.6682795698924732 0.5069620253164557 0.6489247311827957 0.5069620253164557
