10 0.25 0.3658227848101266 0.2693548387096774 0.3658227848101266 0.2693548387096774 0.4069620253164557 0.25 0.4069620253164557
24 0.27580645161290324 0.3658227848101266 0.29516129032258065 0.3658227848101266 0.29516129032258065 0.4069620253164557 0.27580645161290324 0.4069620253164557
25 0.30053763440860215 0.3658227848101266 0.31989247311827956 0.3658227848101266 0.31989247311827956 0.4069620253164557 0.30053763440860215 0.4069620253164557
36 0.32526881720430106 0.3658227848101266 0.33817204301075265 0.3658227848101266 0.33817204301075265 0.3962025316455696 0.32526881720430106 0.3962025316455696
0 0.3456989247311828 0.3658227848101266 0.37150537634408604 0.3658227848101266 0.37150537634408604 0.40632911392405063 0.3456989247311828 0.40632911392405063
5 0.3795698924731183 0.3658227848101266 0.4053763440860215 0.3658227848101266 0.4053763440860215 0.40632911392405063 0.3795698924731183 0.40632911392405063
37 0.4134408602150538 0.3658227848101266 0.439247311827957 0.3658227848101266 0.439247311827957 0.3962025316455696 0.4134408602150538 0.3962025316455696
2 0.4456989247311828 0.3658227848101266 0.471505376344086 0.3658227848101266 0.471505376344086 0.40632911392405063 0.4456989247311828 0.40632911392405063
2 0.47956989247311826 0.3658227848101266 0.5053763440860215 0.3658227848101266 0.5053763440860215 0.4069620253164557 0.47956989247311826 0.4069620253164557
37 0.510752688172043 0.3658227848101266 0.5365591397849462 0.3658227848101266 0.5365591397849462 0.3962025316455696 0.510752688172043 0.3962025316455696
2 0.543010752688172 0.3658227848101266 0.5688172043010752 0.3658227848101266 0.5688172043010752 0.40632911392405063 0.543010752688172 0.40632911392405063
0 0.5752688172043011 0.3658227848101266 0.6010752688172043 0.3658227848101266 0.6010752688172043 0.40632911392405063 0.5752688172043011 0.40632911392405063
2 0.6080645161290322 0.3658227848101266 0.6274193548387097 0.3658227848101266 0.6274193548387097 0.4069620253164557 0.6080645161290322 0.4069620253164557
5 0.6327956989247312 0.3658227848101266 0.6586021505376344 0.3658227848101266 0.6586021505376344 0.40632911392405063 0.6327956989247312 0.40632911392405063
24 0.25 0.41455696202531644 0.2693548387096774 0.41455696202531644 0.2693548387096774 0.45569620253164556 0.25 0.45569620253164556
32 0.27580645161290324 0.41455696202531644 0.29516129032258065 0.41455696202531644 0.29516129032258065 0.45569620253164556 0.27580645161290324 0.45569620253164556
11 0.3032258064516129 0.41455696202531644 0.3225806451612903 0.41455696202531644 0.3225806451612903 0.45569620253164556 0.3032258064516129 0.45569620253164556
36 0.32903225806451614 0.41455696202531644 0.34086021505376346 0.41455696202531644 0.34086021505376346 0.4449367088607595 0.32903225806451614 0.4449367088607595
1 0.34838709677419355 0.41455696202531644 0.36129032258064514 0.41455696202531644 0.36129032258064514 0.45569620253164556 0.34838709677419355 0.45569620253164556
1 0.36935483870967745 0.41455696202531644 0.38655913978494627 0.41455696202531644 0.38655913978494627 0.4550632911392405 0.36935483870967745 0.4550632911392405
37 0.3919354838709677 0.41455696202531644 0.41774193548387095 0.41455696202531644 0.41774193548387095 0.4449367088607595 0.3919354838709677 0.4449367088607595
3 0.4252688172043011 0.41455696202531644 0.4446236559139785 0.41455696202531644 0.4446236559139785 0.45569620253164556 0.4252688172043011 0.45569620253164556
0 0.4505376344086022 0.41455696202531644 0.4763440860215054 0.41455696202531644 0.4763440860215054 0.4550632911392405 0.4505376344086022 0.4550632911392405
37 0.4838709677419355 0.41455696202531644 0.5096774193548387 0.41455696202531644 0.5096774193548387 0.4449367088607595 0.4838709677419355 0.4449367088607595
2 0.5155913978494624 0.41455696202531644 0.5349462365591399 0.41455696202531644 0.5349462365591399 0.45569620253164556 0.5155913978494624 0.45569620253164556
0 0.5403225806451613 0.41455696202531644 0.5661290322580644 0.41455696202531644 0.5661290322580644 0.4550632911392405 0.5403225806451613 0.4550632911392405
2 0.571505376344086 0.41455696202531644 0.5973118279569892 0.41455696202531644 0.5973118279569892 0.4550632911392405 0.571505376344086 0.4550632911392405
4 0.6026881720430107 0.41455696202531644 0.6220430107526882 0.41455696202531644 0.6220430107526882 0.45569620253164556 0.6026881720430107 0.45569620253164556
