10 0.25 0.4417721518987342 0.27580645161290324 0.4417721518987342 0.27580645161290324 0.48227848101265824 0.25 0.48227848101265824
31 0.2838709677419355 0.4417721518987342 0.3032258064516129 0.4417721518987342 0.3032258064516129 0.4829113924050633 0.2838709677419355 0.4829113924050633
16 0.310752688172043 0.4417721518987342 0.3301075268817204 0.4417721518987342 0.3301075268817204 0.4829113924050633 0.310752688172043 0.4829113924050633
36 0.33602150537634407 0.4417721518987342 0.3478494623655914 0.4417721518987342 0.3478494623655914 0.47215189873417723 0.33602150537634407 0.47215189873417723
1 0.3532258064516129 0.4417721518987342 0.3704301075268817 0.4417721518987342 0.3704301075268817 0.48227848101265824 0.3532258064516129 0.48227848101265824
0 0.3779569892473118 0.4417721518987342 0.40376344086021504 0.4417721518987342 0.40376344086021504 0.48227848101265824 0.3779569892473118 0.48227848101265824
37 0.40913978494623654 0.4417721518987342 0.4349462365591398 0.4417721518987342 0.4349462365591398 0.47215189873417723 0.40913978494623654 0.47215189873417723
1 0.44086021505376344 0.4417721518987342 0.45806451612903226 0.4417721518987342 0.45806451612903226 0.48227848101265824 0.44086021505376344 0.48227848101265824
8 0.4650537634408602 0.4417721518987342 0.4908602150537634 0.4417721518987342 0.4908602150537634 0.4829113924050633 0.4650537634408602 0.4829113924050633
37 0.49838709677419357 0.4417721518987342 0.5241935483870968 0.4417721518987342 0.5241935483870968 0.47215189873417723 0.49838709677419357 0.47215189873417723
2 0.5295698924731183 0.4417721518987342 0.5553763440860214 0.4417721518987342 0.5553763440860214 0.48227848101265824 0.5295698924731183 0.48227848101265824
0 0.5634408602150538 0.4417721518987342 0.5827956989247313 0.4417721518987342 0.5827956989247313 0.4829113924050633 0.5634408602150538 0.4829113924050633
2 0.5881720430107527 0.4417721518987342 0.6075268817204301 0.4417721518987342 0.6075268817204301 0.4829113924050633 0.5881720430107527 0.4829113924050633
5 0.6129032258064516 0.4417721518987342 0.6387096774193548 0.4417721518987342 0.6387096774193548 0.48227848101265824 0.6129032258064516 0.48227848101265824
35 0.25 0.49050632911392406 0.27580645161290324 0.49050632911392406 0.27580645161290324 0.5310126582278482 0.25 0.5310126582278482
20 0.2838709677419355 0.49050632911392406 0.3096774193548387 0.49050632911392406 0.3096774193548387 0.5310126582278482 0.2838709677419355 0.5310126582278482
32 0.3150537634408602 0.49050632911392406 0.33440860215053764 0.49050632911392406 0.33440860215053764 0.5316455696202531 0.3150537634408602 0.5316455696202531
36 0.34139784946236557 0.49050632911392406 0.3532258064516129 0.49050632911392406 0.3532258064516129 0.5208860759493671 0.34139784946236557 0.5208860759493671
0 0.3596774193548387 0.49050632911392406 0.38548387096774195 0.49050632911392406 0.38548387096774195 0.5310126582278482 0.3596774193548387 0.5310126582278482
5 0.39086021505376345 0.49050632911392406 0.41021505376344086 0.49050632911392406 0.41021505376344086 0.5316455696202531 0.39086021505376345 0.5316455696202531
37 0.4172043010752688 0.49050632911392406 0.443010752688172 0.49050632911392406 0.443010752688172 0.5208860759493671 0.4172043010752688 0.5208860759493671
2 0.45 0.49050632911392406 0.47580645161290325 0.49050632911392406 0.47580645161290325 0.5310126582278482 0.45 0.5310126582278482
7 0.48118279569892475 0.49050632911392406 0.5069892473118279 0.49050632911392406 0.5069892473118279 0.5316455696202531 0.48118279569892475 0.5316455696202531
37 0.5129032258064516 0.49050632911392406 0.5387096774193548 0.49050632911392406 0.5387096774193548 0.5215189873417722 0.5129032258064516 0.5215189873417722
2 0.5451612903225806 0.49050632911392406 0.5709677419354838 0.49050632911392406 0.5709677419354838 0.5310126582278482 0.5451612903225806 0.5310126582278482
0 0.578494623655914 0.49050632911392406 0.6043010752688172 0.49050632911392406 0.6043010752688172 0.5310126582278482 0.578494623655914 0.5310126582278482
2 0.6102150537634409 0.49050632911392406 0.6295698924731183 0.49050632911392406 0.6295698924731183 0.5316455696202531 0.6102150537634409 0.5316455696202531
5 0.635483870967742 0.49050632911392406 0.6548387096774194 0.49050632911392406 0.6548387096774194 0.5316455696202531 0.635483870967742 0.5316455696202531
