12 0.25 0.4689873417721519 0.27580645161290324 0.4689873417721519 0.27580645161290324 0.509493670886076 0.25 0.509493670886076
30 0.28279569892473116 0.4689873417721519 0.3086021505376344 0.4689873417721519 0.3086021505376344 0.509493670886076 0.28279569892473116 0.509493670886076
16 0.3161290322580645 0.4689873417721519 0.3419354838709677 0.4689873417721519 0.3419354838709677 0.509493670886076 0.3161290322580645 0.509493670886076
36 0.35 0.4689873417721519 0.3618279569892473 0.4689873417721519 0.3618279569892473 0.49936708860759493 0.35 0.49936708860759493
0 0.3672043010752688 0.4689873417721519 0.3865591397849462 0.4689873417721519 0.3865591397849462 0.5101265822784811 0.3672043010752688 0.5101265822784811
2 0.3919354838709677 0.4689873417721519 0.41774193548387095 0.4689873417721519 0.41774193548387095 0.509493670886076 0.3919354838709677 0.509493670886076
37 0.4241935483870968 0.4689873417721519 0.45 0.4689873417721519 0.45 0.49936708860759493 0.4241935483870968 0.49936708860759493
1 0.4575268817204301 0.4689873417721519 0.4747311827956989 0.4689873417721519 0.4747311827956989 0.509493670886076 0.4575268817204301 0.509493670886076
5 0.48118279569892475 0.4689873417721519 0.5005376344086022 0.4689873417721519 0.5005376344086022 0.5101265822784811 0.48118279569892475 0.5101265822784811
37 0.5086021505376344 0.4689873417721519 0.5344086021505375 0.4689873417721519 0.5344086021505375 0.49936708860759493 0.5086021505376344 0.49936708860759493
2 0.5413978494623656 0.4689873417721519 0.5672043010752688 0.4689873417721519 0.5672043010752688 0.509493670886076 0.5413978494623656 0.509493670886076
0 0.5752688172043011 0.4689873417721519 0.5946236559139786 0.4689873417721519 0.5946236559139786 0.5101265822784811 0.5752688172043011 0.5101265822784811
2 0.6016129032258064 0.4689873417721519 0.6274193548387096 0.4689873417721519 0.6274193548387096 0.509493670886076 0.6016129032258064 0.509493670886076
5 0.6327956989247312 0.4689873417721519 0.6586021505376344 0.4689873417721519 0.6586021505376344 0.5101265822784811 0.6327956989247312 0.5101265822784811
24 0.25 0.5177215189873418 0.27580645161290324 0.5177215189873418 0.27580645161290324 0.5588607594936709 0.25 0.5588607594936709
21 0.28225806451612906 0.5177215189873418 0.3080645161290323 0.5177215189873418 0.3080645161290323 0.5588607594936709 0.28225806451612906 0.5588607594936709
31 0.3155913978494624 0.5177215189873418 0.3413978494623656 0.5177215189873418 0.3413978494623656 0.5582278481012658 0.3155913978494624 0.5582278481012658
36 0.3473118279569892 0.5177215189873418 0.3602150537634408 0.5177215189873418 0.3602150537634408 0.5487341772151899 0.3473118279569892 0.5487341772151899
0 0.3682795698924731 0.5177215189873418 0.38763440860215054 0.5177215189873418 0.38763440860215054 0.5588607594936709 0.3682795698924731 0.5588607594936709
7 0.3935483870967742 0.5177215189873418 0.4129032258064516 0.5177215189873418 0.4129032258064516 0.5588607594936709 0.3935483870967742 0.5588607594936709
37 0.4182795698924731 0.5177215189873418 0.44408602150537635 0.5177215189873418 0.44408602150537635 0.5481012658227848 0.4182795698924731 0.5481012658227848
1 0.4521505376344086 0.5177215189873418 0.4661290322580645 0.5177215189873418 0.4661290322580645 0.5588607594936709 0.4521505376344086 0.5588607594936709
3 0.47419354838709676 0.5177215189873418 0.5 0.5177215189873418 0.5 0.5582278481012658 0.47419354838709676 0.5582278481012658
37 0.5080645161290323 0.5177215189873418 0.5338709677419354 0.5177215189873418 0.5338709677419354 0.5487341772151899 0.5080645161290323 0.5487341772151899
2 0.539247311827957 0.5177215189873418 0.5586021505376345 0.5177215189873418 0.5586021505376345 0.5588607594936709 0.539247311827957 0.5588607594936709
0 0.5650537634408602 0.5177215189873418 0.5908602150537634 0.5177215189873418 0.5908602150537634 0.5582278481012658 0.5650537634408602 0.5582278481012658
2 0.5967741935483871 0.5177215189873418 0.6225806451612903 0.5177215189873418 0.6225806451612903 0.5588607594936709 0.5967741935483871 0.5588607594936709
5 0.6295698924731182 0.5177215189873418 0.6489247311827957 0.5177215189873418 0.6489247311827957 0.5588607594936709 0.6295698924731182 0.5588607594936709
