18 0.25 0.540506329113924 0.2639784946236559 0.540506329113924 0.2639784946236559 0.5816455696202532 0.25 0.5816455696202532
30 0.271505376344086 0.540506329113924 0.2908602150537634 0.540506329113924 0.2908602150537634 0.5816455696202532 0.271505376344086 0.5816455696202532
14 0.29731182795698924 0.540506329113924 0.3231182795698925 0.540506329113924 0.3231182795698925 0.5810126582278481 0.29731182795698924 0.5810126582278481
36 0.32903225806451614 0.540506329113924 0.3365591397849462 0.540506329113924 0.3365591397849462 0.5670886075949367 0.32903225806451614 0.5670886075949367
1 0.34301075268817205 0.540506329113924 0.35591397849462364 0.540506329113924 0.35591397849462364 0.5816455696202532 0.34301075268817205 0.5816455696202532
2 0.36236559139784946 0.540506329113924 0.3881720430107527 0.540506329113924 0.3881720430107527 0.5810126582278481 0.36236559139784946 0.5810126582278481
37 0.39408602150537636 0.540506329113924 0.4198924731182796 0.540506329113924 0.4198924731182796 0.5708860759493671 0.39408602150537636 0.5708860759493671
0 0.42634408602150536 0.540506329113924 0.4456989247311828 0.540506329113924 0.4456989247311828 0.5816455696202532 0.42634408602150536 0.5816455696202532
4 0.45161290322580644 0.540506329113924 0.47096774193548385 0.540506329113924 0.47096774193548385 0.5816455696202532 0.45161290322580644 0.5816455696202532
37 0.47634408602150535 0.540506329113924 0.5021505376344085 0.540506329113924 0.5021505376344085 0.5708860759493671 0.47634408602150535 0.5708860759493671
2 0.5075268817204301 0.540506329113924 0.5333333333333333 0.540506329113924 0.5333333333333333 0.5810126582278481 0.5075268817204301 0.5810126582278481
0 0.5397849462365591 0.540506329113924 0.5591397849462366 0.540506329113924 0.5591397849462366 0.5816455696202532 0.5397849462365591 0.5816455696202532
2 0.5655913978494623 0.540506329113924 0.5849462365591398 0.540506329113924 0.5849462365591398 0.5816455696202532 0.5655913978494623 0.5816455696202532
4 0.5924731182795699 0.540506329113924 0.6182795698924731 0.540506329113924 0.6182795698924731 0.5810126582278481 0.5924731182795699 0.5810126582278481
19 0.25 0.589240506329114 0.27580645161290324 0.589240506329114 0.27580645161290324 0.629746835443038 0.25 0.629746835443038
10 0.2817204301075269 0.589240506329114 0.30752688172043013 0.589240506329114 0.30752688172043013 0.629746835443038 0.2817204301075269 0.629746835443038
11 0.3150537634408602 0.589240506329114 0.33440860215053764 0.589240506329114 0.33440860215053764 0.6303797468354431 0.3150537634408602 0.6303797468354431
36 0.34139784946236557 0.589240506329114 0.34892473118279566 0.589240506329114 0.34892473118279566 0.6151898734177216 0.34139784946236557 0.6151898734177216
0 0.35591397849462364 0.589240506329114 0.37526881720430105 0.589240506329114 0.37526881720430105 0.6303797468354431 0.35591397849462364 0.6303797468354431
1 0.38064516129032255 0.589240506329114 0.3978494623655914 0.589240506329114 0.3978494623655914 0.6303797468354431 0.38064516129032255 0.6303797468354431
37 0.4032258064516129 0.589240506329114 0.4290322580645161 0.589240506329114 0.4290322580645161 0.619620253164557 0.4032258064516129 0.619620253164557
2 0.4360215053763441 0.589240506329114 0.46182795698924733 0.589240506329114 0.46182795698924733 0.629746835443038 0.4360215053763441 0.629746835443038
8 0.4693548387096774 0.589240506329114 0.49516129032258066 0.589240506329114 0.49516129032258066 0.629746835443038 0.4693548387096774 0.629746835443038
37 0.5016129032258064 0.589240506329114 0.5274193548387096 0.589240506329114 0.5274193548387096 0.618987341772152 0.5016129032258064 0.618987341772152
2 0.5349462365591398 0.589240506329114 0.5543010752688172 0.589240506329114 0.5543010752688172 0.6303797468354431 0.5349462365591398 0.6303797468354431
0 0.5623655913978495 0.589240506329114 0.5817204301075269 0.589240506329114 0.5817204301075269 0.6303797468354431 0.5623655913978495 0.6303797468354431
2 0.5870967741935483 0.589240506329114 0.6129032258064515 0.589240506329114 0.6129032258064515 0.6303797468354431 0.5870967741935483 0.6303797468354431
5 0.6198924731182796 0.589240506329114 0.639247311827957 0.589240506329114 0.639247311827957 0.6303797468354431 0.6198924731182796 0.6303797468354431
