22 0.25 0.48417721518987344 0.27580645161290324 0.48417721518987344 0.27580645161290324 0.5246835443037975 0.25 0.5246835443037975
27 0.2833333333333333 0.48417721518987344 0.30268817204301074 0.48417721518987344 0.30268817204301074 0.5253164556962026 0.2833333333333333 0.5253164556962026
10 0.3086021505376344 0.48417721518987344 0.33440860215053764 0.48417721518987344 0.33440860215053764 0.5246835443037975 0.3086021505376344 0.5246835443037975
36 0.34139784946236557 0.48417721518987344 0.35430107526881716 0.48417721518987344 0.35430107526881716 0.5151898734177216 0.34139784946236557 0.5151898734177216
0 0.36236559139784946 0.48417721518987344 0.3817204301075269 0.48417721518987344 0.3817204301075269 0.5253164556962026 0.36236559139784946 0.5253164556962026
6 0.3897849462365591 0.48417721518987344 0.41559139784946236 0.48417721518987344 0.41559139784946236 0.5246835443037975 0.3897849462365591 0.5246835443037975
37 0.42258064516129035 0.48417721518987344 0.4483870967741936 0.48417721518987344 0.4483870967741936 0.5145569620253165 0.42258064516129035 0.5145569620253165
1 0.4553763440860215 0.48417721518987344 0.47258064516129034 0.48417721518987344 0.47258064516129034 0.5246835443037975 0.4553763440860215 0.5246835443037975
8 0.4801075268817204 0.48417721518987344 0.49946236559139784 0.48417721518987344 0.49946236559139784 0.5253164556962026 0.4801075268817204 0.5253164556962026
37 0.5053763440860215 0.48417721518987344 0.5311827956989247 0.48417721518987344 0.5311827956989247 0.5145569620253165 0.5053763440860215 0.5145569620253165
2 0.5376344086021505 0.48417721518987344 0.556989247311828 0.48417721518987344 0.556989247311828 0.5253164556962026 0.5376344086021505 0.5253164556962026
0 0.5645161290322581 0.48417721518987344 0.5903225806451613 0.48417721518987344 0.5903225806451613 0.5246835443037975 0.5645161290322581 0.5246835443037975
2 0.5956989247311828 0.48417721518987344 0.621505376344086 0.48417721518987344 0.621505376344086 0.5246835443037975 0.5956989247311828 0.5246835443037975
5 0.6290322580645161 0.48417721518987344 0.6483870967741936 0.48417721518987344 0.6483870967741936 0.5253164556962026 0.6290322580645161 0.5253164556962026
32 0.25 0.5329113924050632 0.27580645161290324 0.5329113924050632 0.27580645161290324 0.5740506329113924 0.25 0.5740506329113924
21 0.2838709677419355 0.5329113924050632 0.3032258064516129 0.5329113924050632 0.3032258064516129 0.5740506329113924 0.2838709677419355 0.5740506329113924
13 0.3086021505376344 0.5329113924050632 0.33440860215053764 0.5329113924050632 0.33440860215053764 0.5734177215189873 0.3086021505376344 0.5734177215189873
36 0.3403225806451613 0.5329113924050632 0.3478494623655914 0.5329113924050632 0.3478494623655914 0.5594936708860759 0.3403225806451613 0.5594936708860759
0 0.35376344086021505 0.5329113924050632 0.3795698924731183 0.5329113924050632 0.3795698924731183 0.5734177215189873 0.35376344086021505 0.5734177215189873
9 0.38763440860215054 0.5329113924050632 0.40698924731182795 0.5329113924050632 0.40698924731182795 0.5740506329113924 0.38763440860215054 0.5740506329113924
37 0.4129032258064516 0.5329113924050632 0.43870967741935485 0.5329113924050632 0.43870967741935485 0.5632911392405063 0.4129032258064516 0.5632911392405063
0 0.44623655913978494 0.5329113924050632 0.46559139784946235 0.5329113924050632 0.46559139784946235 0.5740506329113924 0.44623655913978494 0.5740506329113924
3 0.4720430107526882 0.5329113924050632 0.4913978494623656 0.5329113924050632 0.4913978494623656 0.5740506329113924 0.4720430107526882 0.5740506329113924
37 0.4978494623655914 0.5329113924050632 0.5236559139784946 0.5329113924050632 0.5236559139784946 0.5632911392405063 0.4978494623655914 0.5632911392405063
2 0.5295698924731183 0.5329113924050632 0.5553763440860214 0.5329113924050632 0.5553763440860214 0.5734177215189873 0.5295698924731183 0.5734177215189873
0 0.5634408602150538 0.5329113924050632 0.589247311827957 0.5329113924050632 0.589247311827957 0.5734177215189873 0.5634408602150538 0.5734177215189873
2 0.5956989247311828 0.5329113924050632 0.621505376344086 0.5329113924050632 0.621505376344086 0.5734177215189873 0.5956989247311828 0.5734177215189873
5 0.628494623655914 0.5329113924050632 0.6543010752688172 0.5329113924050632 0.6543010752688172 0.5734177215189873 0.628494623655914 0.5734177215189873
