10 0.25 0.5354430379746835 0.2693548387096774 0.5354430379746835 0.2693548387096774 0.5765822784810126 0.25 0.5765822784810126
35 0.27580645161290324 0.5354430379746835 0.3016129032258065 0.5354430379746835 0.3016129032258065 0.5765822784810126 0.27580645161290324 0.5765822784810126
30 0.3096774193548387 0.5354430379746835 0.32903225806451614 0.5354430379746835 0.32903225806451614 0.5765822784810126 0.3096774193548387 0.5765822784810126
36 0.33440860215053764 0.5354430379746835 0.3473118279569892 0.5354430379746835 0.3473118279569892 0.5658227848101266 0.33440860215053764 0.5658227848101266
0 0.3532258064516129 0.5354430379746835 0.3790322580645161 0.5354430379746835 0.3790322580645161 0.5765822784810126 0.3532258064516129 0.5765822784810126
1 0.3844086021505376 0.5354430379746835 0.3978494623655914 0.5354430379746835 0.3978494623655914 0.5765822784810126 0.3844086021505376 0.5765822784810126
37 0.4032258064516129 0.5354430379746835 0.4290322580645161 0.5354430379746835 0.4290322580645161 0.5658227848101266 0.4032258064516129 0.5658227848101266
1 0.43655913978494626 0.5354430379746835 0.44946236559139785 0.5354430379746835 0.44946236559139785 0.5765822784810126 0.43655913978494626 0.5765822784810126
9 0.45645161290322583 0.5354430379746835 0.48225806451612907 0.5354430379746835 0.48225806451612907 0.5759493670886076 0.45645161290322583 0.5759493670886076
37 0.4876344086021505 0.5354430379746835 0.5134408602150538 0.5354430379746835 0.5134408602150538 0.5664556962025316 0.4876344086021505 0.5664556962025316
2 0.5188172043010753 0.5354430379746835 0.5381720430107527 0.5354430379746835 0.5381720430107527 0.5765822784810126 0.5188172043010753 0.5765822784810126
0 0.5451612903225806 0.5354430379746835 0.5709677419354838 0.5354430379746835 0.5709677419354838 0.5759493670886076 0.5451612903225806 0.5759493670886076
2 0.5779569892473119 0.5354430379746835 0.603763440860215 0.5354430379746835 0.603763440860215 0.5759493670886076 0.5779569892473119 0.5759493670886076
5 0.6096774193548387 0.5354430379746835 0.6354838709677418 0.5354430379746835 0.6354838709677418 0.5759493670886076 0.6096774193548387 0.5759493670886076
29 0.25 0.5841772151898734 0.27580645161290324 0.5841772151898734 0.27580645161290324 0.6246835443037975 0.25 0.6246835443037975
15 0.28118279569892474 0.5841772151898734 0.30053763440860215 0.5841772151898734 0.30053763440860215 0.6253164556962025 0.28118279569892474 0.6253164556962025
11 0.30591397849462365 0.5841772151898734 0.3317204301075269 0.5841772151898734 0.3317204301075269 0.6253164556962025 0.30591397849462365 0.6253164556962025
36 0.3381720430107527 0.5841772151898734 0.3510752688172043 0.5841772151898734 0.3510752688172043 0.6145569620253165 0.3381720430107527 0.6145569620253165
0 0.3586021505376344 0.5841772151898734 0.3844086021505376 0.5841772151898734 0.3844086021505376 0.6246835443037975 0.3586021505376344 0.6246835443037975
4 0.3924731182795699 0.5841772151898734 0.4118279569892473 0.5841772151898734 0.4118279569892473 0.6253164556962025 0.3924731182795699 0.6253164556962025
37 0.4188172043010753 0.5841772151898734 0.4446236559139785 0.5841772151898734 0.4446236559139785 0.6139240506329114 0.4188172043010753 0.6139240506329114
3 0.45268817204301076 0.5841772151898734 0.4720430107526882 0.5841772151898734 0.4720430107526882 0.6253164556962025 0.45268817204301076 0.6253164556962025
0 0.4790322580645161 0.5841772151898734 0.5048387096774193 0.5841772151898734 0.5048387096774193 0.6246835443037975 0.4790322580645161 0.6246835443037975
37 0.5123655913978494 0.5841772151898734 0.5381720430107526 0.5841772151898734 0.5381720430107526 0.6145569620253165 0.5123655913978494 0.6145569620253165
2 0.5435483870967742 0.5841772151898734 0.5693548387096774 0.5841772151898734 0.5693548387096774 0.6253164556962025 0.5435483870967742 0.6253164556962025
0 0.5768817204301075 0.5841772151898734 0.6026881720430107 0.5841772151898734 0.6026881720430107 0.6246835443037975 0.5768817204301075 0.6246835443037975
2 0.6086021505376344 0.5841772151898734 0.6344086021505376 0.5841772151898734 0.6344086021505376 0.6246835443037975 0.6086021505376344 0.6246835443037975
5 0.6403225806451613 0.5841772151898734 0.6596774193548388 0.5841772151898734 0.6596774193548388 0.6253164556962025 0.6403225806451613 0.6253164556962025
