16 0.25 0.46962025316455697 0.27580645161290324 0.46962025316455697 0.27580645161290324 0.5101265822784811 0.25 0.5101265822784811
35 0.28118279569892474 0.46962025316455697 0.306989247311828 0.46962025316455697 0.306989247311828 0.5107594936708861 0.28118279569892474 0.5107594936708861
22 0.31290322580645163 0.46962025316455697 0.33870967741935487 0.46962025316455697 0.33870967741935487 0.5107594936708861 0.31290322580645163 0.5107594936708861
36 0.3456989247311828 0.46962025316455697 0.3575268817204301 0.46962025316455697 0.3575268817204301 0.5006329113924051 0.3456989247311828 0.5006329113924051
1 0.3629032258064516 0.46962025316455697 0.38010752688172045 0.46962025316455697 0.38010752688172045 0.5101265822784811 0.3629032258064516 0.5101265822784811
2 0.3881720430107527 0.46962025316455697 0.41397849462365593 0.46962025316455697 0.41397849462365593 0.5107594936708861 0.3881720430107527 0.5107594936708861
37 0.421505376344086 0.46962025316455697 0.44731182795698926 0.46962025316455697 0.44731182795698926 0.5 0.421505376344086 0.5
0 0.4532258064516129 0.46962025316455697 0.47903225806451616 0.46962025316455697 0.47903225806451616 0.5107594936708861 0.4532258064516129 0.5107594936708861
6 0.48655913978494625 0.46962025316455697 0.5123655913978494 0.46962025316455697 0.5123655913978494 0.5101265822784811 0.48655913978494625 0.5101265822784811
37 0.5204301075268817 0.46962025316455697 0.5462365591397849 0.46962025316455697 0.5462365591397849 0.5 0.5204301075268817 0.5
2 0.5516129032258065 0.46962025316455697 0.5709677419354839 0.46962025316455697 0.5709677419354839 0.5107594936708861 0.5516129032258065 0.5107594936708861
0 0.5790322580645161 0.46962025316455697 0.5983870967741935 0.46962025316455697 0.5983870967741935 0.5107594936708861 0.5790322580645161 0.5107594936708861
2 0.6053763440860215 0.46962025316455697 0.6311827956989247 0.46962025316455697 0.6311827956989247 0.5101265822784811 0.6053763440860215 0.5101265822784811
4 0.639247311827957 0.46962025316455697 0.6586021505376345 0.46962025316455697 0.6586021505376345 0.5107594936708861 0.639247311827957 0.5107594936708861
29 0.25 0.5183544303797468 0.27580645161290324 0.5183544303797468 0.27580645161290324 0.5588607594936709 0.25 0.5588607594936709
24 0.28279569892473116 0.5183544303797468 0.3086021505376344 0.5183544303797468 0.3086021505376344 0.5588607594936709 0.28279569892473116 0.5588607594936709
29 0.3139784946236559 0.5183544303797468 0.3333333333333333 0.5183544303797468 0.3333333333333333 0.5588607594936709 0.3139784946236559 0.5588607594936709
36 0.34086021505376346 0.5183544303797468 0.34838709677419355 0.5183544303797468 0.34838709677419355 0.5443037974683544 0.34086021505376346 0.5443037974683544
0 0.3564516129032258 0.5183544303797468 0.3758064516129032 0.5183544303797468 0.3758064516129032 0.5594936708860759 0.3564516129032258 0.5594936708860759
8 0.3811827956989247 0.5183544303797468 0.40053763440860213 0.5183544303797468 0.40053763440860213 0.5594936708860759 0.3811827956989247 0.5594936708860759
37 0.4075268817204301 0.5183544303797468 0.43333333333333335 0.5183544303797468 0.43333333333333335 0.5481012658227848 0.4075268817204301 0.5481012658227848
2 0.439247311827957 0.5183544303797468 0.46505376344086025 0.5183544303797468 0.46505376344086025 0.5588607594936709 0.439247311827957 0.5588607594936709
7 0.47043010752688175 0.5183544303797468 0.48978494623655916 0.5183544303797468 0.48978494623655916 0.5588607594936709 0.47043010752688175 0.5588607594936709
37 0.49516129032258066 0.5183544303797468 0.5166666666666667 0.5183544303797468 0.5166666666666667 0.5436708860759494 0.49516129032258066 0.5436708860759494
2 0.5225806451612903 0.5183544303797468 0.5419354838709678 0.5183544303797468 0.5419354838709678 0.5594936708860759 0.5225806451612903 0.5594936708860759
0 0.5494623655913978 0.5183544303797468 0.575268817204301 0.5183544303797468 0.575268817204301 0.5588607594936709 0.5494623655913978 0.5588607594936709
2 0.5806451612903226 0.5183544303797468 0.6064516129032258 0.5183544303797468 0.6064516129032258 0.5588607594936709 0.5806451612903226 0.5588607594936709
5 0.6118279569892473 0.5183544303797468 0.6311827956989248 0.5183544303797468 0.6311827956989248 0.5594936708860759 0.6118279569892473 0.5594936708860759
