20 0.25 0.43481012658227847 0.27580645161290324 0.43481012658227847 0.27580645161290324 0.4753164556962025 0.25 0.4753164556962025
23 0.28225806451612906 0.43481012658227847 0.3080645161290323 0.43481012658227847 0.3080645161290323 0.4753164556962025 0.28225806451612906 0.4753164556962025
21 0.31451612903225806 0.43481012658227847 0.3338709677419355 0.43481012658227847 0.3338709677419355 0.4759493670886076 0.31451612903225806 0.4759493670886076
36 0.34086021505376346 0.43481012658227847 0.35376344086021505 0.43481012658227847 0.35376344086021505 0.4651898734177215 0.34086021505376346 0.4651898734177215
0 0.3618279569892473 0.43481012658227847 0.38763440860215054 0.43481012658227847 0.38763440860215054 0.4753164556962025 0.3618279569892473 0.4753164556962025
4 0.3946236559139785 0.43481012658227847 0.41397849462365593 0.43481012658227847 0.41397849462365593 0.4753164556962025 0.3946236559139785 0.4753164556962025
37 0.421505376344086 0.43481012658227847 0.44731182795698926 0.43481012658227847 0.44731182795698926 0.46582278481012657 0.421505376344086 0.46582278481012657
0 0.4543010752688172 0.43481012658227847 0.4801075268817204 0.43481012658227847 0.4801075268817204 0.4759493670886076 0.4543010752688172 0.4759493670886076
6 0.4881720430107527 0.43481012658227847 0.5075268817204301 0.43481012658227847 0.5075268817204301 0.4759493670886076 0.4881720430107527 0.4759493670886076
37 0.513978494623656 0.43481012658227847 0.5397849462365591 0.43481012658227847 0.5397849462365591 0.4651898734177215 0.513978494623656 0.4651898734177215
2 0.546236559139785 0.43481012658227847 0.5720430107526882 0.43481012658227847 0.5720430107526882 0.4753164556962025 0.546236559139785 0.4753164556962025
0 0.578494623655914 0.43481012658227847 0.6043010752688172 0.43481012658227847 0.6043010752688172 0.4753164556962025 0.578494623655914 0.4753164556962025
2 0.6118279569892473 0.43481012658227847 0.6376344086021505 0.43481012658227847 0.6376344086021505 0.4753164556962025 0.6118279569892473 0.4753164556962025
5 0.6435483870967742 0.43481012658227847 0.6693548387096774 0.43481012658227847 0.6693548387096774 0.4753164556962025 0.6435483870967742 0.4753164556962025
25 0.25 0.4835443037974684 0.27580645161290324 0.4835443037974684 0.27580645161290324 0.5240506329113924 0.25 0.5240506329113924
31 0.28225806451612906 0.4835443037974684 0.3016129032258065 0.4835443037974684 0.3016129032258065 0.5246835443037975 0.28225806451612906 0.5246835443037975
30 0.306989247311828 0.4835443037974684 0.3263440860215054 0.4835443037974684 0.3263440860215054 0.5246835443037975 0.306989247311828 0.5246835443037975
36 0.3333333333333333 0.4835443037974684 0.34516129032258064 0.4835443037974684 0.34516129032258064 0.5139240506329115 0.3333333333333333 0.5139240506329115
0 0.35161290322580646 0.4835443037974684 0.3774193548387097 0.4835443037974684 0.3774193548387097 0.5240506329113924 0.35161290322580646 0.5240506329113924
5 0.38548387096774195 0.4835443037974684 0.40483870967741936 0.4835443037974684 0.40483870967741936 0.5246835443037975 0.38548387096774195 0.5246835443037975
37 0.410752688172043 0.4835443037974684 0.43655913978494626 0.4835443037974684 0.43655913978494626 0.5139240506329115 0.410752688172043 0.5139240506329115
0 0.4446236559139785 0.4835443037974684 0.47043010752688175 0.4835443037974684 0.47043010752688175 0.5240506329113924 0.4446236559139785 0.5240506329113924
7 0.47795698924731184 0.4835443037974684 0.5037634408602151 0.4835443037974684 0.5037634408602151 0.5240506329113924 0.47795698924731184 0.5240506329113924
37 0.5102150537634409 0.4835443037974684 0.5360215053763441 0.4835443037974684 0.5360215053763441 0.5139240506329115 0.5102150537634409 0.5139240506329115
2 0.5424731182795699 0.4835443037974684 0.5682795698924731 0.4835443037974684 0.5682795698924731 0.5240506329113924 0.5424731182795699 0.5240506329113924
0 0.5736559139784946 0.4835443037974684 0.5994623655913978 0.4835443037974684 0.5994623655913978 0.5240506329113924 0.5736559139784946 0.5240506329113924
2 0.6069892473118279 0.4835443037974684 0.6327956989247311 0.4835443037974684 0.6327956989247311 0.5240506329113924 0.6069892473118279 0.5240506329113924
5 0.6381720430107527 0.4835443037974684 0.6639784946236559 0.4835443037974684 0.6639784946236559 0.5246835443037975 0.6381720430107527 0.5246835443037975
