16 0.25 0.43860759493670887 0.2693548387096774 0.43860759493670887 0.2693548387096774 0.479746835443038 0.25 0.479746835443038
23 0.2752688172043011 0.43860759493670887 0.3010752688172043 0.43860759493670887 0.3010752688172043 0.4791139240506329 0.2752688172043011 0.4791139240506329
12 0.3086021505376344 0.43860759493670887 0.33440860215053764 0.43860759493670887 0.33440860215053764 0.479746835443038 0.3086021505376344 0.479746835443038
36 0.3424731182795699 0.43860759493670887 0.35 0.43860759493670887 0.35 0.4645569620253165 0.3424731182795699 0.4645569620253165
1 0.3580645161290323 0.43860759493670887 0.3752688172043011 0.43860759493670887 0.3752688172043011 0.479746835443038 0.3580645161290323 0.479746835443038
0 0.3811827956989247 0.43860759493670887 0.40698924731182795 0.43860759493670887 0.40698924731182795 0.4791139240506329 0.3811827956989247 0.4791139240506329
37 0.41236559139784945 0.43860759493670887 0.4381720430107527 0.43860759493670887 0.4381720430107527 0.4689873417721519 0.41236559139784945 0.4689873417721519
0 0.4435483870967742 0.43860759493670887 0.4693548387096774 0.43860759493670887 0.4693548387096774 0.4791139240506329 0.4435483870967742 0.4791139240506329
2 0.4752688172043011 0.43860759493670887 0.5010752688172043 0.43860759493670887 0.5010752688172043 0.4791139240506329 0.4752688172043011 0.4791139240506329
37 0.5069892473118279 0.43860759493670887 0.5327956989247311 0.43860759493670887 0.5327956989247311 0.4689873417721519 0.5069892473118279 0.4689873417721519
2 0.5381720430107527 0.43860759493670887 0.5639784946236559 0.43860759493670887 0.5639784946236559 0.4791139240506329 0.5381720430107527 0.4791139240506329
0 0.5709677419354838 0.43860759493670887 0.5903225806451613 0.43860759493670887 0.5903225806451613 0.479746835443038 0.5709677419354838 0.479746835443038
2 0.5978494623655914 0.43860759493670887 0.6236559139784946 0.43860759493670887 0.6236559139784946 0.4791139240506329 0.5978494623655914 0.4791139240506329
5 0.6301075268817204 0.43860759493670887 0.6559139784946236 0.43860759493670887 0.6559139784946236 0.479746835443038 0.6301075268817204 0.479746835443038
17 0.25 0.4873417721518987 0.2693548387096774 0.4873417721518987 0.2693548387096774 0.5284810126582278 0.25 0.5284810126582278
11 0.2768817204301075 0.4873417721518987 0.30268817204301074 0.4873417721518987 0.30268817204301074 0.5284810126582278 0.2768817204301075 0.5284810126582278
11 0.30913978494623656 0.4873417721518987 0.328494623655914 0.4873417721518987 0.328494623655914 0.5284810126582278 0.30913978494623656 0.5284810126582278
36 0.33548387096774196 0.4873417721518987 0.34301075268817205 0.4873417721518987 0.34301075268817205 0.5132911392405063 0.33548387096774196 0.5132911392405063
0 0.35 0.4873417721518987 0.3693548387096774 0.4873417721518987 0.3693548387096774 0.5284810126582278 0.35 0.5284810126582278
4 0.3774193548387097 0.4873417721518987 0.40322580645161293 0.4873417721518987 0.40322580645161293 0.5278481012658228 0.3774193548387097 0.5278481012658228
37 0.41021505376344086 0.4873417721518987 0.4360215053763441 0.4873417721518987 0.4360215053763441 0.5170886075949367 0.41021505376344086 0.5170886075949367
1 0.44408602150537635 0.4873417721518987 0.45698924731182794 0.4873417721518987 0.45698924731182794 0.5284810126582278 0.44408602150537635 0.5284810126582278
8 0.4645161290322581 0.4873417721518987 0.4838709677419355 0.4873417721518987 0.4838709677419355 0.5284810126582278 0.4645161290322581 0.5284810126582278
37 0.4913978494623656 0.4873417721518987 0.5129032258064516 0.4873417721518987 0.5129032258064516 0.5126582278481012 0.4913978494623656 0.5126582278481012
2 0.5193548387096775 0.4873417721518987 0.5387096774193549 0.4873417721518987 0.5387096774193549 0.5284810126582278 0.5193548387096775 0.5284810126582278
0 0.5446236559139785 0.4873417721518987 0.5704301075268817 0.4873417721518987 0.5704301075268817 0.5278481012658228 0.5446236559139785 0.5278481012658228
2 0.5758064516129032 0.4873417721518987 0.6016129032258064 0.4873417721518987 0.6016129032258064 0.5278481012658228 0.5758064516129032 0.5278481012658228
5 0.6086021505376344 0.4873417721518987 0.6344086021505376 0.4873417721518987 0.6344086021505376 0.5278481012658228 0.6086021505376344 0.5278481012658228
