14 0.25 0.6430379746835443 0.27580645161290324 0.6430379746835443 0.27580645161290324 0.6835443037974683 0.25 0.6835443037974683
30 0.2817204301075269 0.6430379746835443 0.30752688172043013 0.6430379746835443 0.30752688172043013 0.6835443037974683 0.2817204301075269 0.6835443037974683
29 0.31290322580645163 0.6430379746835443 0.33225806451612905 0.6430379746835443 0.33225806451612905 0.6841772151898734 0.31290322580645163 0.6841772151898734
36 0.3387096774193548 0.6430379746835443 0.35053763440860214 0.6430379746835443 0.35053763440860214 0.6734177215189874 0.3387096774193548 0.6734177215189874
0 0.3580645161290323 0.6430379746835443 0.3838709677419355 0.6430379746835443 0.3838709677419355 0.6835443037974683 0.3580645161290323 0.6835443037974683
3 0.3919354838709677 0.6430379746835443 0.41774193548387095 0.6430379746835443 0.41774193548387095 0.6835443037974683 0.3919354838709677 0.6835443037974683
37 0.4241935483870968 0.6430379746835443 0.45 0.6430379746835443 0.45 0.6740506329113924 0.4241935483870968 0.6740506329113924
0 0.45698924731182794 0.6430379746835443 0.4827956989247312 0.6430379746835443 0.4827956989247312 0.6835443037974683 0.45698924731182794 0.6835443037974683
9 0.489247311827957 0.6430379746835443 0.5150537634408602 0.6430379746835443 0.5150537634408602 0.6835443037974683 0.489247311827957 0.6835443037974683
37 0.5204301075268817 0.6430379746835443 0.5462365591397849 0.6430379746835443 0.5462365591397849 0.6734177215189874 0.5204301075268817 0.6734177215189874
2 0.5543010752688172 0.6430379746835443 0.5801075268817204 0.6430379746835443 0.5801075268817204 0.6835443037974683 0.5543010752688172 0.6835443037974683
0 0.5881720430107527 0.6430379746835443 0.6139784946236558 0.6430379746835443 0.6139784946236558 0.6835443037974683 0.5881720430107527 0.6835443037974683
2 0.6204301075268818 0.6430379746835443 0.646236559139785 0.6430379746835443 0.646236559139785 0.6835443037974683 0.6204301075268818 0.6835443037974683
5 0.6516129032258065 0.6430379746835443 0.6774193548387096 0.6430379746835443 0.6774193548387096 0.6841772151898734 0.6516129032258065 0.6841772151898734
30 0.25 0.6917721518987342 0.2693548387096774 0.6917721518987342 0.2693548387096774 0.7329113924050633 0.25 0.7329113924050633
31 0.2768817204301075 0.6917721518987342 0.2962365591397849 0.6917721518987342 0.2962365591397849 0.7329113924050633 0.2768817204301075 0.7329113924050633
28 0.3021505376344086 0.6917721518987342 0.3279569892473118 0.6917721518987342 0.3279569892473118 0.7322784810126582 0.3021505376344086 0.7322784810126582
36 0.3338709677419355 0.6917721518987342 0.34677419354838707 0.6917721518987342 0.34677419354838707 0.7221518987341773 0.3338709677419355 0.7221518987341773
0 0.3521505376344086 0.6917721518987342 0.37795698924731186 0.6917721518987342 0.37795698924731186 0.7322784810126582 0.3521505376344086 0.7322784810126582
6 0.3860215053763441 0.6917721518987342 0.4053763440860215 0.6917721518987342 0.4053763440860215 0.7329113924050633 0.3860215053763441 0.7329113924050633
37 0.410752688172043 0.6917721518987342 0.43655913978494626 0.6917721518987342 0.43655913978494626 0.7221518987341773 0.410752688172043 0.7221518987341773
1 0.4446236559139785 0.6917721518987342 0.4575268817204301 0.6917721518987342 0.4575268817204301 0.7329113924050633 0.4446236559139785 0.7329113924050633
5 0.4639784946236559 0.6917721518987342 0.48333333333333334 0.6917721518987342 0.48333333333333334 0.7329113924050633 0.4639784946236559 0.7329113924050633
37 0.48978494623655916 0.6917721518987342 0.5155913978494624 0.6917721518987342 0.5155913978494624 0.7221518987341773 0.48978494623655916 0.7221518987341773
2 0.5220430107526882 0.6917721518987342 0.5413978494623657 0.6917721518987342 0.5413978494623657 0.7329113924050633 0.5220430107526882 0.7329113924050633
0 0.5473118279569893 0.6917721518987342 0.5731182795698925 0.6917721518987342 0.5731182795698925 0.7322784810126582 0.5473118279569893 0.7322784810126582
2 0.5811827956989247 0.6917721518987342 0.6005376344086022 0.6917721518987342 0.6005376344086022 0.7329113924050633 0.5811827956989247 0.7329113924050633
5 0.6069892473118279 0.6917721518987342 0.6263440860215054 0.6917721518987342 0.6263440860215054 0.7329113924050633 0.6069892473118279 0.7329113924050633
