26 0.25 0.4278481012658228 0.27580645161290324 0.4278481012658228 0.27580645161290324 0.46835443037974683 0.25 0.46835443037974683
24 0.2817204301075269 0.4278481012658228 0.3010752688172043 0.4278481012658228 0.3010752688172043 0.4689873417721519 0.2817204301075269 0.4689873417721519
33 0.306989247311828 0.4278481012658228 0.3327956989247312 0.4278481012658228 0.3327956989247312 0.46835443037974683 0.306989247311828 0.46835443037974683
36 0.34086021505376346 0.4278481012658228 0.34838709677419355 0.4278481012658228 0.34838709677419355 0.4544303797468354 0.34086021505376346 0.4544303797468354
0 0.3543010752688172 0.4278481012658228 0.38010752688172045 0.4278481012658228 0.38010752688172045 0.46835443037974683 0.3543010752688172 0.46835443037974683
8 0.3860215053763441 0.4278481012658228 0.41182795698924735 0.4278481012658228 0.41182795698924735 0.46835443037974683 0.3860215053763441 0.46835443037974683
37 0.41935483870967744 0.4278481012658228 0.44516129032258067 0.4278481012658228 0.44516129032258067 0.4582278481012658 0.41935483870967744 0.4582278481012658
2 0.45268817204301076 0.4278481012658228 0.4720430107526882 0.4278481012658228 0.4720430107526882 0.4689873417721519 0.45268817204301076 0.4689873417721519
5 0.4801075268817204 0.4278481012658228 0.5059139784946236 0.4278481012658228 0.5059139784946236 0.4689873417721519 0.4801075268817204 0.4689873417721519
37 0.5123655913978494 0.4278481012658228 0.5381720430107526 0.4278481012658228 0.5381720430107526 0.45759493670886076 0.5123655913978494 0.45759493670886076
2 0.546236559139785 0.4278481012658228 0.5655913978494624 0.4278481012658228 0.5655913978494624 0.4689873417721519 0.546236559139785 0.4689873417721519
0 0.5731182795698925 0.4278481012658228 0.5989247311827957 0.4278481012658228 0.5989247311827957 0.46835443037974683 0.5731182795698925 0.46835443037974683
2 0.6043010752688172 0.4278481012658228 0.6236559139784946 0.4278481012658228 0.6236559139784946 0.4689873417721519 0.6043010752688172 0.4689873417721519
5 0.6290322580645161 0.4278481012658228 0.6483870967741936 0.4278481012658228 0.6483870967741936 0.4689873417721519 0.6290322580645161 0.4689873417721519
25 0.25 0.47658227848101264 0.2693548387096774 0.47658227848101264 0.2693548387096774 0.5177215189873418 0.25 0.5177215189873418
24 0.27580645161290324 0.47658227848101264 0.3016129032258065 0.47658227848101264 0.3016129032258065 0.5170886075949367 0.27580645161290324 0.5170886075949367
17 0.3096774193548387 0.47658227848101264 0.33548387096774196 0.47658227848101264 0.33548387096774196 0.5170886075949367 0.3096774193548387 0.5170886075949367
36 0.3424731182795699 0.47658227848101264 0.3543010752688172 0.47658227848101264 0.3543010752688172 0.5069620253164557 0.3424731182795699 0.5069620253164557
0 0.3602150537634409 0.47658227848101264 0.3795698924731183 0.47658227848101264 0.3795698924731183 0.5177215189873418 0.3602150537634409 0.5177215189873418
7 0.38548387096774195 0.47658227848101264 0.40483870967741936 0.47658227848101264 0.40483870967741936 0.5177215189873418 0.38548387096774195 0.5177215189873418
37 0.41236559139784945 0.47658227848101264 0.4381720430107527 0.47658227848101264 0.4381720430107527 0.5069620253164557 0.41236559139784945 0.5069620253164557
0 0.4435483870967742 0.47658227848101264 0.4693548387096774 0.47658227848101264 0.4693548387096774 0.5170886075949367 0.4435483870967742 0.5170886075949367
1 0.4752688172043011 0.47658227848101264 0.4924731182795699 0.47658227848101264 0.4924731182795699 0.5177215189873418 0.4752688172043011 0.5177215189873418
37 0.5 0.47658227848101264 0.5258064516129032 0.47658227848101264 0.5258064516129032 0.5063291139240507 0.5 0.5063291139240507
2 0.5338709677419354 0.47658227848101264 0.5596774193548386 0.47658227848101264 0.5596774193548386 0.5170886075949367 0.5338709677419354 0.5170886075949367
0 0.5655913978494623 0.47658227848101264 0.5913978494623655 0.47658227848101264 0.5913978494623655 0.5177215189873418 0.5655913978494623 0.5177215189873418
2 0.5983870967741935 0.47658227848101264 0.617741935483871 0.47658227848101264 0.617741935483871 0.5177215189873418 0.5983870967741935 0.5177215189873418
5 0.6236559139784946 0.47658227848101264 0.6494623655913978 0.47658227848101264 0.6494623655913978 0.5170886075949367 0.6236559139784946 0.5170886075949367
