24 0.25 0.3689873417721519 0.2693548387096774 0.3689873417721519 0.2693548387096774 0.41012658227848103 0.25 0.41012658227848103
26 0.2747311827956989 0.3689873417721519 0.30053763440860215 0.3689873417721519 0.30053763440860215 0.40949367088607597 0.2747311827956989 0.40949367088607597
32 0.30752688172043013 0.3689873417721519 0.32688172043010755 0.3689873417721519 0.32688172043010755 0.41012658227848103 0.30752688172043013 0.41012658227848103
36 0.3338709677419355 0.3689873417721519 0.34677419354838707 0.3689873417721519 0.34677419354838707 0.39936708860759496 0.3338709677419355 0.39936708860759496
0 0.35268817204301073 0.3689873417721519 0.37204301075268814 0.3689873417721519 0.37204301075268814 0.41012658227848103 0.35268817204301073 0.41012658227848103
7 0.3779569892473118 0.3689873417721519 0.3973118279569892 0.3689873417721519 0.3973118279569892 0.41012658227848103 0.3779569892473118 0.41012658227848103
37 0.40483870967741936 0.3689873417721519 0.4306451612903226 0.3689873417721519 0.4306451612903226 0.4 0.40483870967741936 0.4
1 0.43870967741935485 0.3689873417721519 0.4559139784946237 0.3689873417721519 0.4559139784946237 0.40949367088607597 0.43870967741935485 0.40949367088607597
3 0.46182795698924733 0.3689873417721519 0.48763440860215057 0.3689873417721519 0.48763440860215057 0.40949367088607597 0.46182795698924733 0.40949367088607597
37 0.493010752688172 0.3689873417721519 0.5188172043010753 0.3689873417721519 0.5188172043010753 0.39936708860759496 0.493010752688172 0.39936708860759496
2 0.5258064516129032 0.3689873417721519 0.5451612903225806 0.3689873417721519 0.5451612903225806 0.41012658227848103 0.5258064516129032 0.41012658227848103
0 0.5521505376344086 0.3689873417721519 0.571505376344086 0.3689873417721519 0.571505376344086 0.41012658227848103 0.5521505376344086 0.41012658227848103
2 0.5779569892473119 0.3689873417721519 0.603763440860215 0.3689873417721519 0.603763440860215 0.41012658227848103 0.5779569892473119 0.41012658227848103
5 0.6091397849462366 0.3689873417721519 0.6349462365591397 0.3689873417721519 0.6349462365591397 0.40949367088607597 0.6091397849462366 0.40949367088607597
13 0.25 0.4177215189873418 0.27580645161290324 0.4177215189873418 0.27580645161290324 0.4582278481012658 0.25 0.4582278481012658
24 0.2833333333333333 0.4177215189873418 0.30268817204301074 0.4177215189873418 0.30268817204301074 0.4588607594936709 0.2833333333333333 0.4588607594936709
10 0.3102150537634409 0.4177215189873418 0.3360215053763441 0.4177215189873418 0.3360215053763441 0.4588607594936709 0.3102150537634409 0.4588607594936709
36 0.3419354838709677 0.4177215189873418 0.35376344086021505 0.4177215189873418 0.35376344086021505 0.4487341772151899 0.3419354838709677 0.4487341772151899
0 0.36129032258064514 0.4177215189873418 0.3870967741935484 0.4177215189873418 0.3870967741935484 0.4582278481012658 0.36129032258064514 0.4582278481012658
5 0.39301075268817204 0.4177215189873418 0.4188172043010753 0.4177215189873418 0.4188172043010753 0.4588607594936709 0.39301075268817204 0.4588607594936709
37 0.4241935483870968 0.4177215189873418 0.45 0.4177215189873418 0.45 0.4487341772151899 0.4241935483870968 0.4487341772151899
0 0.4575268817204301 0.4177215189873418 0.4768817204301075 0.4177215189873418 0.4768817204301075 0.4588607594936709 0.4575268817204301 0.4588607594936709
2 0.4838709677419355 0.4177215189873418 0.5096774193548387 0.4177215189873418 0.5096774193548387 0.4582278481012658 0.4838709677419355 0.4582278481012658
37 0.5177419354838709 0.4177215189873418 0.5435483870967741 0.4177215189873418 0.5435483870967741 0.4481012658227848 0.5177419354838709 0.4481012658227848
2 0.5510752688172043 0.4177215189873418 0.5704301075268817 0.4177215189873418 0.5704301075268817 0.4588607594936709 0.5510752688172043 0.4588607594936709
0 0.5758064516129032 0.4177215189873418 0.6016129032258064 0.4177215189873418 0.6016129032258064 0.4582278481012658 0.5758064516129032 0.4582278481012658
2 0.6069892473118279 0.4177215189873418 0.6263440860215054 0.4177215189873418 0.6263440860215054 0.4588607594936709 0.6069892473118279 0.4588607594936709
5 0.6327956989247312 0.4177215189873418 0.6521505376344087 0.4177215189873418 0.6521505376344087 0.4588607594936709 0.6327956989247312 0.4588607594936709
