14 0.25 0.5373417721518987 0.2693548387096774 0.5373417721518987 0.2693548387096774 0.5784810126582278 0.25 0.5784810126582278
15 0.2752688172043011 0.5373417721518987 0.2946236559139785 0.5373417721518987 0.2946236559139785 0.5784810126582278 0.2752688172043011 0.5784810126582278
29 0.3 0.5373417721518987 0.3193548387096774 0.5373417721518987 0.3193548387096774 0.5784810126582278 0.3 0.5784810126582278
36 0.3258064516129032 0.5373417721518987 0.3333333333333333 0.5373417721518987 0.3333333333333333 0.5639240506329114 0.3258064516129032 0.5639240506329114
0 0.3403225806451613 0.5373417721518987 0.3596774193548387 0.5373417721518987 0.3596774193548387 0.5784810126582278 0.3403225806451613 0.5784810126582278
8 0.36774193548387096 0.5373417721518987 0.3935483870967742 0.5373417721518987 0.3935483870967742 0.5784810126582278 0.36774193548387096 0.5784810126582278
37 0.4 0.5373417721518987 0.42580645161290326 0.5373417721518987 0.42580645161290326 0.5677215189873418 0.4 0.5677215189873418
2 0.4327956989247312 0.5373417721518987 0.4521505376344086 0.5373417721518987 0.4521505376344086 0.5784810126582278 0.4327956989247312 0.5784810126582278
9 0.4596774193548387 0.5373417721518987 0.4790322580645161 0.5373417721518987 0.4790322580645161 0.5784810126582278 0.4596774193548387 0.5784810126582278
37 0.48655913978494625 0.5373417721518987 0.5123655913978494 0.5373417721518987 0.5123655913978494 0.5677215189873418 0.48655913978494625 0.5677215189873418
2 0.5193548387096775 0.5373417721518987 0.5387096774193549 0.5373417721518987 0.5387096774193549 0.5784810126582278 0.5193548387096775 0.5784810126582278
0 0.5456989247311828 0.5373417721518987 0.5715053763440859 0.5373417721518987 0.5715053763440859 0.5778481012658228 0.5456989247311828 0.5778481012658228
2 0.5768817204301075 0.5373417721518987 0.596236559139785 0.5373417721518987 0.596236559139785 0.5784810126582278 0.5768817204301075 0.5784810126582278
5 0.6021505376344086 0.5373417721518987 0.6215053763440861 0.5373417721518987 0.6215053763440861 0.5784810126582278 0.6021505376344086 0.5784810126582278
12 0.25 0.5860759493670886 0.27580645161290324 0.5860759493670886 0.27580645161290324 0.6265822784810127 0.25 0.6265822784810127
34 0.28225806451612906 0.5860759493670886 0.3080645161290323 0.5860759493670886 0.3080645161290323 0.6265822784810127 0.28225806451612906 0.6265822784810127
30 0.3161290322580645 0.5860759493670886 0.3419354838709677 0.5860759493670886 0.3419354838709677 0.6265822784810127 0.3161290322580645 0.6265822784810127
36 0.3473118279569892 0.5860759493670886 0.3548387096774193 0.5860759493670886 0.3548387096774193 0.6120253164556962 0.3473118279569892 0.6120253164556962
0 0.3629032258064516 0.5860759493670886 0.38870967741935486 0.5860759493670886 0.38870967741935486 0.6265822784810127 0.3629032258064516 0.6265822784810127
9 0.3946236559139785 0.5860759493670886 0.41397849462365593 0.5860759493670886 0.41397849462365593 0.6272151898734177 0.3946236559139785 0.6272151898734177
37 0.4204301075268817 0.5860759493670886 0.44623655913978494 0.5860759493670886 0.44623655913978494 0.6164556962025317 0.4204301075268817 0.6164556962025317
0 0.4521505376344086 0.5860759493670886 0.47795698924731184 0.5860759493670886 0.47795698924731184 0.6272151898734177 0.4521505376344086 0.6272151898734177
9 0.48333333333333334 0.5860759493670886 0.5091397849462366 0.5860759493670886 0.5091397849462366 0.6272151898734177 0.48333333333333334 0.6272151898734177
37 0.5161290322580645 0.5860759493670886 0.5419354838709677 0.5860759493670886 0.5419354838709677 0.6158227848101266 0.5161290322580645 0.6158227848101266
2 0.5483870967741935 0.5860759493670886 0.5741935483870967 0.5860759493670886 0.5741935483870967 0.6265822784810127 0.5483870967741935 0.6265822784810127
0 0.582258064516129 0.5860759493670886 0.6080645161290322 0.5860759493670886 0.6080645161290322 0.6265822784810127 0.582258064516129 0.6265822784810127
2 0.613978494623656 0.5860759493670886 0.6333333333333334 0.5860759493670886 0.6333333333333334 0.6272151898734177 0.613978494623656 0.6272151898734177
5 0.6403225806451613 0.5860759493670886 0.6661290322580645 0.5860759493670886 0.6661290322580645 0.6265822784810127 0.6403225806451613 0.6265822784810127
