19 0.25 0.6170886075949367 0.2693548387096774 0.6170886075949367 0.2693548387096774 0.6582278481012658 0.25 0.6582278481012658
32 0.2747311827956989 0.6170886075949367 0.2940860215053763 0.6170886075949367 0.2940860215053763 0.6582278481012658 0.2747311827956989 0.6582278481012658
20 0.3010752688172043 0.6170886075949367 0.3204301075268817 0.6170886075949367 0.3204301075268817 0.6582278481012658 0.3010752688172043 0.6582278481012658
36 0.3279569892473118 0.6170886075949367 0.33978494623655914 0.6170886075949367 0.33978494623655914 0.6474683544303798 0.3279569892473118 0.6474683544303798
0 0.34623655913978496 0.6170886075949367 0.3655913978494624 0.6170886075949367 0.3655913978494624 0.6582278481012658 0.34623655913978496 0.6582278481012658
7 0.3736559139784946 0.6170886075949367 0.39946236559139786 0.6170886075949367 0.39946236559139786 0.6575949367088607 0.3736559139784946 0.6575949367088607
37 0.40483870967741936 0.6170886075949367 0.43010752688172044 0.6170886075949367 0.43010752688172044 0.6468354430379747 0.40483870967741936 0.6468354430379747
0 0.4376344086021505 0.6170886075949367 0.46344086021505376 0.6170886075949367 0.46344086021505376 0.6575949367088607 0.4376344086021505 0.6575949367088607
4 0.4698924731182796 0.6170886075949367 0.4956989247311828 0.6170886075949367 0.4956989247311828 0.6575949367088607 0.4698924731182796 0.6575949367088607
37 0.5021505376344086 0.6170886075949367 0.5279569892473118 0.6170886075949367 0.5279569892473118 0.6474683544303798 0.5021505376344086 0.6474683544303798
2 0.5349462365591398 0.6170886075949367 0.5543010752688172 0.6170886075949367 0.5543010752688172 0.6582278481012658 0.5349462365591398 0.6582278481012658
0 0.5618279569892473 0.6170886075949367 0.5876344086021504 0.6170886075949367 0.5876344086021504 0.6575949367088607 0.5618279569892473 0.6575949367088607
2 0.5951612903225807 0.6170886075949367 0.6209677419354839 0.6170886075949367 0.6209677419354839 0.6582278481012658 0.5951612903225807 0.6582278481012658
5 0.6268817204301075 0.6170886075949367 0.6526881720430107 0.6170886075949367 0.6526881720430107 0.6575949367088607 0.6268817204301075 0.6575949367088607
27 0.25 0.6658227848101266 0.27580645161290324 0.6658227848101266 0.27580645161290324 0.7063291139240506 0.25 0.7063291139240506
15 0.2838709677419355 0.6658227848101266 0.3032258064516129 0.6658227848101266 0.3032258064516129 0.7069620253164557 0.2838709677419355 0.7069620253164557
32 0.310752688172043 0.6658227848101266 0.3301075268817204 0.6658227848101266 0.3301075268817204 0.7069620253164557 0.310752688172043 0.7069620253164557
36 0.3381720430107527 0.6658227848101266 0.3456989247311828 0.6658227848101266 0.3456989247311828 0.6917721518987342 0.3381720430107527 0.6917721518987342
0 0.35161290322580646 0.6658227848101266 0.3774193548387097 0.6658227848101266 0.3774193548387097 0.7063291139240506 0.35161290322580646 0.7063291139240506
4 0.38387096774193546 0.6658227848101266 0.4032258064516129 0.6658227848101266 0.4032258064516129 0.7069620253164557 0.38387096774193546 0.7069620253164557
37 0.410752688172043 0.6658227848101266 0.43655913978494626 0.6658227848101266 0.43655913978494626 0.6968354430379746 0.410752688172043 0.6968354430379746
2 0.44247311827956987 0.6658227848101266 0.4682795698924731 0.6658227848101266 0.4682795698924731 0.7063291139240506 0.44247311827956987 0.7063291139240506
4 0.4752688172043011 0.6658227848101266 0.5010752688172043 0.6658227848101266 0.5010752688172043 0.7063291139240506 0.4752688172043011 0.7063291139240506
37 0.5091397849462366 0.6658227848101266 0.5349462365591398 0.6658227848101266 0.5349462365591398 0.6962025316455697 0.5091397849462366 0.6962025316455697
2 0.5408602150537635 0.6658227848101266 0.5666666666666667 0.6658227848101266 0.5666666666666667 0.7063291139240506 0.5408602150537635 0.7063291139240506
0 0.5736559139784946 0.6658227848101266 0.5994623655913978 0.6658227848101266 0.5994623655913978 0.7063291139240506 0.5736559139784946 0.7063291139240506
2 0.6075268817204301 0.6658227848101266 0.6268817204301076 0.6658227848101266 0.6268817204301076 0.7069620253164557 0.6075268817204301 0.7069620253164557
5 0.6344086021505376 0.6658227848101266 0.6602150537634408 0.6658227848101266 0.6602150537634408 0.7069620253164557 0.6344086021505376 0.7069620253164557
