10 0.25 0.3658227848101266 0.27580645161290324 0.3658227848101266 0.27580645161290324 0.40632911392405063 0.25 0.40632911392405063
29 0.28225806451612906 0.3658227848101266 0.3080645161290323 0.3658227848101266 0.3080645161290323 0.40632911392405063 0.28225806451612906 0.40632911392405063
16 0.3161290322580645 0.3658227848101266 0.3354838709677419 0.3658227848101266 0.3354838709677419 0.4069620253164557 0.3161290322580645 0.4069620253164557
36 0.34086021505376346 0.3658227848101266 0.3526881720430108 0.3658227848101266 0.3526881720430108 0.3968354430379747 0.34086021505376346 0.3968354430379747
0 0.35913978494623655 0.3658227848101266 0.3849462365591398 0.3658227848101266 0.3849462365591398 0.40632911392405063 0.35913978494623655 0.40632911392405063
3 0.3924731182795699 0.3658227848101266 0.4182795698924731 0.3658227848101266 0.4182795698924731 0.4069620253164557 0.3924731182795699 0.4069620253164557
37 0.4236559139784946 0.3658227848101266 0.44946236559139785 0.3658227848101266 0.44946236559139785 0.3968354430379747 0.4236559139784946 0.3968354430379747
2 0.45645161290322583 0.3658227848101266 0.48225806451612907 0.3658227848101266 0.48225806451612907 0.40632911392405063 0.45645161290322583 0.40632911392405063
0 0.48870967741935484 0.3658227848101266 0.5145161290322581 0.3658227848101266 0.5145161290322581 0.40632911392405063 0.48870967741935484 0.40632911392405063
37 0.5225806451612903 0.3658227848101266 0.5483870967741935 0.3658227848101266 0.5483870967741935 0.3962025316455696 0.5225806451612903 0.3962025316455696
2 0.5543010752688172 0.3658227848101266 0.5801075268817204 0.3658227848101266 0.5801075268817204 0.4069620253164557 0.5543010752688172 0.4069620253164557
0 0.5860215053763441 0.3658227848101266 0.6053763440860216 0.3658227848101266 0.6053763440860216 0.4069620253164557 0.5860215053763441 0.4069620253164557
2 0.610752688172043 0.3658227848101266 0.6301075268817204 0.3658227848101266 0.6301075268817204 0.4069620253164557 0.610752688172043 0.4069620253164557
5 0.635483870967742 0.3658227848101266 0.6612903225806451 0.3658227848101266 0.6612903225806451 0.4069620253164557 0.635483870967742 0.4069620253164557
30 0.25 0.41455696202531644 0.27580645161290324 0.41455696202531644 0.27580645161290324 0.4550632911392405 0.25 0.4550632911392405
19 0.2838709677419355 0.41455696202531644 0.3032258064516129 0.41455696202531644 0.3032258064516129 0.45569620253164556 0.2838709677419355 0.45569620253164556
19 0.30913978494623656 0.41455696202531644 0.3349462365591398 0.41455696202531644 0.3349462365591398 0.4550632911392405 0.30913978494623656 0.4550632911392405
36 0.3419354838709677 0.41455696202531644 0.3548387096774193 0.41455696202531644 0.3548387096774193 0.44556962025316454 0.3419354838709677 0.44556962025316454
1 0.3629032258064516 0.41455696202531644 0.38010752688172045 0.41455696202531644 0.38010752688172045 0.4550632911392405 0.3629032258064516 0.4550632911392405
0 0.38548387096774195 0.41455696202531644 0.40483870967741936 0.41455696202531644 0.40483870967741936 0.45569620253164556 0.38548387096774195 0.45569620253164556
37 0.4118279569892473 0.41455696202531644 0.4376344086021505 0.41455696202531644 0.4376344086021505 0.44556962025316454 0.4118279569892473 0.44556962025316454
1 0.4446236559139785 0.41455696202531644 0.45430107526881724 0.41455696202531644 0.45430107526881724 0.45569620253164556 0.4446236559139785 0.45569620253164556
0 0.46182795698924733 0.41455696202531644 0.48118279569892475 0.41455696202531644 0.48118279569892475 0.45569620253164556 0.46182795698924733 0.45569620253164556
37 0.4876344086021505 0.41455696202531644 0.5134408602150538 0.41455696202531644 0.5134408602150538 0.4449367088607595 0.4876344086021505 0.4449367088607595
2 0.521505376344086 0.41455696202531644 0.5408602150537635 0.41455696202531644 0.5408602150537635 0.45569620253164556 0.521505376344086 0.45569620253164556
0 0.5467741935483871 0.41455696202531644 0.5725806451612903 0.41455696202531644 0.5725806451612903 0.45569620253164556 0.5467741935483871 0.45569620253164556
2 0.5801075268817204 0.41455696202531644 0.5994623655913979 0.41455696202531644 0.5994623655913979 0.45569620253164556 0.5801075268817204 0.45569620253164556
5 0.6059139784946237 0.41455696202531644 0.6317204301075269 0.41455696202531644 0.6317204301075269 0.4550632911392405 0.6059139784946237 0.4550632911392405
