17 0.25 0.42848101265822786 0.2693548387096774 0.42848101265822786 0.2693548387096774 0.46962025316455697 0.25 0.46962025316455697
21 0.27741935483870966 0.42848101265822786 0.2967741935483871 0.42848101265822786 0.2967741935483871 0.46962025316455697 0.27741935483870966 0.46962025316455697
29 0.30268817204301074 0.42848101265822786 0.32204301075268815 0.42848101265822786 0.32204301075268815 0.46962025316455697 0.30268817204301074 0.46962025316455697
36 0.3295698924731183 0.42848101265822786 0.3413978494623656 0.42848101265822786 0.3413978494623656 0.4588607594936709 0.3295698924731183 0.4588607594936709
0 0.3478494623655914 0.42848101265822786 0.3736559139784946 0.42848101265822786 0.3736559139784946 0.4689873417721519 0.3478494623655914 0.4689873417721519
6 0.3790322580645161 0.42848101265822786 0.40483870967741936 0.42848101265822786 0.40483870967741936 0.4689873417721519 0.3790322580645161 0.4689873417721519
37 0.4112903225806452 0.42848101265822786 0.4327956989247312 0.42848101265822786 0.4327956989247312 0.4537974683544304 0.4112903225806452 0.4537974683544304
2 0.43870967741935485 0.42848101265822786 0.45806451612903226 0.42848101265822786 0.45806451612903226 0.46962025316455697 0.43870967741935485 0.46962025316455697
1 0.4661290322580645 0.42848101265822786 0.4790322580645161 0.42848101265822786 0.4790322580645161 0.46962025316455697 0.4661290322580645 0.46962025316455697
37 0.48655913978494625 0.42848101265822786 0.5123655913978494 0.42848101265822786 0.5123655913978494 0.4582278481012658 0.48655913978494625 0.4582278481012658
2 0.5193548387096775 0.42848101265822786 0.5387096774193549 0.42848101265822786 0.5387096774193549 0.46962025316455697 0.5193548387096775 0.46962025316455697
0 0.5456989247311828 0.42848101265822786 0.5650537634408602 0.42848101265822786 0.5650537634408602 0.46962025316455697 0.5456989247311828 0.46962025316455697
2 0.571505376344086 0.42848101265822786 0.5908602150537635 0.42848101265822786 0.5908602150537635 0.46962025316455697 0.571505376344086 0.46962025316455697
5 0.5989247311827957 0.42848101265822786 0.6182795698924731 0.42848101265822786 0.6182795698924731 0.46962025316455697 0.5989247311827957 0.46962025316455697
15 0.25 0.4772151898734177 0.27580645161290324 0.4772151898734177 0.27580645161290324 0.5177215189873418 0.25 0.5177215189873418
18 0.2833333333333333 0.4772151898734177 0.30053763440860215 0.4772151898734177 0.30053763440860215 0.5183544303797468 0.2833333333333333 0.5183544303797468
34 0.30752688172043013 0.4772151898734177 0.33333333333333337 0.4772151898734177 0.33333333333333337 0.5177215189873418 0.30752688172043013 0.5177215189873418
36 0.34086021505376346 0.4772151898734177 0.3526881720430108 0.4772151898734177 0.3526881720430108 0.5075949367088608 0.34086021505376346 0.5075949367088608
0 0.3580645161290323 0.4772151898734177 0.3774193548387097 0.4772151898734177 0.3774193548387097 0.5183544303797468 0.3580645161290323 0.5183544303797468
3 0.38387096774193546 0.4772151898734177 0.4096774193548387 0.4772151898734177 0.4096774193548387 0.5177215189873418 0.38387096774193546 0.5177215189873418
37 0.4150537634408602 0.4772151898734177 0.44086021505376344 0.4772151898734177 0.44086021505376344 0.5075949367088608 0.4150537634408602 0.5075949367088608
2 0.4478494623655914 0.4772151898734177 0.47365591397849466 0.4772151898734177 0.47365591397849466 0.5183544303797468 0.4478494623655914 0.5183544303797468
1 0.4806451612903226 0.4772151898734177 0.4978494623655914 0.4772151898734177 0.4978494623655914 0.5177215189873418 0.4806451612903226 0.5177215189873418
37 0.5043010752688172 0.4772151898734177 0.5301075268817204 0.4772151898734177 0.5301075268817204 0.5075949367088608 0.5043010752688172 0.5075949367088608
2 0.5365591397849462 0.4772151898734177 0.5559139784946237 0.4772151898734177 0.5559139784946237 0.5183544303797468 0.5365591397849462 0.5183544303797468
0 0.5639784946236559 0.4772151898734177 0.5897849462365591 0.4772151898734177 0.5897849462365591 0.5177215189873418 0.5639784946236559 0.5177215189873418
2 0.5962365591397849 0.4772151898734177 0.6220430107526881 0.4772151898734177 0.6220430107526881 0.5183544303797468 0.5962365591397849 0.5183544303797468
5 0.6301075268817204 0.4772151898734177 0.6494623655913979 0.4772151898734177 0.6494623655913979 0.5183544303797468 0.6301075268817204 0.5183544303797468
