32 0.25 0.40569620253164557 0.2693548387096774 0.40569620253164557 0.2693548387096774 0.4468354430379747 0.25 0.4468354430379747
31 0.27741935483870966 0.40569620253164557 0.3032258064516129 0.40569620253164557 0.3032258064516129 0.4462025316455696 0.27741935483870966 0.4462025316455696
32 0.3102150537634409 0.40569620253164557 0.3360215053763441 0.40569620253164557 0.3360215053763441 0.4462025316455696 0.3102150537634409 0.4462025316455696
36 0.34301075268817205 0.40569620253164557 0.35053763440860214 0.40569620253164557 0.35053763440860214 0.43164556962025313 0.34301075268817205 0.43164556962025313
1 0.3586021505376344 0.40569620253164557 0.3758064516129032 0.40569620253164557 0.3758064516129032 0.4462025316455696 0.3586021505376344 0.4462025316455696
0 0.38225806451612904 0.40569620253164557 0.40161290322580645 0.40569620253164557 0.40161290322580645 0.4468354430379747 0.38225806451612904 0.4468354430379747
37 0.40698924731182795 0.40569620253164557 0.4327956989247312 0.40569620253164557 0.4327956989247312 0.4360759493670886 0.40698924731182795 0.4360759493670886
2 0.4403225806451613 0.40569620253164557 0.4596774193548387 0.40569620253164557 0.4596774193548387 0.4468354430379747 0.4403225806451613 0.4468354430379747
4 0.46559139784946235 0.40569620253164557 0.4913978494623656 0.40569620253164557 0.4913978494623656 0.4468354430379747 0.46559139784946235 0.4468354430379747
37 0.49731182795698925 0.40569620253164557 0.5231182795698924 0.40569620253164557 0.5231182795698924 0.4360759493670886 0.49731182795698925 0.4360759493670886
2 0.5295698924731183 0.40569620253164557 0.5489247311827957 0.40569620253164557 0.5489247311827957 0.4468354430379747 0.5295698924731183 0.4468354430379747
0 0.5553763440860215 0.40569620253164557 0.5811827956989247 0.40569620253164557 0.5811827956989247 0.4468354430379747 0.5553763440860215 0.4468354430379747
2 0.5870967741935483 0.40569620253164557 0.6129032258064515 0.40569620253164557 0.6129032258064515 0.4462025316455696 0.5870967741935483 0.4462025316455696
5 0.6193548387096774 0.40569620253164557 0.6451612903225806 0.40569620253164557 0.6451612903225806 0.4462025316455696 0.6193548387096774 0.4462025316455696
21 0.25 0.4544303797468354 0.2693548387096774 0.4544303797468354 0.2693548387096774 0.49556962025316453 0.25 0.49556962025316453
32 0.27580645161290324 0.4544303797468354 0.29516129032258065 0.4544303797468354 0.29516129032258065 0.49556962025316453 0.27580645161290324 0.49556962025316453
21 0.3016129032258065 0.4544303797468354 0.3209677419354839 0.4544303797468354 0.3209677419354839 0.49556962025316453 0.3016129032258065 0.49556962025316453
36 0.3279569892473118 0.4544303797468354 0.33978494623655914 0.4544303797468354 0.33978494623655914 0.4854430379746835 0.3279569892473118 0.4854430379746835
0 0.3467741935483871 0.4544303797468354 0.37258064516129036 0.4544303797468354 0.37258064516129036 0.49556962025316453 0.3467741935483871 0.49556962025316453
5 0.37849462365591396 0.4544303797468354 0.3978494623655914 0.4544303797468354 0.3978494623655914 0.49556962025316453 0.37849462365591396 0.49556962025316453
37 0.4043010752688172 0.4544303797468354 0.43010752688172044 0.4544303797468354 0.43010752688172044 0.4854430379746835 0.4043010752688172 0.4854430379746835
1 0.4376344086021505 0.4544303797468354 0.45483870967741935 0.4544303797468354 0.45483870967741935 0.49493670886075947 0.4376344086021505 0.49493670886075947
4 0.4629032258064516 0.4544303797468354 0.482258064516129 0.4544303797468354 0.482258064516129 0.49556962025316453 0.4629032258064516 0.49556962025316453
37 0.48978494623655916 0.4544303797468354 0.5155913978494624 0.4544303797468354 0.5155913978494624 0.48481012658227846 0.48978494623655916 0.48481012658227846
2 0.5209677419354839 0.4544303797468354 0.5467741935483871 0.4544303797468354 0.5467741935483871 0.49493670886075947 0.5209677419354839 0.49493670886075947
0 0.5532258064516129 0.4544303797468354 0.5725806451612904 0.4544303797468354 0.5725806451612904 0.49556962025316453 0.5532258064516129 0.49556962025316453
2 0.5806451612903226 0.4544303797468354 0.6064516129032258 0.4544303797468354 0.6064516129032258 0.49493670886075947 0.5806451612903226 0.49493670886075947
5 0.6134408602150537 0.4544303797468354 0.6392473118279569 0.4544303797468354 0.6392473118279569 0.49493670886075947 0.6134408602150537 0.49493670886075947
