19 0.25 0.35 0.27580645161290324 0.35 0.27580645161290324 0.390506329113924 0.25 0.390506329113924
13 0.2833333333333333 0.35 0.30268817204301074 0.35 0.30268817204301074 0.3911392405063291 0.2833333333333333 0.3911392405063291
19 0.3102150537634409 0.35 0.3295698924731183 0.35 0.3295698924731183 0.3911392405063291 0.3102150537634409 0.3911392405063291
36 0.33763440860215055 0.35 0.35053763440860214 0.35 0.35053763440860214 0.3810126582278481 0.33763440860215055 0.3810126582278481
0 0.3586021505376344 0.35 0.3844086021505376 0.35 0.3844086021505376 0.390506329113924 0.3586021505376344 0.390506329113924
5 0.3919354838709677 0.35 0.41774193548387095 0.35 0.41774193548387095 0.390506329113924 0.3919354838709677 0.390506329113924
37 0.4236559139784946 0.35 0.44946236559139785 0.35 0.44946236559139785 0.380379746835443 0.4236559139784946 0.380379746835443
3 0.4575268817204301 0.35 0.48333333333333334 0.35 0.48333333333333334 0.390506329113924 0.4575268817204301 0.390506329113924
1 0.48978494623655916 0.35 0.5069892473118279 0.35 0.5069892473118279 0.3911392405063291 0.48978494623655916 0.3911392405063291
37 0.5150537634408602 0.35 0.5408602150537634 0.35 0.5408602150537634 0.380379746835443 0.5150537634408602 0.380379746835443
2 0.546236559139785 0.35 0.5720430107526882 0.35 0.5720430107526882 0.390506329113924 0.546236559139785 0.390506329113924
0 0.5795698924731183 0.35 0.6053763440860215 0.35 0.6053763440860215 0.390506329113924 0.5795698924731183 0.390506329113924
2 0.6112903225806452 0.35 0.6370967741935484 0.35 0.6370967741935484 0.390506329113924 0.6112903225806452 0.390506329113924
5 0.6446236559139785 0.35 0.6704301075268817 0.35 0.6704301075268817 0.390506329113924 0.6446236559139785 0.390506329113924
26 0.25 0.3987341772151899 0.2693548387096774 0.3987341772151899 0.2693548387096774 0.439873417721519 0.25 0.439873417721519
32 0.2763440860215054 0.3987341772151899 0.2956989247311828 0.3987341772151899 0.2956989247311828 0.439873417721519 0.2763440860215054 0.439873417721519
32 0.3016129032258065 0.3987341772151899 0.3209677419354839 0.3987341772151899 0.3209677419354839 0.439873417721519 0.3016129032258065 0.439873417721519
36 0.328494623655914 0.3987341772151899 0.33602150537634407 0.3987341772151899 0.33602150537634407 0.4253164556962025 0.328494623655914 0.4253164556962025
1 0.34301075268817205 0.3987341772151899 0.35591397849462364 0.3987341772151899 0.35591397849462364 0.439873417721519 0.34301075268817205 0.439873417721519
2 0.3639784946236559 0.3987341772151899 0.3897849462365591 0.3987341772151899 0.3897849462365591 0.43924050632911393 0.3639784946236559 0.43924050632911393
37 0.3967741935483871 0.3987341772151899 0.42258064516129035 0.3987341772151899 0.42258064516129035 0.4291139240506329 0.3967741935483871 0.4291139240506329
1 0.4295698924731183 0.3987341772151899 0.4467741935483871 0.3987341772151899 0.4467741935483871 0.439873417721519 0.4295698924731183 0.439873417721519
8 0.4532258064516129 0.3987341772151899 0.47903225806451616 0.3987341772151899 0.47903225806451616 0.43924050632911393 0.4532258064516129 0.43924050632911393
37 0.4854838709677419 0.3987341772151899 0.5112903225806451 0.3987341772151899 0.5112903225806451 0.429746835443038 0.4854838709677419 0.429746835443038
2 0.5177419354838709 0.3987341772151899 0.5370967741935484 0.3987341772151899 0.5370967741935484 0.439873417721519 0.5177419354838709 0.439873417721519
0 0.5440860215053763 0.3987341772151899 0.5698924731182795 0.3987341772151899 0.5698924731182795 0.43924050632911393 0.5440860215053763 0.43924050632911393
2 0.5774193548387097 0.3987341772151899 0.6032258064516128 0.3987341772151899 0.6032258064516128 0.43924050632911393 0.5774193548387097 0.43924050632911393
4 0.6102150537634409 0.3987341772151899 0.636021505376344 0.3987341772151899 0.636021505376344 0.439873417721519 0.6102150537634409 0.439873417721519
