35 0.25 0.5379746835443038 0.2693548387096774 0.5379746835443038 0.2693548387096774 0.5791139240506329 0.25 0.5791139240506329
20 0.27580645161290324 0.5379746835443038 0.3016129032258065 0.5379746835443038 0.3016129032258065 0.5784810126582278 0.27580645161290324 0.5784810126582278
27 0.3096774193548387 0.5379746835443038 0.33548387096774196 0.5379746835443038 0.33548387096774196 0.5784810126582278 0.3096774193548387 0.5784810126582278
36 0.34301075268817205 0.5379746835443038 0.35591397849462364 0.5379746835443038 0.35591397849462364 0.5683544303797469 0.34301075268817205 0.5683544303797469
0 0.3639784946236559 0.5379746835443038 0.3897849462365591 0.5379746835443038 0.3897849462365591 0.5784810126582278 0.3639784946236559 0.5784810126582278
7 0.39731182795698927 0.5379746835443038 0.4166666666666667 0.5379746835443038 0.4166666666666667 0.5791139240506329 0.39731182795698927 0.5791139240506329
37 0.42311827956989245 0.5379746835443038 0.4489247311827957 0.5379746835443038 0.4489247311827957 0.5683544303797469 0.42311827956989245 0.5683544303797469
1 0.45483870967741935 0.5379746835443038 0.46774193548387094 0.5379746835443038 0.46774193548387094 0.5791139240506329 0.45483870967741935 0.5791139240506329
1 0.47419354838709676 0.5379746835443038 0.48709677419354835 0.5379746835443038 0.48709677419354835 0.5791139240506329 0.47419354838709676 0.5791139240506329
37 0.49516129032258066 0.5379746835443038 0.5209677419354839 0.5379746835443038 0.5209677419354839 0.5677215189873418 0.49516129032258066 0.5677215189873418
2 0.5268817204301075 0.5379746835443038 0.5526881720430107 0.5379746835443038 0.5526881720430107 0.5791139240506329 0.5268817204301075 0.5791139240506329
0 0.5602150537634408 0.5379746835443038 0.586021505376344 0.5379746835443038 0.586021505376344 0.5791139240506329 0.5602150537634408 0.5791139240506329
2 0.593010752688172 0.5379746835443038 0.6123655913978495 0.5379746835443038 0.6123655913978495 0.5791139240506329 0.593010752688172 0.5791139240506329
5 0.6198924731182796 0.5379746835443038 0.6456989247311827 0.5379746835443038 0.6456989247311827 0.5791139240506329 0.6198924731182796 0.5791139240506329
24 0.25 0.5867088607594937 0.27580645161290324 0.5867088607594937 0.27580645161290324 0.6272151898734177 0.25 0.6272151898734177
35 0.2817204301075269 0.5867088607594937 0.3010752688172043 0.5867088607594937 0.3010752688172043 0.6278481012658228 0.2817204301075269 0.6278481012658228
11 0.3086021505376344 0.5867088607594937 0.33440860215053764 0.5867088607594937 0.33440860215053764 0.6272151898734177 0.3086021505376344 0.6272151898734177
36 0.3424731182795699 0.5867088607594937 0.35 0.5867088607594937 0.35 0.6120253164556962 0.3424731182795699 0.6120253164556962
0 0.3564516129032258 0.5867088607594937 0.38225806451612904 0.5867088607594937 0.38225806451612904 0.6272151898734177 0.3564516129032258 0.6272151898734177
4 0.3903225806451613 0.5867088607594937 0.4161290322580645 0.5867088607594937 0.4161290322580645 0.6272151898734177 0.3903225806451613 0.6272151898734177
37 0.4220430107526882 0.5867088607594937 0.4478494623655914 0.5867088607594937 0.4478494623655914 0.6170886075949368 0.4220430107526882 0.6170886075949368
1 0.4553763440860215 0.5867088607594937 0.4682795698924731 0.5867088607594937 0.4682795698924731 0.6278481012658228 0.4553763440860215 0.6278481012658228
8 0.47634408602150535 0.5867088607594937 0.49569892473118277 0.5867088607594937 0.49569892473118277 0.6278481012658228 0.47634408602150535 0.6278481012658228
37 0.5021505376344086 0.5867088607594937 0.5279569892473118 0.5867088607594937 0.5279569892473118 0.6170886075949368 0.5021505376344086 0.6170886075949368
2 0.5360215053763441 0.5867088607594937 0.5618279569892473 0.5867088607594937 0.5618279569892473 0.6272151898734177 0.5360215053763441 0.6272151898734177
0 0.5682795698924731 0.5867088607594937 0.5940860215053763 0.5867088607594937 0.5940860215053763 0.6272151898734177 0.5682795698924731 0.6272151898734177
2 0.6010752688172043 0.5867088607594937 0.6204301075268818 0.5867088607594937 0.6204301075268818 0.6278481012658228 0.6010752688172043 0.6278481012658228
5 0.6274193548387097 0.5867088607594937 0.6467741935483872 0.5867088607594937 0.6467741935483872 0.6278481012658228 0.6274193548387097 0.6278481012658228
