23 0.25 0.3531645569620253 0.2693548387096774 0.3531645569620253 0.2693548387096774 0.3943037974683544 0.25 0.3943037974683544
27 0.27741935483870966 0.3531645569620253 0.3032258064516129 0.3531645569620253 0.3032258064516129 0.39367088607594936 0.27741935483870966 0.39367088607594936
13 0.3086021505376344 0.3531645569620253 0.33440860215053764 0.3531645569620253 0.33440860215053764 0.39367088607594936 0.3086021505376344 0.39367088607594936
36 0.34086021505376346 0.3531645569620253 0.34838709677419355 0.3531645569620253 0.34838709677419355 0.37911392405063293 0.34086021505376346 0.37911392405063293
0 0.3553763440860215 0.3531645569620253 0.3811827956989247 0.3531645569620253 0.3811827956989247 0.39367088607594936 0.3553763440860215 0.39367088607594936
9 0.3865591397849462 0.3531645569620253 0.41236559139784945 0.3531645569620253 0.41236559139784945 0.39367088607594936 0.3865591397849462 0.39367088607594936
37 0.4188172043010753 0.3531645569620253 0.4403225806451613 0.3531645569620253 0.4403225806451613 0.37848101265822787 0.4188172043010753 0.37848101265822787
2 0.4478494623655914 0.3531645569620253 0.47365591397849466 0.3531645569620253 0.47365591397849466 0.39367088607594936 0.4478494623655914 0.39367088607594936
4 0.4806451612903226 0.3531645569620253 0.5 0.3531645569620253 0.5 0.3943037974683544 0.4806451612903226 0.3943037974683544
37 0.5064516129032258 0.3531645569620253 0.532258064516129 0.3531645569620253 0.532258064516129 0.3841772151898734 0.5064516129032258 0.3841772151898734
2 0.539247311827957 0.3531645569620253 0.5586021505376345 0.3531645569620253 0.5586021505376345 0.3943037974683544 0.539247311827957 0.3943037974683544
0 0.5661290322580645 0.3531645569620253 0.5919354838709677 0.3531645569620253 0.5919354838709677 0.39367088607594936 0.5661290322580645 0.39367088607594936
2 0.5973118279569892 0.3531645569620253 0.6231182795698924 0.3531645569620253 0.6231182795698924 0.3943037974683544 0.5973118279569892 0.3943037974683544
5 0.6311827956989248 0.3531645569620253 0.656989247311828 0.3531645569620253 0.656989247311828 0.39367088607594936 0.6311827956989248 0.39367088607594936
28 0.25 0.40189873417721517 0.27580645161290324 0.40189873417721517 0.27580645161290324 0.4430379746835443 0.25 0.4430379746835443
19 0.2817204301075269 0.40189873417721517 0.30752688172043013 0.40189873417721517 0.30752688172043013 0.4424050632911392 0.2817204301075269 0.4424050632911392
15 0.31290322580645163 0.40189873417721517 0.33225806451612905 0.40189873417721517 0.33225806451612905 0.4430379746835443 0.31290322580645163 0.4430379746835443
36 0.3381720430107527 0.40189873417721517 0.3456989247311828 0.40189873417721517 0.3456989247311828 0.4284810126582278 0.3381720430107527 0.4284810126582278
0 0.35376344086021505 0.40189873417721517 0.3795698924731183 0.40189873417721517 0.3795698924731183 0.4430379746835443 0.35376344086021505 0.4430379746835443
5 0.3849462365591398 0.40189873417721517 0.4043010752688172 0.40189873417721517 0.4043010752688172 0.4430379746835443 0.3849462365591398 0.4430379746835443
37 0.41236559139784945 0.40189873417721517 0.4381720430107527 0.40189873417721517 0.4381720430107527 0.4322784810126582 0.41236559139784945 0.4322784810126582
1 0.44408602150537635 0.40189873417721517 0.4612903225806452 0.40189873417721517 0.4612903225806452 0.4424050632911392 0.44408602150537635 0.4424050632911392
5 0.4666666666666667 0.40189873417721517 0.4860215053763441 0.40189873417721517 0.4860215053763441 0.4430379746835443 0.4666666666666667 0.4430379746835443
37 0.4924731182795699 0.40189873417721517 0.5182795698924731 0.40189873417721517 0.5182795698924731 0.4322784810126582 0.4924731182795699 0.4322784810126582
2 0.5241935483870968 0.40189873417721517 0.5499999999999999 0.40189873417721517 0.5499999999999999 0.4424050632911392 0.5241935483870968 0.4424050632911392
0 0.5553763440860215 0.40189873417721517 0.5811827956989247 0.40189873417721517 0.5811827956989247 0.4424050632911392 0.5553763440860215 0.4424050632911392
2 0.5870967741935483 0.40189873417721517 0.6129032258064515 0.40189873417721517 0.6129032258064515 0.4424050632911392 0.5870967741935483 0.4424050632911392
5 0.6188172043010752 0.40189873417721517 0.6446236559139784 0.40189873417721517 0.6446236559139784 0.4424050632911392 0.6188172043010752 0.4424050632911392
