16 0.25 0.43670886075949367 0.27580645161290324 0.43670886075949367 0.27580645161290324 0.4772151898734177 0.25 0.4772151898734177
25 0.2833333333333333 0.43670886075949367 0.30268817204301074 0.43670886075949367 0.30268817204301074 0.4778481012658228 0.2833333333333333 0.4778481012658228
27 0.3096774193548387 0.43670886075949367 0.32903225806451614 0.43670886075949367 0.32903225806451614 0.4778481012658228 0.3096774193548387 0.4778481012658228
36 0.3365591397849462 0.43670886075949367 0.3494623655913978 0.43670886075949367 0.3494623655913978 0.4670886075949367 0.3365591397849462 0.4670886075949367
0 0.35591397849462364 0.43670886075949367 0.3817204301075269 0.43670886075949367 0.3817204301075269 0.4772151898734177 0.35591397849462364 0.4772151898734177
5 0.38763440860215054 0.43670886075949367 0.4134408602150538 0.43670886075949367 0.4134408602150538 0.4772151898734177 0.38763440860215054 0.4772151898734177
37 0.42096774193548386 0.43670886075949367 0.4467741935483871 0.43670886075949367 0.4467741935483871 0.46772151898734177 0.42096774193548386 0.46772151898734177
2 0.45376344086021503 0.43670886075949367 0.47956989247311826 0.43670886075949367 0.47956989247311826 0.4772151898734177 0.45376344086021503 0.4772151898734177
0 0.48494623655913977 0.43670886075949367 0.5043010752688172 0.43670886075949367 0.5043010752688172 0.4778481012658228 0.48494623655913977 0.4778481012658228
37 0.5118279569892473 0.43670886075949367 0.5376344086021505 0.43670886075949367 0.5376344086021505 0.46645569620253163 0.5118279569892473 0.46645569620253163
2 0.5435483870967742 0.43670886075949367 0.5693548387096774 0.43670886075949367 0.5693548387096774 0.4778481012658228 0.5435483870967742 0.4778481012658228
0 0.5747311827956989 0.43670886075949367 0.6005376344086021 0.43670886075949367 0.6005376344086021 0.4772151898734177 0.5747311827956989 0.4772151898734177
2 0.6059139784946237 0.43670886075949367 0.6317204301075269 0.43670886075949367 0.6317204301075269 0.4772151898734177 0.6059139784946237 0.4772151898734177
5 0.6387096774193548 0.43670886075949367 0.6580645161290323 0.43670886075949367 0.6580645161290323 0.4778481012658228 0.6387096774193548 0.4778481012658228
24 0.25 0.4854430379746835 0.2693548387096774 0.4854430379746835 0.2693548387096774 0.5265822784810126 0.25 0.5265822784810126
10 0.2768817204301075 0.4854430379746835 0.30268817204301074 0.4854430379746835 0.30268817204301074 0.5259493670886076 0.2768817204301075 0.5259493670886076
25 0.30913978494623656 0.4854430379746835 0.328494623655914 0.4854430379746835 0.328494623655914 0.5265822784810126 0.30913978494623656 0.5265822784810126
36 0.3365591397849462 0.4854430379746835 0.3494623655913978 0.4854430379746835 0.3494623655913978 0.5158227848101266 0.3365591397849462 0.5158227848101266
0 0.3553763440860215 0.4854430379746835 0.3747311827956989 0.4854430379746835 0.3747311827956989 0.5265822784810126 0.3553763440860215 0.5265822784810126
2 0.38064516129032255 0.4854430379746835 0.4064516129032258 0.4854430379746835 0.4064516129032258 0.5259493670886076 0.38064516129032255 0.5259493670886076
37 0.4134408602150538 0.4854430379746835 0.439247311827957 0.4854430379746835 0.439247311827957 0.5158227848101266 0.4134408602150538 0.5158227848101266
0 0.4467741935483871 0.4854430379746835 0.47258064516129034 0.4854430379746835 0.47258064516129034 0.5259493670886076 0.4467741935483871 0.5259493670886076
9 0.478494623655914 0.4854430379746835 0.5043010752688172 0.4854430379746835 0.5043010752688172 0.5265822784810126 0.478494623655914 0.5265822784810126
37 0.5096774193548387 0.4854430379746835 0.5354838709677419 0.4854430379746835 0.5354838709677419 0.5158227848101266 0.5096774193548387 0.5158227848101266
2 0.5419354838709678 0.4854430379746835 0.5612903225806453 0.4854430379746835 0.5612903225806453 0.5265822784810126 0.5419354838709678 0.5265822784810126
0 0.5693548387096774 0.4854430379746835 0.5951612903225806 0.4854430379746835 0.5951612903225806 0.5259493670886076 0.5693548387096774 0.5259493670886076
2 0.6026881720430107 0.4854430379746835 0.6284946236559139 0.4854430379746835 0.6284946236559139 0.5259493670886076 0.6026881720430107 0.5259493670886076
5 0.636021505376344 0.4854430379746835 0.6618279569892472 0.4854430379746835 0.6618279569892472 0.5265822784810126 0.636021505376344 0.5265822784810126
