34 0.25 0.5050632911392405 0.2693548387096774 0.5050632911392405 0.2693548387096774 0.5462025316455696 0.25 0.5462025316455696
18 0.2768817204301075 0.5050632911392405 0.2897849462365591 0.5050632911392405 0.2897849462365591 0.5462025316455696 0.2768817204301075 0.5462025316455696
12 0.2967741935483871 0.5050632911392405 0.3161290322580645 0.5050632911392405 0.3161290322580645 0.5462025316455696 0.2967741935483871 0.5462025316455696
36 0.32204301075268815 0.5050632911392405 0.33494623655913974 0.5050632911392405 0.33494623655913974 0.5354430379746836 0.32204301075268815 0.5354430379746836
0 0.34139784946236557 0.5050632911392405 0.3672043010752688 0.5050632911392405 0.3672043010752688 0.5455696202531646 0.34139784946236557 0.5455696202531646
8 0.37526881720430105 0.5050632911392405 0.39462365591397847 0.5050632911392405 0.39462365591397847 0.5462025316455696 0.37526881720430105 0.5462025316455696
37 0.40161290322580645 0.5050632911392405 0.4274193548387097 0.5050632911392405 0.4274193548387097 0.5354430379746836 0.40161290322580645 0.5354430379746836
1 0.43333333333333335 0.5050632911392405 0.44623655913978494 0.5050632911392405 0.44623655913978494 0.5462025316455696 0.43333333333333335 0.5462025316455696
8 0.45376344086021503 0.5050632911392405 0.47311827956989244 0.5050632911392405 0.47311827956989244 0.5462025316455696 0.45376344086021503 0.5462025316455696
37 0.48118279569892475 0.5050632911392405 0.5069892473118279 0.5050632911392405 0.5069892473118279 0.5354430379746836 0.48118279569892475 0.5354430379746836
2 0.513978494623656 0.5050632911392405 0.5397849462365591 0.5050632911392405 0.5397849462365591 0.5455696202531646 0.513978494623656 0.5455696202531646
0 0.5478494623655914 0.5050632911392405 0.5736559139784946 0.5050632911392405 0.5736559139784946 0.5455696202531646 0.5478494623655914 0.5455696202531646
2 0.5801075268817204 0.5050632911392405 0.6059139784946236 0.5050632911392405 0.6059139784946236 0.5455696202531646 0.5801075268817204 0.5455696202531646
5 0.6118279569892473 0.5050632911392405 0.6376344086021505 0.5050632911392405 0.6376344086021505 0.5455696202531646 0.6118279569892473 0.5455696202531646
27 0.25 0.5537974683544303 0.2693548387096774 0.5537974683544303 0.2693548387096774 0.5949367088607594 0.25 0.5949367088607594
11 0.27580645161290324 0.5537974683544303 0.3016129032258065 0.5537974683544303 0.3016129032258065 0.5943037974683544 0.27580645161290324 0.5943037974683544
35 0.30752688172043013 0.5537974683544303 0.33333333333333337 0.5537974683544303 0.33333333333333337 0.5949367088607594 0.30752688172043013 0.5949367088607594
36 0.3387096774193548 0.5537974683544303 0.3462365591397849 0.5537974683544303 0.3462365591397849 0.5791139240506329 0.3387096774193548 0.5791139240506329
0 0.3521505376344086 0.5537974683544303 0.37795698924731186 0.5537974683544303 0.37795698924731186 0.5943037974683544 0.3521505376344086 0.5943037974683544
5 0.3860215053763441 0.5537974683544303 0.41182795698924735 0.5537974683544303 0.41182795698924735 0.5943037974683544 0.3860215053763441 0.5943037974683544
37 0.4188172043010753 0.5537974683544303 0.4446236559139785 0.5537974683544303 0.4446236559139785 0.5841772151898734 0.4188172043010753 0.5841772151898734
2 0.4510752688172043 0.5537974683544303 0.4704301075268817 0.5537974683544303 0.4704301075268817 0.5949367088607594 0.4510752688172043 0.5949367088607594
6 0.4768817204301075 0.5537974683544303 0.4962365591397849 0.5537974683544303 0.4962365591397849 0.5949367088607594 0.4768817204301075 0.5949367088607594
37 0.5016129032258064 0.5537974683544303 0.5274193548387096 0.5537974683544303 0.5274193548387096 0.5841772151898734 0.5016129032258064 0.5841772151898734
2 0.5344086021505376 0.5537974683544303 0.5602150537634408 0.5537974683544303 0.5602150537634408 0.5943037974683544 0.5344086021505376 0.5943037974683544
0 0.5655913978494623 0.5537974683544303 0.5913978494623655 0.5537974683544303 0.5913978494623655 0.5943037974683544 0.5655913978494623 0.5943037974683544
2 0.5967741935483871 0.5537974683544303 0.6161290322580646 0.5537974683544303 0.6161290322580646 0.5949367088607594 0.5967741935483871 0.5949367088607594
5 0.621505376344086 0.5537974683544303 0.6408602150537634 0.5537974683544303 0.6408602150537634 0.5949367088607594 0.621505376344086 0.5949367088607594
