12 0.25 0.5556962025316455 0.2693548387096774 0.5556962025316455 0.2693548387096774 0.5968354430379746 0.25 0.5968354430379746
32 0.27580645161290324 0.5556962025316455 0.3016129032258065 0.5556962025316455 0.3016129032258065 0.5962025316455696 0.27580645161290324 0.5962025316455696
24 0.306989247311828 0.5556962025316455 0.3263440860215054 0.5556962025316455 0.3263440860215054 0.5968354430379746 0.306989247311828 0.5968354430379746
36 0.3333333333333333 0.5556962025316455 0.34516129032258064 0.5556962025316455 0.34516129032258064 0.5860759493670886 0.3333333333333333 0.5860759493670886
0 0.3510752688172043 0.5556962025316455 0.3704301075268817 0.5556962025316455 0.3704301075268817 0.5968354430379746 0.3510752688172043 0.5968354430379746
7 0.3763440860215054 0.5556962025316455 0.3956989247311828 0.5556962025316455 0.3956989247311828 0.5968354430379746 0.3763440860215054 0.5968354430379746
37 0.4010752688172043 0.5556962025316455 0.4268817204301075 0.5556962025316455 0.4268817204301075 0.5860759493670886 0.4010752688172043 0.5860759493670886
0 0.43333333333333335 0.5556962025316455 0.4591397849462366 0.5556962025316455 0.4591397849462366 0.5962025316455696 0.43333333333333335 0.5962025316455696
9 0.46559139784946235 0.5556962025316455 0.4913978494623656 0.5556962025316455 0.4913978494623656 0.5962025316455696 0.46559139784946235 0.5962025316455696
37 0.4978494623655914 0.5556962025316455 0.5236559139784946 0.5556962025316455 0.5236559139784946 0.5860759493670886 0.4978494623655914 0.5860759493670886
2 0.5317204301075269 0.5556962025316455 0.5575268817204301 0.5556962025316455 0.5575268817204301 0.5962025316455696 0.5317204301075269 0.5962025316455696
0 0.5639784946236559 0.5556962025316455 0.5833333333333334 0.5556962025316455 0.5833333333333334 0.5968354430379746 0.5639784946236559 0.5968354430379746
2 0.5903225806451613 0.5556962025316455 0.6161290322580645 0.5556962025316455 0.6161290322580645 0.5968354430379746 0.5903225806451613 0.5968354430379746
5 0.6241935483870967 0.5556962025316455 0.6435483870967742 0.5556962025316455 0.6435483870967742 0.5968354430379746 0.6241935483870967 0.5968354430379746
29 0.25 0.6044303797468354 0.2693548387096774 0.6044303797468354 0.2693548387096774 0.6455696202531646 0.25 0.6455696202531646
16 0.2752688172043011 0.6044303797468354 0.2946236559139785 0.6044303797468354 0.2946236559139785 0.6455696202531646 0.2752688172043011 0.6455696202531646
29 0.3016129032258065 0.6044303797468354 0.3274193548387097 0.6044303797468354 0.3274193548387097 0.6449367088607595 0.3016129032258065 0.6449367088607595
36 0.33440860215053764 0.6044303797468354 0.3419354838709677 0.6044303797468354 0.3419354838709677 0.6303797468354431 0.33440860215053764 0.6303797468354431
0 0.3478494623655914 0.6044303797468354 0.3672043010752688 0.6044303797468354 0.3672043010752688 0.6455696202531646 0.3478494623655914 0.6455696202531646
7 0.3725806451612903 0.6044303797468354 0.3919354838709677 0.6044303797468354 0.3919354838709677 0.6455696202531646 0.3725806451612903 0.6455696202531646
37 0.39731182795698927 0.6044303797468354 0.4231182795698925 0.6044303797468354 0.4231182795698925 0.6354430379746836 0.39731182795698927 0.6354430379746836
1 0.43010752688172044 0.6044303797468354 0.44731182795698926 0.6044303797468354 0.44731182795698926 0.6449367088607595 0.43010752688172044 0.6449367088607595
0 0.45483870967741935 0.6044303797468354 0.47419354838709676 0.6044303797468354 0.47419354838709676 0.6455696202531646 0.45483870967741935 0.6455696202531646
37 0.4801075268817204 0.6044303797468354 0.5059139784946236 0.6044303797468354 0.5059139784946236 0.6348101265822785 0.4801075268817204 0.6348101265822785
2 0.5134408602150538 0.6044303797468354 0.5327956989247312 0.6044303797468354 0.5327956989247312 0.6455696202531646 0.5134408602150538 0.6455696202531646
0 0.5381720430107527 0.6044303797468354 0.5639784946236559 0.6044303797468354 0.5639784946236559 0.6449367088607595 0.5381720430107527 0.6449367088607595
2 0.5698924731182796 0.6044303797468354 0.5892473118279571 0.6044303797468354 0.5892473118279571 0.6455696202531646 0.5698924731182796 0.6455696202531646
5 0.5956989247311828 0.6044303797468354 0.6150537634408603 0.6044303797468354 0.6150537634408603 0.6455696202531646 0.5956989247311828 0.6455696202531646
