29 0.25 0.5462025316455696 0.27580645161290324 0.5462025316455696 0.27580645161290324 0.5867088607594937 0.25 0.5867088607594937
33 0.28118279569892474 0.5462025316455696 0.306989247311828 0.5462025316455696 0.306989247311828 0.5873417721518988 0.28118279569892474 0.5873417721518988
26 0.3150537634408602 0.5462025316455696 0.34086021505376346 0.5462025316455696 0.34086021505376346 0.5867088607594937 0.3150537634408602 0.5867088607594937
36 0.3489247311827957 0.5462025316455696 0.36075268817204303 0.5462025316455696 0.36075268817204303 0.5765822784810127 0.3489247311827957 0.5765822784810127
0 0.3682795698924731 0.5462025316455696 0.39408602150537636 0.5462025316455696 0.39408602150537636 0.5867088607594937 0.3682795698924731 0.5867088607594937
9 0.4 0.5462025316455696 0.42580645161290326 0.5462025316455696 0.42580645161290326 0.5867088607594937 0.4 0.5867088607594937
37 0.43172043010752686 0.5462025316455696 0.4575268817204301 0.5462025316455696 0.4575268817204301 0.5765822784810127 0.43172043010752686 0.5765822784810127
2 0.46344086021505376 0.5462025316455696 0.489247311827957 0.5462025316455696 0.489247311827957 0.5867088607594937 0.46344086021505376 0.5867088607594937
2 0.49731182795698925 0.5462025316455696 0.5231182795698924 0.5462025316455696 0.5231182795698924 0.5867088607594937 0.49731182795698925 0.5867088607594937
37 0.5306451612903226 0.5462025316455696 0.5564516129032258 0.5462025316455696 0.5564516129032258 0.5765822784810127 0.5306451612903226 0.5765822784810127
2 0.5639784946236559 0.5462025316455696 0.5897849462365591 0.5462025316455696 0.5897849462365591 0.5873417721518988 0.5639784946236559 0.5873417721518988
0 0.5962365591397849 0.5462025316455696 0.6220430107526881 0.5462025316455696 0.6220430107526881 0.5873417721518988 0.5962365591397849 0.5873417721518988
2 0.6290322580645161 0.5462025316455696 0.6548387096774193 0.5462025316455696 0.6548387096774193 0.5867088607594937 0.6290322580645161 0.5867088607594937
5 0.6602150537634408 0.5462025316455696 0.686021505376344 0.5462025316455696 0.686021505376344 0.5873417721518988 0.6602150537634408 0.5873417721518988
23 0.25 0.5949367088607594 0.2693548387096774 0.5949367088607594 0.2693548387096774 0.6360759493670886 0.25 0.6360759493670886
30 0.2763440860215054 0.5949367088607594 0.30215053763440863 0.5949367088607594 0.30215053763440863 0.6354430379746835 0.2763440860215054 0.6354430379746835
11 0.30752688172043013 0.5949367088607594 0.33333333333333337 0.5949367088607594 0.33333333333333337 0.6354430379746835 0.30752688172043013 0.6354430379746835
36 0.33978494623655914 0.5949367088607594 0.35161290322580646 0.5949367088607594 0.35161290322580646 0.6253164556962025 0.33978494623655914 0.6253164556962025
0 0.3580645161290323 0.5949367088607594 0.3838709677419355 0.5949367088607594 0.3838709677419355 0.6354430379746835 0.3580645161290323 0.6354430379746835
4 0.3919354838709677 0.5949367088607594 0.41129032258064513 0.5949367088607594 0.41129032258064513 0.6354430379746835 0.3919354838709677 0.6354430379746835
37 0.41774193548387095 0.5949367088607594 0.4435483870967742 0.5949367088607594 0.4435483870967742 0.6253164556962025 0.41774193548387095 0.6253164556962025
2 0.4505376344086022 0.5949367088607594 0.4763440860215054 0.5949367088607594 0.4763440860215054 0.6354430379746835 0.4505376344086022 0.6354430379746835
5 0.4838709677419355 0.5949367088607594 0.5096774193548387 0.5949367088607594 0.5096774193548387 0.6354430379746835 0.4838709677419355 0.6354430379746835
37 0.5166666666666667 0.5949367088607594 0.5424731182795699 0.5949367088607594 0.5424731182795699 0.6253164556962025 0.5166666666666667 0.6253164556962025
2 0.5483870967741935 0.5949367088607594 0.5741935483870967 0.5949367088607594 0.5741935483870967 0.6354430379746835 0.5483870967741935 0.6354430379746835
0 0.5795698924731183 0.5949367088607594 0.6053763440860215 0.5949367088607594 0.6053763440860215 0.6360759493670886 0.5795698924731183 0.6360759493670886
2 0.6123655913978494 0.5949367088607594 0.6381720430107526 0.5949367088607594 0.6381720430107526 0.6354430379746835 0.6123655913978494 0.6354430379746835
5 0.6456989247311828 0.5949367088607594 0.6650537634408603 0.5949367088607594 0.6650537634408603 0.6360759493670886 0.6456989247311828 0.6360759493670886
