12 0.25 0.5518987341772152 0.27580645161290324 0.5518987341772152 0.27580645161290324 0.5924050632911393 0.25 0.5924050632911393
23 0.28225806451612906 0.5518987341772152 0.3080645161290323 0.5518987341772152 0.3080645161290323 0.5930379746835444 0.28225806451612906 0.5930379746835444
10 0.3155913978494624 0.5518987341772152 0.3349462365591398 0.5518987341772152 0.3349462365591398 0.5930379746835444 0.3155913978494624 0.5930379746835444
36 0.3424731182795699 0.5518987341772152 0.35 0.5518987341772152 0.35 0.5784810126582279 0.3424731182795699 0.5784810126582279
0 0.3580645161290323 0.5518987341772152 0.3838709677419355 0.5518987341772152 0.3838709677419355 0.5924050632911393 0.3580645161290323 0.5924050632911393
8 0.3919354838709677 0.5518987341772152 0.41774193548387095 0.5518987341772152 0.41774193548387095 0.5924050632911393 0.3919354838709677 0.5924050632911393
37 0.42311827956989245 0.5518987341772152 0.4489247311827957 0.5518987341772152 0.4489247311827957 0.5822784810126583 0.42311827956989245 0.5822784810126583
2 0.45645161290322583 0.5518987341772152 0.47580645161290325 0.5518987341772152 0.47580645161290325 0.5930379746835444 0.45645161290322583 0.5930379746835444
1 0.4838709677419355 0.5518987341772152 0.5010752688172043 0.5518987341772152 0.5010752688172043 0.5924050632911393 0.4838709677419355 0.5924050632911393
37 0.5080645161290323 0.5518987341772152 0.5338709677419354 0.5518987341772152 0.5338709677419354 0.5822784810126583 0.5080645161290323 0.5822784810126583
2 0.5408602150537635 0.5518987341772152 0.5666666666666667 0.5518987341772152 0.5666666666666667 0.5924050632911393 0.5408602150537635 0.5924050632911393
0 0.5720430107526882 0.5518987341772152 0.5978494623655913 0.5518987341772152 0.5978494623655913 0.5924050632911393 0.5720430107526882 0.5924050632911393
2 0.6048387096774194 0.5518987341772152 0.6241935483870968 0.5518987341772152 0.6241935483870968 0.5930379746835444 0.6048387096774194 0.5930379746835444
5 0.6311827956989248 0.5518987341772152 0.656989247311828 0.5518987341772152 0.656989247311828 0.5930379746835444 0.6311827956989248 0.5930379746835444
10 0.25 0.600632911392405 0.27580645161290324 0.600632911392405 0.27580645161290324 0.6411392405063291 0.25 0.6411392405063291
18 0.2817204301075269 0.600632911392405 0.2989247311827957 0.600632911392405 0.2989247311827957 0.6411392405063291 0.2817204301075269 0.6411392405063291
35 0.30483870967741933 0.600632911392405 0.33064516129032256 0.600632911392405 0.33064516129032256 0.6411392405063291 0.30483870967741933 0.6411392405063291
36 0.33602150537634407 0.600632911392405 0.34892473118279566 0.600632911392405 0.34892473118279566 0.6310126582278481 0.33602150537634407 0.6310126582278481
0 0.3564516129032258 0.600632911392405 0.38225806451612904 0.600632911392405 0.38225806451612904 0.6411392405063291 0.3564516129032258 0.6411392405063291
2 0.38763440860215054 0.600632911392405 0.40698924731182795 0.600632911392405 0.40698924731182795 0.6417721518987342 0.38763440860215054 0.6417721518987342
37 0.4150537634408602 0.600632911392405 0.44086021505376344 0.600632911392405 0.44086021505376344 0.6310126582278481 0.4150537634408602 0.6310126582278481
2 0.4489247311827957 0.600632911392405 0.4747311827956989 0.600632911392405 0.4747311827956989 0.6411392405063291 0.4489247311827957 0.6411392405063291
4 0.4817204301075269 0.600632911392405 0.5075268817204301 0.600632911392405 0.5075268817204301 0.6411392405063291 0.4817204301075269 0.6411392405063291
37 0.5145161290322581 0.600632911392405 0.5403225806451613 0.600632911392405 0.5403225806451613 0.6310126582278481 0.5145161290322581 0.6310126582278481
2 0.5478494623655914 0.600632911392405 0.5672043010752689 0.600632911392405 0.5672043010752689 0.6417721518987342 0.5478494623655914 0.6417721518987342
0 0.5752688172043011 0.600632911392405 0.6010752688172043 0.600632911392405 0.6010752688172043 0.6411392405063291 0.5752688172043011 0.6411392405063291
2 0.6091397849462366 0.600632911392405 0.628494623655914 0.600632911392405 0.628494623655914 0.6417721518987342 0.6091397849462366 0.6417721518987342
5 0.6344086021505376 0.600632911392405 0.6602150537634408 0.600632911392405 0.6602150537634408 0.6411392405063291 0.6344086021505376 0.6411392405063291
