34 0.25 0.5879746835443038 0.27580645161290324 0.5879746835443038 0.27580645161290324 0.6284810126582279 0.25 0.6284810126582279
19 0.2833333333333333 0.5879746835443038 0.30268817204301074 0.5879746835443038 0.30268817204301074 0.6291139240506329 0.2833333333333333 0.6291139240506329
24 0.310752688172043 0.5879746835443038 0.3301075268817204 0.5879746835443038 0.3301075268817204 0.6291139240506329 0.310752688172043 0.6291139240506329
36 0.33548387096774196 0.5879746835443038 0.34838709677419355 0.5879746835443038 0.34838709677419355 0.6183544303797469 0.33548387096774196 0.6183544303797469
0 0.3553763440860215 0.5879746835443038 0.3811827956989247 0.5879746835443038 0.3811827956989247 0.6284810126582279 0.3553763440860215 0.6284810126582279
6 0.38763440860215054 0.5879746835443038 0.40698924731182795 0.5879746835443038 0.40698924731182795 0.6291139240506329 0.38763440860215054 0.6291139240506329
37 0.41397849462365593 0.5879746835443038 0.43978494623655917 0.5879746835443038 0.43978494623655917 0.6183544303797469 0.41397849462365593 0.6183544303797469
0 0.44516129032258067 0.5879746835443038 0.4709677419354839 0.5879746835443038 0.4709677419354839 0.6284810126582279 0.44516129032258067 0.6284810126582279
2 0.478494623655914 0.5879746835443038 0.4978494623655914 0.5879746835443038 0.4978494623655914 0.6291139240506329 0.478494623655914 0.6291139240506329
37 0.5048387096774194 0.5879746835443038 0.5306451612903226 0.5879746835443038 0.5306451612903226 0.6183544303797469 0.5048387096774194 0.6183544303797469
2 0.5365591397849462 0.5879746835443038 0.5623655913978494 0.5879746835443038 0.5623655913978494 0.6284810126582279 0.5365591397849462 0.6284810126582279
0 0.5704301075268817 0.5879746835443038 0.5962365591397849 0.5879746835443038 0.5962365591397849 0.6284810126582279 0.5704301075268817 0.6284810126582279
2 0.6026881720430107 0.5879746835443038 0.6284946236559139 0.5879746835443038 0.6284946236559139 0.6291139240506329 0.6026881720430107 0.6291139240506329
5 0.6344086021505376 0.5879746835443038 0.6537634408602151 0.5879746835443038 0.6537634408602151 0.6291139240506329 0.6344086021505376 0.6291139240506329
24 0.25 0.6367088607594936 0.27580645161290324 0.6367088607594936 0.27580645161290324 0.6772151898734177 0.25 0.6772151898734177
35 0.2833333333333333 0.6367088607594936 0.30268817204301074 0.6367088607594936 0.30268817204301074 0.6778481012658227 0.2833333333333333 0.6778481012658227
22 0.3086021505376344 0.6367088607594936 0.33440860215053764 0.6367088607594936 0.33440860215053764 0.6778481012658227 0.3086021505376344 0.6778481012658227
36 0.3424731182795699 0.6367088607594936 0.3553763440860215 0.6367088607594936 0.3553763440860215 0.6670886075949367 0.3424731182795699 0.6670886075949367
0 0.3629032258064516 0.6367088607594936 0.38870967741935486 0.6367088607594936 0.38870967741935486 0.6778481012658227 0.3629032258064516 0.6778481012658227
3 0.39623655913978495 0.6367088607594936 0.4220430107526882 0.6367088607594936 0.4220430107526882 0.6778481012658227 0.39623655913978495 0.6778481012658227
37 0.42849462365591395 0.6367088607594936 0.4543010752688172 0.6367088607594936 0.4543010752688172 0.6677215189873418 0.42849462365591395 0.6677215189873418
1 0.460752688172043 0.6367088607594936 0.47795698924731184 0.6367088607594936 0.47795698924731184 0.6772151898734177 0.460752688172043 0.6772151898734177
5 0.4860215053763441 0.6367088607594936 0.5118279569892473 0.6367088607594936 0.5118279569892473 0.6772151898734177 0.4860215053763441 0.6772151898734177
37 0.5177419354838709 0.6367088607594936 0.5435483870967741 0.6367088607594936 0.5435483870967741 0.6670886075949367 0.5177419354838709 0.6670886075949367
2 0.5505376344086022 0.6367088607594936 0.5698924731182796 0.6367088607594936 0.5698924731182796 0.6778481012658227 0.5505376344086022 0.6778481012658227
0 0.5768817204301075 0.6367088607594936 0.6026881720430107 0.6367088607594936 0.6026881720430107 0.6772151898734177 0.5768817204301075 0.6772151898734177
2 0.6096774193548387 0.6367088607594936 0.6354838709677418 0.6367088607594936 0.6354838709677418 0.6772151898734177 0.6096774193548387 0.6772151898734177
5 0.6408602150537634 0.6367088607594936 0.6666666666666666 0.6367088607594936 0.6666666666666666 0.6772151898734177 0.6408602150537634 0.6772151898734177
