24 0.25 0.35443037974683544 0.2693548387096774 0.35443037974683544 0.2693548387096774 0.39556962025316456 0.25 0.39556962025316456
28 0.2747311827956989 0.35443037974683544 0.2940860215053763 0.35443037974683544 0.2940860215053763 0.39556962025316456 0.2747311827956989 0.39556962025316456
21 0.3016129032258065 0.35443037974683544 0.3274193548387097 0.35443037974683544 0.3274193548387097 0.3949367088607595 0.3016129032258065 0.3949367088607595
36 0.33440860215053764 0.35443037974683544 0.34623655913978496 0.35443037974683544 0.34623655913978496 0.3848101265822785 0.33440860215053764 0.3848101265822785
1 0.3532258064516129 0.35443037974683544 0.3661290322580645 0.35443037974683544 0.3661290322580645 0.39556962025316456 0.3532258064516129 0.39556962025316456
1 0.3741935483870968 0.35443037974683544 0.3913978494623656 0.35443037974683544 0.3913978494623656 0.3949367088607595 0.3741935483870968 0.3949367088607595
37 0.39838709677419354 0.35443037974683544 0.4241935483870968 0.35443037974683544 0.4241935483870968 0.3848101265822785 0.39838709677419354 0.3848101265822785
2 0.4311827956989247 0.35443037974683544 0.4505376344086021 0.35443037974683544 0.4505376344086021 0.39556962025316456 0.4311827956989247 0.39556962025316456
7 0.4586021505376344 0.35443037974683544 0.47795698924731184 0.35443037974683544 0.47795698924731184 0.39556962025316456 0.4586021505376344 0.39556962025316456
37 0.48494623655913977 0.35443037974683544 0.510752688172043 0.35443037974683544 0.510752688172043 0.3848101265822785 0.48494623655913977 0.3848101265822785
2 0.5177419354838709 0.35443037974683544 0.5435483870967741 0.35443037974683544 0.5435483870967741 0.3949367088607595 0.5177419354838709 0.3949367088607595
0 0.5510752688172043 0.35443037974683544 0.5768817204301074 0.35443037974683544 0.5768817204301074 0.3949367088607595 0.5510752688172043 0.3949367088607595
2 0.5833333333333334 0.35443037974683544 0.6026881720430108 0.35443037974683544 0.6026881720430108 0.39556962025316456 0.5833333333333334 0.39556962025316456
4 0.610752688172043 0.35443037974683544 0.6301075268817204 0.35443037974683544 0.6301075268817204 0.39556962025316456 0.610752688172043 0.39556962025316456
30 0.25 0.4031645569620253 0.27580645161290324 0.4031645569620253 0.27580645161290324 0.44367088607594934 0.25 0.44367088607594934
31 0.2833333333333333 0.4031645569620253 0.30268817204301074 0.4031645569620253 0.30268817204301074 0.4443037974683544 0.2833333333333333 0.4443037974683544
24 0.3096774193548387 0.4031645569620253 0.32903225806451614 0.4031645569620253 0.32903225806451614 0.4443037974683544 0.3096774193548387 0.4443037974683544
36 0.3349462365591398 0.4031645569620253 0.3424731182795699 0.4031645569620253 0.3424731182795699 0.42974683544303793 0.3349462365591398 0.42974683544303793
0 0.34838709677419355 0.4031645569620253 0.3741935483870968 0.4031645569620253 0.3741935483870968 0.4443037974683544 0.34838709677419355 0.4443037974683544
5 0.38064516129032255 0.4031645569620253 0.4064516129032258 0.4031645569620253 0.4064516129032258 0.44367088607594934 0.38064516129032255 0.44367088607594934
37 0.4134408602150538 0.4031645569620253 0.439247311827957 0.4031645569620253 0.439247311827957 0.4341772151898734 0.4134408602150538 0.4341772151898734
3 0.44623655913978494 0.4031645569620253 0.4720430107526882 0.4031645569620253 0.4720430107526882 0.44367088607594934 0.44623655913978494 0.44367088607594934
0 0.4801075268817204 0.4031645569620253 0.5059139784946236 0.4031645569620253 0.5059139784946236 0.4443037974683544 0.4801075268817204 0.4443037974683544
37 0.5129032258064516 0.4031645569620253 0.5387096774193548 0.4031645569620253 0.5387096774193548 0.43354430379746833 0.5129032258064516 0.43354430379746833
2 0.5451612903225806 0.4031645569620253 0.5645161290322581 0.4031645569620253 0.5645161290322581 0.4443037974683544 0.5451612903225806 0.4443037974683544
0 0.571505376344086 0.4031645569620253 0.5973118279569892 0.4031645569620253 0.5973118279569892 0.4443037974683544 0.571505376344086 0.4443037974683544
2 0.6026881720430107 0.4031645569620253 0.6284946236559139 0.4031645569620253 0.6284946236559139 0.44367088607594934 0.6026881720430107 0.44367088607594934
5 0.6365591397849463 0.4031645569620253 0.6623655913978495 0.4031645569620253 0.6623655913978495 0.44367088607594934 0.6365591397849463 0.44367088607594934
