33 0.25 0.5221518987341772 0.2693548387096774 0.5221518987341772 0.2693548387096774 0.5632911392405063 0.25 0.5632911392405063
29 0.27580645161290324 0.5221518987341772 0.3016129032258065 0.5221518987341772 0.3016129032258065 0.5626582278481013 0.27580645161290324 0.5626582278481013
26 0.30913978494623656 0.5221518987341772 0.3349462365591398 0.5221518987341772 0.3349462365591398 0.5632911392405063 0.30913978494623656 0.5632911392405063
36 0.3419354838709677 0.5221518987341772 0.3548387096774193 0.5221518987341772 0.3548387096774193 0.5525316455696203 0.3419354838709677 0.5525316455696203
0 0.3602150537634409 0.5221518987341772 0.3860215053763441 0.5221518987341772 0.3860215053763441 0.5626582278481013 0.3602150537634409 0.5626582278481013
2 0.3913978494623656 0.5221518987341772 0.41720430107526885 0.5221518987341772 0.41720430107526885 0.5626582278481013 0.3913978494623656 0.5626582278481013
37 0.42473118279569894 0.5221518987341772 0.4505376344086022 0.5221518987341772 0.4505376344086022 0.5525316455696203 0.42473118279569894 0.5525316455696203
2 0.4559139784946237 0.5221518987341772 0.4817204301075269 0.5221518987341772 0.4817204301075269 0.5632911392405063 0.4559139784946237 0.5632911392405063
2 0.4881720430107527 0.5221518987341772 0.5139784946236559 0.5221518987341772 0.5139784946236559 0.5626582278481013 0.4881720430107527 0.5626582278481013
37 0.5204301075268817 0.5221518987341772 0.5419354838709677 0.5221518987341772 0.5419354838709677 0.5474683544303798 0.5204301075268817 0.5474683544303798
2 0.5483870967741935 0.5221518987341772 0.5741935483870967 0.5221518987341772 0.5741935483870967 0.5626582278481013 0.5483870967741935 0.5626582278481013
0 0.5811827956989247 0.5221518987341772 0.6069892473118279 0.5221518987341772 0.6069892473118279 0.5626582278481013 0.5811827956989247 0.5626582278481013
2 0.613978494623656 0.5221518987341772 0.6397849462365591 0.5221518987341772 0.6397849462365591 0.5626582278481013 0.613978494623656 0.5626582278481013
5 0.646236559139785 0.5221518987341772 0.6720430107526881 0.5221518987341772 0.6720430107526881 0.5626582278481013 0.646236559139785 0.5626582278481013
15 0.25 0.5708860759493671 0.27580645161290324 0.5708860759493671 0.27580645161290324 0.6113924050632912 0.25 0.6113924050632912
14 0.28225806451612906 0.5708860759493671 0.3080645161290323 0.5708860759493671 0.3080645161290323 0.6113924050632912 0.28225806451612906 0.6113924050632912
35 0.3155913978494624 0.5708860759493671 0.3413978494623656 0.5708860759493671 0.3413978494623656 0.6113924050632912 0.3155913978494624 0.6113924050632912
36 0.34946236559139787 0.5708860759493671 0.35698924731182796 0.5708860759493671 0.35698924731182796 0.5968354430379748 0.34946236559139787 0.5968354430379748
0 0.3634408602150538 0.5708860759493671 0.389247311827957 0.5708860759493671 0.389247311827957 0.6113924050632912 0.3634408602150538 0.6113924050632912
3 0.3956989247311828 0.5708860759493671 0.421505376344086 0.5708860759493671 0.421505376344086 0.6113924050632912 0.3956989247311828 0.6113924050632912
37 0.42795698924731185 0.5708860759493671 0.4537634408602151 0.5708860759493671 0.4537634408602151 0.6012658227848102 0.42795698924731185 0.6012658227848102
0 0.460752688172043 0.5708860759493671 0.4801075268817204 0.5708860759493671 0.4801075268817204 0.6120253164556962 0.460752688172043 0.6120253164556962
2 0.4854838709677419 0.5708860759493671 0.5048387096774194 0.5708860759493671 0.5048387096774194 0.6120253164556962 0.4854838709677419 0.6120253164556962
37 0.5112903225806451 0.5708860759493671 0.5370967741935483 0.5708860759493671 0.5370967741935483 0.6012658227848102 0.5112903225806451 0.6012658227848102
2 0.5446236559139785 0.5708860759493671 0.563978494623656 0.5708860759493671 0.563978494623656 0.6120253164556962 0.5446236559139785 0.6120253164556962
0 0.571505376344086 0.5708860759493671 0.5973118279569892 0.5708860759493671 0.5973118279569892 0.6113924050632912 0.571505376344086 0.6113924050632912
2 0.603225806451613 0.5708860759493671 0.6225806451612904 0.5708860759493671 0.6225806451612904 0.6120253164556962 0.603225806451613 0.6120253164556962
5 0.6301075268817204 0.5708860759493671 0.6559139784946236 0.5708860759493671 0.6559139784946236 0.6113924050632912 0.6301075268817204 0.6113924050632912
