16 0.25 0.37278481012658227 0.27580645161290324 0.37278481012658227 0.27580645161290324 0.4132911392405063 0.25 0.4132911392405063
15 0.2838709677419355 0.37278481012658227 0.3096774193548387 0.37278481012658227 0.3096774193548387 0.4132911392405063 0.2838709677419355 0.4132911392405063
31 0.3161290322580645 0.37278481012658227 0.3354838709677419 0.37278481012658227 0.3354838709677419 0.4139240506329114 0.3161290322580645 0.4139240506329114
36 0.34139784946236557 0.37278481012658227 0.3532258064516129 0.37278481012658227 0.3532258064516129 0.4031645569620253 0.34139784946236557 0.4031645569620253
1 0.36129032258064514 0.37278481012658227 0.37419354838709673 0.37278481012658227 0.37419354838709673 0.4139240506329114 0.36129032258064514 0.4139240506329114
2 0.38010752688172045 0.37278481012658227 0.4059139784946237 0.37278481012658227 0.4059139784946237 0.4139240506329114 0.38010752688172045 0.4139240506329114
37 0.4129032258064516 0.37278481012658227 0.43870967741935485 0.37278481012658227 0.43870967741935485 0.4031645569620253 0.4129032258064516 0.4031645569620253
0 0.44408602150537635 0.37278481012658227 0.4698924731182796 0.37278481012658227 0.4698924731182796 0.4139240506329114 0.44408602150537635 0.4139240506329114
3 0.4774193548387097 0.37278481012658227 0.5032258064516129 0.37278481012658227 0.5032258064516129 0.4132911392405063 0.4774193548387097 0.4132911392405063
37 0.5086021505376344 0.37278481012658227 0.5344086021505375 0.37278481012658227 0.5344086021505375 0.4031645569620253 0.5086021505376344 0.4031645569620253
2 0.5424731182795699 0.37278481012658227 0.5682795698924731 0.37278481012658227 0.5682795698924731 0.4132911392405063 0.5424731182795699 0.4132911392405063
0 0.5752688172043011 0.37278481012658227 0.6010752688172043 0.37278481012658227 0.6010752688172043 0.4132911392405063 0.5752688172043011 0.4132911392405063
2 0.6086021505376344 0.37278481012658227 0.6344086021505376 0.37278481012658227 0.6344086021505376 0.4132911392405063 0.6086021505376344 0.4132911392405063
4 0.6408602150537634 0.37278481012658227 0.6666666666666666 0.37278481012658227 0.6666666666666666 0.4132911392405063 0.6408602150537634 0.4132911392405063
19 0.25 0.4215189873417722 0.27580645161290324 0.4215189873417722 0.27580645161290324 0.4620253164556962 0.25 0.4620253164556962
10 0.2838709677419355 0.4215189873417722 0.3096774193548387 0.4215189873417722 0.3096774193548387 0.4620253164556962 0.2838709677419355 0.4620253164556962
17 0.3150537634408602 0.4215189873417722 0.34086021505376346 0.4215189873417722 0.34086021505376346 0.4620253164556962 0.3150537634408602 0.4620253164556962
36 0.3467741935483871 0.4215189873417722 0.35860215053763445 0.4215189873417722 0.35860215053763445 0.4518987341772152 0.3467741935483871 0.4518987341772152
0 0.36612903225806454 0.4215189873417722 0.39193548387096777 0.4215189873417722 0.39193548387096777 0.4620253164556962 0.36612903225806454 0.4620253164556962
7 0.3989247311827957 0.4215189873417722 0.4182795698924731 0.4215189873417722 0.4182795698924731 0.4626582278481013 0.3989247311827957 0.4626582278481013
37 0.4236559139784946 0.4215189873417722 0.44946236559139785 0.4215189873417722 0.44946236559139785 0.4518987341772152 0.4236559139784946 0.4518987341772152
1 0.45698924731182794 0.4215189873417722 0.47311827956989244 0.4215189873417722 0.47311827956989244 0.4626582278481013 0.45698924731182794 0.4626582278481013
0 0.478494623655914 0.4215189873417722 0.5043010752688172 0.4215189873417722 0.5043010752688172 0.4620253164556962 0.478494623655914 0.4620253164556962
37 0.5096774193548387 0.4215189873417722 0.5354838709677419 0.4215189873417722 0.5354838709677419 0.45126582278481014 0.5096774193548387 0.45126582278481014
2 0.5435483870967742 0.4215189873417722 0.5693548387096774 0.4215189873417722 0.5693548387096774 0.4620253164556962 0.5435483870967742 0.4620253164556962
0 0.5752688172043011 0.4215189873417722 0.5946236559139786 0.4215189873417722 0.5946236559139786 0.4626582278481013 0.5752688172043011 0.4626582278481013
2 0.6010752688172043 0.4215189873417722 0.6268817204301075 0.4215189873417722 0.6268817204301075 0.4620253164556962 0.6010752688172043 0.4620253164556962
5 0.6338709677419355 0.4215189873417722 0.653225806451613 0.4215189873417722 0.653225806451613 0.4626582278481013 0.6338709677419355 0.4626582278481013
