31 0.25 0.4626582278481013 0.27580645161290324 0.4626582278481013 0.27580645161290324 0.5031645569620253 0.25 0.5031645569620253
28 0.28279569892473116 0.4626582278481013 0.3086021505376344 0.4626582278481013 0.3086021505376344 0.5031645569620253 0.28279569892473116 0.5031645569620253
15 0.3150537634408602 0.4626582278481013 0.34086021505376346 0.4626582278481013 0.34086021505376346 0.5031645569620253 0.3150537634408602 0.5031645569620253
36 0.3473118279569892 0.4626582278481013 0.3602150537634408 0.4626582278481013 0.3602150537634408 0.4930379746835443 0.3473118279569892 0.4930379746835443
0 0.3672043010752688 0.4626582278481013 0.39301075268817204 0.4626582278481013 0.39301075268817204 0.5031645569620253 0.3672043010752688 0.5031645569620253
9 0.39946236559139786 0.4626582278481013 0.4188172043010753 0.4626582278481013 0.4188172043010753 0.5037974683544304 0.39946236559139786 0.5037974683544304
37 0.42634408602150536 0.4626582278481013 0.4521505376344086 0.4626582278481013 0.4521505376344086 0.4930379746835443 0.42634408602150536 0.4930379746835443
0 0.4586021505376344 0.4626582278481013 0.48440860215053766 0.4626582278481013 0.48440860215053766 0.5031645569620253 0.4586021505376344 0.5031645569620253
2 0.4908602150537634 0.4626582278481013 0.5102150537634409 0.4626582278481013 0.5102150537634409 0.5037974683544304 0.4908602150537634 0.5037974683544304
37 0.5172043010752688 0.4626582278481013 0.543010752688172 0.4626582278481013 0.543010752688172 0.4930379746835443 0.5172043010752688 0.4930379746835443
2 0.5494623655913978 0.4626582278481013 0.575268817204301 0.4626582278481013 0.575268817204301 0.5031645569620253 0.5494623655913978 0.5031645569620253
0 0.582258064516129 0.4626582278481013 0.6016129032258065 0.4626582278481013 0.6016129032258065 0.5037974683544304 0.582258064516129 0.5037974683544304
2 0.6096774193548387 0.4626582278481013 0.6354838709677418 0.4626582278481013 0.6354838709677418 0.5031645569620253 0.6096774193548387 0.5031645569620253
5 0.6424731182795699 0.4626582278481013 0.6682795698924731 0.4626582278481013 0.6682795698924731 0.5031645569620253 0.6424731182795699 0.5031645569620253
32 0.25 0.5113924050632911 0.2693548387096774 0.5113924050632911 0.2693548387096774 0.5525316455696202 0.25 0.5525316455696202
27 0.27741935483870966 0.5113924050632911 0.3032258064516129 0.5113924050632911 0.3032258064516129 0.5518987341772151 0.27741935483870966 0.5518987341772151
33 0.3086021505376344 0.5113924050632911 0.3279569892473118 0.5113924050632911 0.3279569892473118 0.5525316455696202 0.3086021505376344 0.5525316455696202
36 0.33548387096774196 0.5113924050632911 0.34838709677419355 0.5113924050632911 0.34838709677419355 0.5417721518987342 0.33548387096774196 0.5417721518987342
0 0.35376344086021505 0.5113924050632911 0.3795698924731183 0.5113924050632911 0.3795698924731183 0.5518987341772151 0.35376344086021505 0.5518987341772151
1 0.38548387096774195 0.5113924050632911 0.4026881720430108 0.5113924050632911 0.4026881720430108 0.5525316455696202 0.38548387096774195 0.5525316455696202
37 0.40860215053763443 0.5113924050632911 0.43440860215053767 0.5113924050632911 0.43440860215053767 0.5417721518987342 0.40860215053763443 0.5417721518987342
1 0.4403225806451613 0.5113924050632911 0.45322580645161287 0.5113924050632911 0.45322580645161287 0.5525316455696202 0.4403225806451613 0.5525316455696202
5 0.4596774193548387 0.5113924050632911 0.4790322580645161 0.5113924050632911 0.4790322580645161 0.5525316455696202 0.4596774193548387 0.5525316455696202
37 0.48655913978494625 0.5113924050632911 0.5123655913978494 0.5113924050632911 0.5123655913978494 0.5417721518987342 0.48655913978494625 0.5417721518987342
2 0.5204301075268817 0.5113924050632911 0.5462365591397849 0.5113924050632911 0.5462365591397849 0.5525316455696202 0.5204301075268817 0.5525316455696202
0 0.5516129032258065 0.5113924050632911 0.5709677419354839 0.5113924050632911 0.5709677419354839 0.5525316455696202 0.5516129032258065 0.5525316455696202
2 0.5774193548387097 0.5113924050632911 0.5967741935483871 0.5113924050632911 0.5967741935483871 0.5525316455696202 0.5774193548387097 0.5525316455696202
5 0.6043010752688172 0.5113924050632911 0.6236559139784946 0.5113924050632911 0.6236559139784946 0.5525316455696202 0.6043010752688172 0.5525316455696202
