20 0.25 0.6278481012658228 0.2693548387096774 0.6278481012658228 0.2693548387096774 0.6689873417721519 0.25 0.6689873417721519
11 0.2752688172043011 0.6278481012658228 0.2946236559139785 0.6278481012658228 0.2946236559139785 0.6689873417721519 0.2752688172043011 0.6689873417721519
24 0.30268817204301074 0.6278481012658228 0.32204301075268815 0.6278481012658228 0.32204301075268815 0.6689873417721519 0.30268817204301074 0.6689873417721519
36 0.32741935483870965 0.6278481012658228 0.34032258064516124 0.6278481012658228 0.34032258064516124 0.6582278481012659 0.32741935483870965 0.6582278481012659
0 0.34623655913978496 0.6278481012658228 0.3720430107526882 0.6278481012658228 0.3720430107526882 0.6683544303797468 0.34623655913978496 0.6683544303797468
2 0.3779569892473118 0.6278481012658228 0.40376344086021504 0.6278481012658228 0.40376344086021504 0.6689873417721519 0.3779569892473118 0.6689873417721519
37 0.40913978494623654 0.6278481012658228 0.4349462365591398 0.6278481012658228 0.4349462365591398 0.6575949367088608 0.40913978494623654 0.6575949367088608
1 0.4403225806451613 0.6278481012658228 0.4564516129032258 0.6278481012658228 0.4564516129032258 0.6689873417721519 0.4403225806451613 0.6689873417721519
4 0.4645161290322581 0.6278481012658228 0.4903225806451613 0.6278481012658228 0.4903225806451613 0.6683544303797468 0.4645161290322581 0.6683544303797468
37 0.4962365591397849 0.6278481012658228 0.5220430107526881 0.6278481012658228 0.5220430107526881 0.6588607594936708 0.4962365591397849 0.6588607594936708
2 0.5274193548387097 0.6278481012658228 0.5532258064516129 0.6278481012658228 0.5532258064516129 0.6683544303797468 0.5274193548387097 0.6683544303797468
0 0.560752688172043 0.6278481012658228 0.5865591397849462 0.6278481012658228 0.5865591397849462 0.6683544303797468 0.560752688172043 0.6683544303797468
2 0.593010752688172 0.6278481012658228 0.6188172043010752 0.6278481012658228 0.6188172043010752 0.6683544303797468 0.593010752688172 0.6683544303797468
5 0.6263440860215054 0.6278481012658228 0.6521505376344086 0.6278481012658228 0.6521505376344086 0.6689873417721519 0.6263440860215054 0.6689873417721519
25 0.25 0.6765822784810127 0.27580645161290324 0.6765822784810127 0.27580645161290324 0.7170886075949368 0.25 0.7170886075949368
17 0.2833333333333333 0.6765822784810127 0.30913978494623656 0.6765822784810127 0.30913978494623656 0.7170886075949368 0.2833333333333333 0.7170886075949368
16 0.31451612903225806 0.6765822784810127 0.3338709677419355 0.6765822784810127 0.3338709677419355 0.7177215189873418 0.31451612903225806 0.7177215189873418
36 0.34086021505376346 0.6765822784810127 0.34838709677419355 0.6765822784810127 0.34838709677419355 0.7025316455696203 0.34086021505376346 0.7025316455696203
0 0.3564516129032258 0.6765822784810127 0.38225806451612904 0.6765822784810127 0.38225806451612904 0.7170886075949368 0.3564516129032258 0.7170886075949368
7 0.3903225806451613 0.6765822784810127 0.4096774193548387 0.6765822784810127 0.4096774193548387 0.7177215189873418 0.3903225806451613 0.7177215189873418
37 0.4166666666666667 0.6765822784810127 0.4424731182795699 0.6765822784810127 0.4424731182795699 0.7069620253164558 0.4166666666666667 0.7069620253164558
0 0.4478494623655914 0.6765822784810127 0.46720430107526884 0.6765822784810127 0.46720430107526884 0.7177215189873418 0.4478494623655914 0.7177215189873418
5 0.4747311827956989 0.6765822784810127 0.5005376344086021 0.6765822784810127 0.5005376344086021 0.7177215189873418 0.4747311827956989 0.7177215189873418
37 0.5080645161290323 0.6765822784810127 0.5338709677419354 0.6765822784810127 0.5338709677419354 0.7069620253164558 0.5080645161290323 0.7069620253164558
2 0.5397849462365591 0.6765822784810127 0.5591397849462366 0.6765822784810127 0.5591397849462366 0.7177215189873418 0.5397849462365591 0.7177215189873418
0 0.5661290322580645 0.6765822784810127 0.5919354838709677 0.6765822784810127 0.5919354838709677 0.7170886075949368 0.5661290322580645 0.7170886075949368
2 0.5994623655913979 0.6765822784810127 0.625268817204301 0.6765822784810127 0.625268817204301 0.7170886075949368 0.5994623655913979 0.7170886075949368
5 0.6327956989247312 0.6765822784810127 0.6586021505376344 0.6765822784810127 0.6586021505376344 0.7170886075949368 0.6327956989247312 0.7170886075949368
