21 0.25 0.4607594936708861 0.2693548387096774 0.4607594936708861 0.2693548387096774 0.5018987341772152 0.25 0.5018987341772152
33 0.2747311827956989 0.4607594936708861 0.2940860215053763 0.4607594936708861 0.2940860215053763 0.5018987341772152 0.2747311827956989 0.5018987341772152
33 0.2994623655913978 0.4607594936708861 0.31881720430107524 0.4607594936708861 0.31881720430107524 0.5018987341772152 0.2994623655913978 0.5018987341772152
36 0.3258064516129032 0.4607594936708861 0.33763440860215055 0.4607594936708861 0.33763440860215055 0.4911392405063291 0.3258064516129032 0.4911392405063291
1 0.34408602150537637 0.4607594936708861 0.35698924731182796 0.4607594936708861 0.35698924731182796 0.5018987341772152 0.34408602150537637 0.5018987341772152
1 0.3634408602150538 0.4607594936708861 0.3806451612903226 0.4607594936708861 0.3806451612903226 0.5012658227848101 0.3634408602150538 0.5012658227848101
37 0.3865591397849462 0.4607594936708861 0.41236559139784945 0.4607594936708861 0.41236559139784945 0.4911392405063291 0.3865591397849462 0.4911392405063291
2 0.41935483870967744 0.4607594936708861 0.44516129032258067 0.4607594936708861 0.44516129032258067 0.5012658227848101 0.41935483870967744 0.5012658227848101
4 0.4505376344086022 0.4607594936708861 0.4763440860215054 0.4607594936708861 0.4763440860215054 0.5012658227848101 0.4505376344086022 0.5012658227848101
37 0.4817204301075269 0.4607594936708861 0.5075268817204301 0.4607594936708861 0.5075268817204301 0.4917721518987342 0.4817204301075269 0.4917721518987342
2 0.5134408602150538 0.4607594936708861 0.5327956989247312 0.4607594936708861 0.5327956989247312 0.5018987341772152 0.5134408602150538 0.5018987341772152
0 0.5397849462365591 0.4607594936708861 0.5655913978494623 0.4607594936708861 0.5655913978494623 0.5012658227848101 0.5397849462365591 0.5012658227848101
2 0.5709677419354838 0.4607594936708861 0.596774193548387 0.4607594936708861 0.596774193548387 0.5012658227848101 0.5709677419354838 0.5012658227848101
4 0.603763440860215 0.4607594936708861 0.6231182795698925 0.4607594936708861 0.6231182795698925 0.5018987341772152 0.603763440860215 0.5018987341772152
21 0.25 0.509493670886076 0.2693548387096774 0.509493670886076 0.2693548387096774 0.5506329113924051 0.25 0.5506329113924051
24 0.2768817204301075 0.509493670886076 0.30268817204301074 0.509493670886076 0.30268817204301074 0.55 0.2768817204301075 0.55
12 0.30913978494623656 0.509493670886076 0.328494623655914 0.509493670886076 0.328494623655914 0.5506329113924051 0.30913978494623656 0.5506329113924051
36 0.3365591397849462 0.509493670886076 0.34838709677419355 0.509493670886076 0.34838709677419355 0.5398734177215191 0.3365591397849462 0.5398734177215191
1 0.35591397849462364 0.509493670886076 0.37311827956989246 0.509493670886076 0.37311827956989246 0.55 0.35591397849462364 0.55
0 0.3790322580645161 0.509493670886076 0.40483870967741936 0.509493670886076 0.40483870967741936 0.5506329113924051 0.3790322580645161 0.5506329113924051
37 0.4118279569892473 0.509493670886076 0.4376344086021505 0.509493670886076 0.4376344086021505 0.540506329113924 0.4118279569892473 0.540506329113924
1 0.4456989247311828 0.509493670886076 0.45860215053763437 0.509493670886076 0.45860215053763437 0.5506329113924051 0.4456989247311828 0.5506329113924051
5 0.4650537634408602 0.509493670886076 0.4844086021505376 0.509493670886076 0.4844086021505376 0.5506329113924051 0.4650537634408602 0.5506329113924051
37 0.48978494623655916 0.509493670886076 0.5155913978494624 0.509493670886076 0.5155913978494624 0.5398734177215191 0.48978494623655916 0.5398734177215191
2 0.521505376344086 0.509493670886076 0.5473118279569892 0.509493670886076 0.5473118279569892 0.55 0.521505376344086 0.55
0 0.5553763440860215 0.509493670886076 0.5811827956989247 0.509493670886076 0.5811827956989247 0.55 0.5553763440860215 0.55
2 0.5876344086021505 0.509493670886076 0.6134408602150537 0.509493670886076 0.6134408602150537 0.55 0.5876344086021505 0.55
5 0.6204301075268818 0.509493670886076 0.646236559139785 0.509493670886076 0.646236559139785 0.5506329113924051 0.6204301075268818 0.5506329113924051
