10 0.25 0.3487341772151899 0.27580645161290324 0.3487341772151899 0.27580645161290324 0.38924050632911394 0.25 0.38924050632911394
29 0.2833333333333333 0.3487341772151899 0.30913978494623656 0.3487341772151899 0.30913978494623656 0.38924050632911394 0.2833333333333333 0.38924050632911394
29 0.31451612903225806 0.3487341772151899 0.3403225806451613 0.3487341772151899 0.3403225806451613 0.38924050632911394 0.31451612903225806 0.38924050632911394
36 0.34623655913978496 0.3487341772151899 0.35376344086021505 0.3487341772151899 0.35376344086021505 0.37531645569620253 0.34623655913978496 0.37531645569620253
0 0.36129032258064514 0.3487341772151899 0.3870967741935484 0.3487341772151899 0.3870967741935484 0.389873417721519 0.36129032258064514 0.389873417721519
6 0.3951612903225806 0.3487341772151899 0.41451612903225804 0.3487341772151899 0.41451612903225804 0.389873417721519 0.3951612903225806 0.389873417721519
37 0.421505376344086 0.3487341772151899 0.44731182795698926 0.3487341772151899 0.44731182795698926 0.379746835443038 0.421505376344086 0.379746835443038
2 0.4553763440860215 0.3487341772151899 0.48118279569892475 0.3487341772151899 0.48118279569892475 0.38924050632911394 0.4553763440860215 0.38924050632911394
3 0.4876344086021505 0.3487341772151899 0.5134408602150538 0.3487341772151899 0.5134408602150538 0.38924050632911394 0.4876344086021505 0.38924050632911394
37 0.5204301075268817 0.3487341772151899 0.5462365591397849 0.3487341772151899 0.5462365591397849 0.37911392405063293 0.5204301075268817 0.37911392405063293
2 0.553763440860215 0.3487341772151899 0.5795698924731182 0.3487341772151899 0.5795698924731182 0.389873417721519 0.553763440860215 0.389873417721519
0 0.5865591397849462 0.3487341772151899 0.6123655913978494 0.3487341772151899 0.6123655913978494 0.38924050632911394 0.5865591397849462 0.38924050632911394
2 0.6198924731182796 0.3487341772151899 0.639247311827957 0.3487341772151899 0.639247311827957 0.389873417721519 0.6198924731182796 0.389873417721519
5 0.646774193548387 0.3487341772151899 0.6661290322580645 0.3487341772151899 0.6661290322580645 0.389873417721519 0.646774193548387 0.389873417721519
16 0.25 0.39746835443037976 0.27580645161290324 0.39746835443037976 0.27580645161290324 0.43860759493670887 0.25 0.43860759493670887
16 0.2833333333333333 0.39746835443037976 0.30268817204301074 0.39746835443037976 0.30268817204301074 0.43860759493670887 0.2833333333333333 0.43860759493670887
25 0.3096774193548387 0.39746835443037976 0.33548387096774196 0.39746835443037976 0.33548387096774196 0.4379746835443038 0.3096774193548387 0.4379746835443038
36 0.34301075268817205 0.39746835443037976 0.35591397849462364 0.39746835443037976 0.35591397849462364 0.42848101265822786 0.34301075268817205 0.42848101265822786
1 0.36129032258064514 0.39746835443037976 0.37526881720430105 0.39746835443037976 0.37526881720430105 0.43860759493670887 0.36129032258064514 0.43860759493670887
2 0.3811827956989247 0.39746835443037976 0.40698924731182795 0.39746835443037976 0.40698924731182795 0.4379746835443038 0.3811827956989247 0.4379746835443038
37 0.4129032258064516 0.39746835443037976 0.43870967741935485 0.39746835443037976 0.43870967741935485 0.4278481012658228 0.4129032258064516 0.4278481012658228
1 0.4456989247311828 0.39746835443037976 0.45860215053763437 0.39746835443037976 0.45860215053763437 0.43860759493670887 0.4456989247311828 0.43860759493670887
7 0.4645161290322581 0.39746835443037976 0.4903225806451613 0.39746835443037976 0.4903225806451613 0.4379746835443038 0.4645161290322581 0.4379746835443038
37 0.4962365591397849 0.39746835443037976 0.5220430107526881 0.39746835443037976 0.5220430107526881 0.42848101265822786 0.4962365591397849 0.42848101265822786
2 0.5274193548387097 0.39746835443037976 0.5532258064516129 0.39746835443037976 0.5532258064516129 0.43860759493670887 0.5274193548387097 0.43860759493670887
0 0.5612903225806452 0.39746835443037976 0.5870967741935483 0.39746835443037976 0.5870967741935483 0.4379746835443038 0.5612903225806452 0.4379746835443038
2 0.5946236559139785 0.39746835443037976 0.6204301075268817 0.39746835443037976 0.6204301075268817 0.4379746835443038 0.5946236559139785 0.4379746835443038
4 0.6268817204301075 0.39746835443037976 0.646236559139785 0.39746835443037976 0.646236559139785 0.43860759493670887 0.6268817204301075 0.43860759493670887
