29 0.25 0.45126582278481014 0.2693548387096774 0.45126582278481014 0.2693548387096774 0.49240506329113926 0.25 0.49240506329113926
34 0.2747311827956989 0.45126582278481014 0.2940860215053763 0.45126582278481014 0.2940860215053763 0.49240506329113926 0.2747311827956989 0.49240506329113926
34 0.2994623655913978 0.45126582278481014 0.32526881720430106 0.45126582278481014 0.32526881720430106 0.4917721518987342 0.2994623655913978 0.4917721518987342
36 0.3327956989247312 0.45126582278481014 0.34462365591397853 0.45126582278481014 0.34462365591397853 0.4816455696202532 0.3327956989247312 0.4816455696202532
0 0.35 0.45126582278481014 0.3758064516129032 0.45126582278481014 0.3758064516129032 0.4917721518987342 0.35 0.4917721518987342
2 0.3827956989247312 0.45126582278481014 0.4021505376344086 0.45126582278481014 0.4021505376344086 0.49240506329113926 0.3827956989247312 0.49240506329113926
37 0.4075268817204301 0.45126582278481014 0.43333333333333335 0.45126582278481014 0.43333333333333335 0.4816455696202532 0.4075268817204301 0.4816455696202532
2 0.439247311827957 0.45126582278481014 0.46505376344086025 0.45126582278481014 0.46505376344086025 0.4917721518987342 0.439247311827957 0.4917721518987342
3 0.47096774193548385 0.45126582278481014 0.49032258064516127 0.45126582278481014 0.49032258064516127 0.49240506329113926 0.47096774193548385 0.49240506329113926
37 0.4962365591397849 0.45126582278481014 0.5220430107526881 0.45126582278481014 0.5220430107526881 0.4816455696202532 0.4962365591397849 0.4816455696202532
2 0.5274193548387097 0.45126582278481014 0.5532258064516129 0.45126582278481014 0.5532258064516129 0.4917721518987342 0.5274193548387097 0.4917721518987342
0 0.5596774193548387 0.45126582278481014 0.5854838709677419 0.45126582278481014 0.5854838709677419 0.49240506329113926 0.5596774193548387 0.49240506329113926
2 0.5919354838709677 0.45126582278481014 0.6177419354838709 0.45126582278481014 0.6177419354838709 0.49240506329113926 0.5919354838709677 0.49240506329113926
5 0.6241935483870967 0.45126582278481014 0.6435483870967742 0.45126582278481014 0.6435483870967742 0.49240506329113926 0.6241935483870967 0.49240506329113926
20 0.25 0.5 0.27580645161290324 0.5 0.27580645161290324 0.540506329113924 0.25 0.540506329113924
32 0.28279569892473116 0.5 0.3086021505376344 0.5 0.3086021505376344 0.540506329113924 0.28279569892473116 0.540506329113924
34 0.3150537634408602 0.5 0.34086021505376346 0.5 0.34086021505376346 0.540506329113924 0.3150537634408602 0.540506329113924
36 0.34623655913978496 0.5 0.35913978494623655 0.5 0.35913978494623655 0.5303797468354431 0.34623655913978496 0.5303797468354431
0 0.3650537634408602 0.5 0.39086021505376345 0.5 0.39086021505376345 0.540506329113924 0.3650537634408602 0.540506329113924
6 0.3989247311827957 0.5 0.4182795698924731 0.5 0.4182795698924731 0.5411392405063291 0.3989247311827957 0.5411392405063291
37 0.4236559139784946 0.5 0.44946236559139785 0.5 0.44946236559139785 0.5303797468354431 0.4236559139784946 0.5303797468354431
0 0.4559139784946237 0.5 0.4817204301075269 0.5 0.4817204301075269 0.540506329113924 0.4559139784946237 0.540506329113924
7 0.48870967741935484 0.5 0.5145161290322581 0.5 0.5145161290322581 0.540506329113924 0.48870967741935484 0.540506329113924
37 0.5198924731182796 0.5 0.5456989247311828 0.5 0.5456989247311828 0.5303797468354431 0.5198924731182796 0.5303797468354431
2 0.5510752688172043 0.5 0.5768817204301074 0.5 0.5768817204301074 0.540506329113924 0.5510752688172043 0.540506329113924
0 0.5833333333333334 0.5 0.6091397849462366 0.5 0.6091397849462366 0.540506329113924 0.5833333333333334 0.540506329113924
2 0.6155913978494624 0.5 0.6413978494623656 0.5 0.6413978494623656 0.540506329113924 0.6155913978494624 0.540506329113924
5 0.6494623655913978 0.5 0.675268817204301 0.5 0.675268817204301 0.540506329113924 0.6494623655913978 0.540506329113924
