31 0.25 0.4050632911392405 0.2693548387096774 0.4050632911392405 0.2693548387096774 0.4462025316455696 0.25 0.4462025316455696
27 0.2763440860215054 0.4050632911392405 0.2956989247311828 0.4050632911392405 0.2956989247311828 0.4462025316455696 0.2763440860215054 0.4462025316455696
19 0.3016129032258065 0.4050632911392405 0.3209677419354839 0.4050632911392405 0.3209677419354839 0.4462025316455696 0.3016129032258065 0.4462025316455696
36 0.3263440860215054 0.4050632911392405 0.3381720430107527 0.4050632911392405 0.3381720430107527 0.43544303797468353 0.3263440860215054 0.43544303797468353
0 0.3446236559139785 0.4050632911392405 0.3704301075268817 0.4050632911392405 0.3704301075268817 0.44556962025316454 0.3446236559139785 0.44556962025316454
2 0.3758064516129032 0.4050632911392405 0.40161290322580645 0.4050632911392405 0.40161290322580645 0.44556962025316454 0.3758064516129032 0.44556962025316454
37 0.40698924731182795 0.4050632911392405 0.4327956989247312 0.4050632911392405 0.4327956989247312 0.43544303797468353 0.40698924731182795 0.43544303797468353
0 0.4403225806451613 0.4050632911392405 0.4661290322580645 0.4050632911392405 0.4661290322580645 0.44556962025316454 0.4403225806451613 0.44556962025316454
2 0.47419354838709676 0.4050632911392405 0.4935483870967742 0.4050632911392405 0.4935483870967742 0.4462025316455696 0.47419354838709676 0.4462025316455696
37 0.5016129032258064 0.4050632911392405 0.5274193548387096 0.4050632911392405 0.5274193548387096 0.43544303797468353 0.5016129032258064 0.43544303797468353
2 0.5344086021505376 0.4050632911392405 0.5602150537634408 0.4050632911392405 0.5602150537634408 0.44556962025316454 0.5344086021505376 0.44556962025316454
0 0.5666666666666667 0.4050632911392405 0.5924731182795698 0.4050632911392405 0.5924731182795698 0.4462025316455696 0.5666666666666667 0.4462025316455696
2 0.5983870967741935 0.4050632911392405 0.6241935483870967 0.4050632911392405 0.6241935483870967 0.44556962025316454 0.5983870967741935 0.44556962025316454
5 0.6301075268817204 0.4050632911392405 0.6559139784946236 0.4050632911392405 0.6559139784946236 0.44556962025316454 0.6301075268817204 0.44556962025316454
14 0.25 0.45379746835443036 0.2693548387096774 0.45379746835443036 0.2693548387096774 0.49493670886075947 0.25 0.49493670886075947
19 0.2763440860215054 0.45379746835443036 0.2956989247311828 0.45379746835443036 0.2956989247311828 0.49493670886075947 0.2763440860215054 0.49493670886075947
31 0.3010752688172043 0.45379746835443036 0.3204301075268817 0.45379746835443036 0.3204301075268817 0.49493670886075947 0.3010752688172043 0.49493670886075947
36 0.328494623655914 0.45379746835443036 0.34139784946236557 0.45379746835443036 0.34139784946236557 0.48481012658227846 0.328494623655914 0.48481012658227846
0 0.3478494623655914 0.45379746835443036 0.3736559139784946 0.45379746835443036 0.3736559139784946 0.4943037974683544 0.3478494623655914 0.4943037974683544
4 0.38010752688172045 0.45379746835443036 0.39946236559139786 0.45379746835443036 0.39946236559139786 0.49493670886075947 0.38010752688172045 0.49493670886075947
37 0.40483870967741936 0.45379746835443036 0.4306451612903226 0.45379746835443036 0.4306451612903226 0.4841772151898734 0.40483870967741936 0.4841772151898734
1 0.43709677419354837 0.45379746835443036 0.44999999999999996 0.45379746835443036 0.44999999999999996 0.49493670886075947 0.43709677419354837 0.49493670886075947
2 0.4575268817204301 0.45379746835443036 0.48333333333333334 0.45379746835443036 0.48333333333333334 0.4943037974683544 0.4575268817204301 0.4943037974683544
37 0.4908602150537634 0.45379746835443036 0.5166666666666666 0.45379746835443036 0.5166666666666666 0.4841772151898734 0.4908602150537634 0.4841772151898734
2 0.5225806451612903 0.45379746835443036 0.5419354838709678 0.45379746835443036 0.5419354838709678 0.49493670886075947 0.5225806451612903 0.49493670886075947
0 0.5489247311827957 0.45379746835443036 0.5747311827956989 0.45379746835443036 0.5747311827956989 0.4943037974683544 0.5489247311827957 0.4943037974683544
2 0.5806451612903226 0.45379746835443036 0.6064516129032258 0.45379746835443036 0.6064516129032258 0.49493670886075947 0.5806451612903226 0.49493670886075947
5 0.6134408602150537 0.45379746835443036 0.6392473118279569 0.45379746835443036 0.6392473118279569 0.49493670886075947 0.6134408602150537 0.49493670886075947
