28 0.25 0.5075949367088608 0.27580645161290324 0.5075949367088608 0.27580645161290324 0.5481012658227848 0.25 0.5481012658227848
22 0.28225806451612906 0.5075949367088608 0.3016129032258065 0.5075949367088608 0.3016129032258065 0.5487341772151899 0.28225806451612906 0.5487341772151899
20 0.3096774193548387 0.5075949367088608 0.32903225806451614 0.5075949367088608 0.32903225806451614 0.5487341772151899 0.3096774193548387 0.5487341772151899
36 0.3365591397849462 0.5075949367088608 0.3494623655913978 0.5075949367088608 0.3494623655913978 0.5379746835443039 0.3365591397849462 0.5379746835443039
1 0.35591397849462364 0.5075949367088608 0.37204301075268814 0.5075949367088608 0.37204301075268814 0.5487341772151899 0.35591397849462364 0.5487341772151899
2 0.3790322580645161 0.5075949367088608 0.40483870967741936 0.5075949367088608 0.40483870967741936 0.5487341772151899 0.3790322580645161 0.5487341772151899
37 0.4112903225806452 0.5075949367088608 0.4370967741935484 0.5075949367088608 0.4370967741935484 0.5379746835443039 0.4112903225806452 0.5379746835443039
3 0.4435483870967742 0.5075949367088608 0.4693548387096774 0.5075949367088608 0.4693548387096774 0.5481012658227848 0.4435483870967742 0.5481012658227848
1 0.4747311827956989 0.5075949367088608 0.49193548387096775 0.5075949367088608 0.49193548387096775 0.5481012658227848 0.4747311827956989 0.5481012658227848
37 0.4989247311827957 0.5075949367088608 0.5247311827956989 0.5075949367088608 0.5247311827956989 0.5373417721518988 0.4989247311827957 0.5373417721518988
2 0.532258064516129 0.5075949367088608 0.5580645161290322 0.5075949367088608 0.5580645161290322 0.5487341772151899 0.532258064516129 0.5487341772151899
0 0.5639784946236559 0.5075949367088608 0.5897849462365591 0.5075949367088608 0.5897849462365591 0.5481012658227848 0.5639784946236559 0.5481012658227848
2 0.5973118279569892 0.5075949367088608 0.6166666666666667 0.5075949367088608 0.6166666666666667 0.5487341772151899 0.5973118279569892 0.5487341772151899
4 0.6241935483870967 0.5075949367088608 0.6435483870967742 0.5075949367088608 0.6435483870967742 0.5487341772151899 0.6241935483870967 0.5487341772151899
13 0.25 0.5563291139240506 0.27580645161290324 0.5563291139240506 0.27580645161290324 0.5974683544303797 0.25 0.5974683544303797
27 0.28118279569892474 0.5563291139240506 0.30053763440860215 0.5563291139240506 0.30053763440860215 0.5974683544303797 0.28118279569892474 0.5974683544303797
33 0.30591397849462365 0.5563291139240506 0.3317204301075269 0.5563291139240506 0.3317204301075269 0.5968354430379746 0.30591397849462365 0.5968354430379746
36 0.33763440860215055 0.5563291139240506 0.34946236559139787 0.5563291139240506 0.34946236559139787 0.5867088607594937 0.33763440860215055 0.5867088607594937
0 0.3575268817204301 0.5563291139240506 0.37688172043010754 0.5563291139240506 0.37688172043010754 0.5974683544303797 0.3575268817204301 0.5974683544303797
5 0.3827956989247312 0.5563291139240506 0.40860215053763443 0.5563291139240506 0.40860215053763443 0.5968354430379746 0.3827956989247312 0.5968354430379746
37 0.41397849462365593 0.5563291139240506 0.43978494623655917 0.5563291139240506 0.43978494623655917 0.5867088607594937 0.41397849462365593 0.5867088607594937
1 0.44623655913978494 0.5563291139240506 0.46344086021505376 0.5563291139240506 0.46344086021505376 0.5968354430379746 0.44623655913978494 0.5968354430379746
4 0.46881720430107526 0.5563291139240506 0.4881720430107527 0.5563291139240506 0.4881720430107527 0.5968354430379746 0.46881720430107526 0.5968354430379746
37 0.49516129032258066 0.5563291139240506 0.5166666666666667 0.5563291139240506 0.5166666666666667 0.5816455696202532 0.49516129032258066 0.5816455696202532
2 0.524731182795699 0.5563291139240506 0.5505376344086022 0.5563291139240506 0.5505376344086022 0.5968354430379746 0.524731182795699 0.5968354430379746
0 0.5580645161290323 0.5563291139240506 0.5774193548387098 0.5563291139240506 0.5774193548387098 0.5974683544303797 0.5580645161290323 0.5974683544303797
2 0.5854838709677419 0.5563291139240506 0.6112903225806451 0.5563291139240506 0.6112903225806451 0.5968354430379746 0.5854838709677419 0.5968354430379746
5 0.6172043010752688 0.5563291139240506 0.643010752688172 0.5563291139240506 0.643010752688172 0.5968354430379746 0.6172043010752688 0.5968354430379746
