32 0.25 0.41835443037974684 0.2693548387096774 0.41835443037974684 0.2693548387096774 0.45949367088607596 0.25 0.45949367088607596
30 0.2768817204301075 0.41835443037974684 0.30268817204301074 0.41835443037974684 0.30268817204301074 0.4588607594936709 0.2768817204301075 0.4588607594936709
14 0.30806451612903224 0.41835443037974684 0.3338709677419355 0.41835443037974684 0.3338709677419355 0.45949367088607596 0.30806451612903224 0.45949367088607596
36 0.3403225806451613 0.41835443037974684 0.3478494623655914 0.41835443037974684 0.3478494623655914 0.44430379746835447 0.3403225806451613 0.44430379746835447
1 0.3532258064516129 0.41835443037974684 0.3661290322580645 0.41835443037974684 0.3661290322580645 0.45949367088607596 0.3532258064516129 0.45949367088607596
1 0.3741935483870968 0.41835443037974684 0.3913978494623656 0.41835443037974684 0.3913978494623656 0.45949367088607596 0.3741935483870968 0.45949367088607596
37 0.3967741935483871 0.41835443037974684 0.42258064516129035 0.41835443037974684 0.42258064516129035 0.4487341772151899 0.3967741935483871 0.4487341772151899
2 0.4295698924731183 0.41835443037974684 0.4553763440860215 0.41835443037974684 0.4553763440860215 0.4588607594936709 0.4295698924731183 0.4588607594936709
6 0.46182795698924733 0.41835443037974684 0.48118279569892475 0.41835443037974684 0.48118279569892475 0.45949367088607596 0.46182795698924733 0.45949367088607596
37 0.48870967741935484 0.41835443037974684 0.5145161290322581 0.41835443037974684 0.5145161290322581 0.4487341772151899 0.48870967741935484 0.4487341772151899
2 0.5209677419354839 0.41835443037974684 0.5467741935483871 0.41835443037974684 0.5467741935483871 0.45949367088607596 0.5209677419354839 0.45949367088607596
0 0.5543010752688172 0.41835443037974684 0.5801075268817204 0.41835443037974684 0.5801075268817204 0.4588607594936709 0.5543010752688172 0.4588607594936709
2 0.5865591397849462 0.41835443037974684 0.6059139784946237 0.41835443037974684 0.6059139784946237 0.45949367088607596 0.5865591397849462 0.45949367088607596
4 0.6134408602150537 0.41835443037974684 0.6392473118279569 0.41835443037974684 0.6392473118279569 0.4588607594936709 0.6134408602150537 0.4588607594936709
33 0.25 0.4670886075949367 0.27580645161290324 0.4670886075949367 0.27580645161290324 0.5075949367088608 0.25 0.5075949367088608
15 0.2817204301075269 0.4670886075949367 0.3010752688172043 0.4670886075949367 0.3010752688172043 0.5082278481012659 0.2817204301075269 0.5082278481012659
27 0.306989247311828 0.4670886075949367 0.3263440860215054 0.4670886075949367 0.3263440860215054 0.5082278481012659 0.306989247311828 0.5082278481012659
36 0.3333333333333333 0.4670886075949367 0.34516129032258064 0.4670886075949367 0.34516129032258064 0.49746835443037973 0.3333333333333333 0.49746835443037973
0 0.35053763440860214 0.4670886075949367 0.3763440860215054 0.4670886075949367 0.3763440860215054 0.5075949367088608 0.35053763440860214 0.5075949367088608
3 0.3817204301075269 0.4670886075949367 0.4075268817204301 0.4670886075949367 0.4075268817204301 0.5075949367088608 0.3817204301075269 0.5075949367088608
37 0.4134408602150538 0.4670886075949367 0.439247311827957 0.4670886075949367 0.439247311827957 0.49746835443037973 0.4134408602150538 0.49746835443037973
2 0.4446236559139785 0.4670886075949367 0.47043010752688175 0.4670886075949367 0.47043010752688175 0.5082278481012659 0.4446236559139785 0.5082278481012659
7 0.478494623655914 0.4670886075949367 0.4978494623655914 0.4670886075949367 0.4978494623655914 0.5082278481012659 0.478494623655914 0.5082278481012659
37 0.5037634408602151 0.4670886075949367 0.5295698924731183 0.4670886075949367 0.5295698924731183 0.4981012658227848 0.5037634408602151 0.4981012658227848
2 0.5360215053763441 0.4670886075949367 0.5618279569892473 0.4670886075949367 0.5618279569892473 0.5082278481012659 0.5360215053763441 0.5082278481012659
0 0.5698924731182796 0.4670886075949367 0.5956989247311828 0.4670886075949367 0.5956989247311828 0.5075949367088608 0.5698924731182796 0.5075949367088608
2 0.603225806451613 0.4670886075949367 0.6290322580645161 0.4670886075949367 0.6290322580645161 0.5082278481012659 0.603225806451613 0.5082278481012659
5 0.6349462365591397 0.4670886075949367 0.6607526881720429 0.4670886075949367 0.6607526881720429 0.5075949367088608 0.6349462365591397 0.5075949367088608
