26 0.25 0.49050632911392406 0.2693548387096774 0.49050632911392406 0.2693548387096774 0.5316455696202531 0.25 0.5316455696202531
31 0.2752688172043011 0.49050632911392406 0.3010752688172043 0.49050632911392406 0.3010752688172043 0.5310126582278482 0.2752688172043011 0.5310126582278482
23 0.30913978494623656 0.49050632911392406 0.328494623655914 0.49050632911392406 0.328494623655914 0.5316455696202531 0.30913978494623656 0.5316455696202531
36 0.33440860215053764 0.49050632911392406 0.3419354838709677 0.49050632911392406 0.3419354838709677 0.5170886075949367 0.33440860215053764 0.5170886075949367
0 0.34946236559139787 0.49050632911392406 0.3752688172043011 0.49050632911392406 0.3752688172043011 0.5310126582278482 0.34946236559139787 0.5310126582278482
5 0.38064516129032255 0.49050632911392406 0.4064516129032258 0.49050632911392406 0.4064516129032258 0.5310126582278482 0.38064516129032255 0.5310126582278482
37 0.4129032258064516 0.49050632911392406 0.43870967741935485 0.49050632911392406 0.43870967741935485 0.5208860759493671 0.4129032258064516 0.5208860759493671
1 0.44516129032258067 0.49050632911392406 0.4591397849462366 0.49050632911392406 0.4591397849462366 0.5316455696202531 0.44516129032258067 0.5316455696202531
5 0.4661290322580645 0.49050632911392406 0.49193548387096775 0.49050632911392406 0.49193548387096775 0.5310126582278482 0.4661290322580645 0.5310126582278482
37 0.49838709677419357 0.49050632911392406 0.5241935483870968 0.49050632911392406 0.5241935483870968 0.5208860759493671 0.49838709677419357 0.5208860759493671
2 0.5311827956989247 0.49050632911392406 0.5569892473118279 0.49050632911392406 0.5569892473118279 0.5310126582278482 0.5311827956989247 0.5310126582278482
0 0.5650537634408602 0.49050632911392406 0.5908602150537634 0.49050632911392406 0.5908602150537634 0.5316455696202531 0.5650537634408602 0.5316455696202531
2 0.5983870967741935 0.49050632911392406 0.617741935483871 0.49050632911392406 0.617741935483871 0.5316455696202531 0.5983870967741935 0.5316455696202531
5 0.625268817204301 0.49050632911392406 0.6510752688172042 0.49050632911392406 0.6510752688172042 0.5310126582278482 0.625268817204301 0.5310126582278482
27 0.25 0.5392405063291139 0.2693548387096774 0.5392405063291139 0.2693548387096774 0.580379746835443 0.25 0.580379746835443
18 0.2768817204301075 0.5392405063291139 0.2940860215053763 0.5392405063291139 0.2940860215053763 0.579746835443038 0.2768817204301075 0.579746835443038
13 0.3 0.5392405063291139 0.3258064516129032 0.5392405063291139 0.3258064516129032 0.579746835443038 0.3 0.579746835443038
36 0.3317204301075269 0.5392405063291139 0.3435483870967742 0.5392405063291139 0.3435483870967742 0.569620253164557 0.3317204301075269 0.569620253164557
0 0.35161290322580646 0.5392405063291139 0.3774193548387097 0.5392405063291139 0.3774193548387097 0.579746835443038 0.35161290322580646 0.579746835443038
7 0.38387096774193546 0.5392405063291139 0.4096774193548387 0.5392405063291139 0.4096774193548387 0.579746835443038 0.38387096774193546 0.579746835443038
37 0.4166666666666667 0.5392405063291139 0.44193548387096776 0.5392405063291139 0.44193548387096776 0.5689873417721519 0.4166666666666667 0.5689873417721519
2 0.4483870967741935 0.5392405063291139 0.46774193548387094 0.5392405063291139 0.46774193548387094 0.580379746835443 0.4483870967741935 0.580379746835443
5 0.47580645161290325 0.5392405063291139 0.5016129032258064 0.5392405063291139 0.5016129032258064 0.580379746835443 0.47580645161290325 0.580379746835443
37 0.5069892473118279 0.5392405063291139 0.5284946236559139 0.5392405063291139 0.5284946236559139 0.5645569620253165 0.5069892473118279 0.5645569620253165
2 0.5349462365591398 0.5392405063291139 0.5607526881720429 0.5392405063291139 0.5607526881720429 0.579746835443038 0.5349462365591398 0.579746835443038
0 0.5688172043010753 0.5392405063291139 0.5946236559139785 0.5392405063291139 0.5946236559139785 0.579746835443038 0.5688172043010753 0.579746835443038
2 0.6021505376344086 0.5392405063291139 0.6279569892473118 0.5392405063291139 0.6279569892473118 0.579746835443038 0.6021505376344086 0.579746835443038
5 0.6349462365591397 0.5392405063291139 0.6607526881720429 0.5392405063291139 0.6607526881720429 0.579746835443038 0.6349462365591397 0.579746835443038
