18 0.25 0.3620253164556962 0.2672043010752688 0.3620253164556962 0.2672043010752688 0.40253164556962023 0.25 0.40253164556962023
25 0.27419354838709675 0.3620253164556962 0.3 0.3620253164556962 0.3 0.40253164556962023 0.27419354838709675 0.40253164556962023
30 0.3064516129032258 0.3620253164556962 0.33225806451612905 0.3620253164556962 0.33225806451612905 0.4031645569620253 0.3064516129032258 0.4031645569620253
36 0.33763440860215055 0.3620253164556962 0.34946236559139787 0.3620253164556962 0.34946236559139787 0.3924050632911392 0.33763440860215055 0.3924050632911392
1 0.35698924731182796 0.3620253164556962 0.36989247311827955 0.3620253164556962 0.36989247311827955 0.4031645569620253 0.35698924731182796 0.4031645569620253
2 0.37526881720430105 0.3620253164556962 0.4010752688172043 0.3620253164556962 0.4010752688172043 0.40253164556962023 0.37526881720430105 0.40253164556962023
37 0.40860215053763443 0.3620253164556962 0.43440860215053767 0.3620253164556962 0.43440860215053767 0.3930379746835443 0.40860215053763443 0.3930379746835443
0 0.4403225806451613 0.3620253164556962 0.4661290322580645 0.3620253164556962 0.4661290322580645 0.4031645569620253 0.4403225806451613 0.4031645569620253
6 0.4731182795698925 0.3620253164556962 0.4924731182795699 0.3620253164556962 0.4924731182795699 0.4031645569620253 0.4731182795698925 0.4031645569620253
37 0.4978494623655914 0.3620253164556962 0.5236559139784946 0.3620253164556962 0.5236559139784946 0.3924050632911392 0.4978494623655914 0.3924050632911392
2 0.5301075268817205 0.3620253164556962 0.5494623655913979 0.3620253164556962 0.5494623655913979 0.4031645569620253 0.5301075268817205 0.4031645569620253
0 0.5559139784946237 0.3620253164556962 0.5817204301075268 0.3620253164556962 0.5817204301075268 0.40253164556962023 0.5559139784946237 0.40253164556962023
2 0.5876344086021505 0.3620253164556962 0.6134408602150537 0.3620253164556962 0.6134408602150537 0.40253164556962023 0.5876344086021505 0.40253164556962023
4 0.6198924731182796 0.3620253164556962 0.6456989247311827 0.3620253164556962 0.6456989247311827 0.40253164556962023 0.6198924731182796 0.40253164556962023
21 0.25 0.4107594936708861 0.2693548387096774 0.4107594936708861 0.2693548387096774 0.4518987341772152 0.25 0.4518987341772152
21 0.2763440860215054 0.4107594936708861 0.2956989247311828 0.4107594936708861 0.2956989247311828 0.4518987341772152 0.2763440860215054 0.4518987341772152
16 0.3010752688172043 0.4107594936708861 0.32688172043010755 0.4107594936708861 0.32688172043010755 0.45126582278481014 0.3010752688172043 0.45126582278481014
36 0.33225806451612905 0.4107594936708861 0.34408602150537637 0.4107594936708861 0.34408602150537637 0.44113924050632913 0.33225806451612905 0.44113924050632913
0 0.35053763440860214 0.4107594936708861 0.3763440860215054 0.4107594936708861 0.3763440860215054 0.45126582278481014 0.35053763440860214 0.45126582278481014
7 0.3817204301075269 0.4107594936708861 0.4010752688172043 0.4107594936708861 0.4010752688172043 0.4518987341772152 0.3817204301075269 0.4518987341772152
37 0.4080645161290323 0.4107594936708861 0.4338709677419355 0.4107594936708861 0.4338709677419355 0.44113924050632913 0.4080645161290323 0.44113924050632913
3 0.4413978494623656 0.4107594936708861 0.46720430107526884 0.4107594936708861 0.46720430107526884 0.45126582278481014 0.4413978494623656 0.45126582278481014
0 0.47258064516129034 0.4107594936708861 0.49838709677419357 0.4107594936708861 0.49838709677419357 0.4518987341772152 0.47258064516129034 0.4518987341772152
37 0.5064516129032258 0.4107594936708861 0.532258064516129 0.4107594936708861 0.532258064516129 0.44113924050632913 0.5064516129032258 0.44113924050632913
2 0.5397849462365591 0.4107594936708861 0.5655913978494623 0.4107594936708861 0.5655913978494623 0.45126582278481014 0.5397849462365591 0.45126582278481014
0 0.5709677419354838 0.4107594936708861 0.596774193548387 0.4107594936708861 0.596774193548387 0.45126582278481014 0.5709677419354838 0.45126582278481014
2 0.6048387096774194 0.4107594936708861 0.6306451612903226 0.4107594936708861 0.6306451612903226 0.45126582278481014 0.6048387096774194 0.45126582278481014
5 0.6376344086021506 0.4107594936708861 0.6634408602150538 0.4107594936708861 0.6634408602150538 0.45126582278481014 0.6376344086021506 0.45126582278481014
