31 0.25 0.6012658227848101 0.27580645161290324 0.6012658227848101 0.27580645161290324 0.6417721518987342 0.25 0.6417721518987342
11 0.2833333333333333 0.6012658227848101 0.30268817204301074 0.6012658227848101 0.30268817204301074 0.6424050632911392 0.2833333333333333 0.6424050632911392
13 0.30913978494623656 0.6012658227848101 0.328494623655914 0.6012658227848101 0.328494623655914 0.6424050632911392 0.30913978494623656 0.6424050632911392
36 0.3338709677419355 0.6012658227848101 0.34139784946236557 0.6012658227848101 0.34139784946236557 0.6272151898734177 0.3338709677419355 0.6272151898734177
1 0.3467741935483871 0.6012658227848101 0.3596774193548387 0.6012658227848101 0.3596774193548387 0.6424050632911392 0.3467741935483871 0.6424050632911392
1 0.3655913978494624 0.6012658227848101 0.3790322580645161 0.6012658227848101 0.3790322580645161 0.6424050632911392 0.3655913978494624 0.6424050632911392
37 0.3849462365591398 0.6012658227848101 0.410752688172043 0.6012658227848101 0.410752688172043 0.6316455696202532 0.3849462365591398 0.6316455696202532
2 0.4161290322580645 0.6012658227848101 0.43548387096774194 0.6012658227848101 0.43548387096774194 0.6424050632911392 0.4161290322580645 0.6424050632911392
5 0.44086021505376344 0.6012658227848101 0.46021505376344085 0.6012658227848101 0.46021505376344085 0.6424050632911392 0.44086021505376344 0.6424050632911392
37 0.4661290322580645 0.6012658227848101 0.49193548387096775 0.6012658227848101 0.49193548387096775 0.6316455696202532 0.4661290322580645 0.6316455696202532
2 0.4989247311827957 0.6012658227848101 0.5247311827956989 0.6012658227848101 0.5247311827956989 0.6417721518987342 0.4989247311827957 0.6417721518987342
0 0.532258064516129 0.6012658227848101 0.5580645161290322 0.6012658227848101 0.5580645161290322 0.6424050632911392 0.532258064516129 0.6424050632911392
2 0.5639784946236559 0.6012658227848101 0.5897849462365591 0.6012658227848101 0.5897849462365591 0.6417721518987342 0.5639784946236559 0.6417721518987342
4 0.5978494623655914 0.6012658227848101 0.6172043010752689 0.6012658227848101 0.6172043010752689 0.6424050632911392 0.5978494623655914 0.6424050632911392
34 0.25 0.65 0.27580645161290324 0.65 0.27580645161290324 0.6905063291139241 0.25 0.6905063291139241
24 0.28118279569892474 0.65 0.306989247311828 0.65 0.306989247311828 0.6905063291139241 0.28118279569892474 0.6905063291139241
11 0.31451612903225806 0.65 0.3403225806451613 0.65 0.3403225806451613 0.6905063291139241 0.31451612903225806 0.6905063291139241
36 0.3478494623655914 0.65 0.3596774193548387 0.65 0.3596774193548387 0.6803797468354431 0.3478494623655914 0.6803797468354431
0 0.3655913978494624 0.65 0.3849462365591398 0.65 0.3849462365591398 0.6911392405063291 0.3655913978494624 0.6911392405063291
5 0.39301075268817204 0.65 0.4188172043010753 0.65 0.4188172043010753 0.6905063291139241 0.39301075268817204 0.6905063291139241
37 0.4268817204301075 0.65 0.45268817204301076 0.65 0.45268817204301076 0.6803797468354431 0.4268817204301075 0.6803797468354431
2 0.4586021505376344 0.65 0.48440860215053766 0.65 0.48440860215053766 0.6905063291139241 0.4586021505376344 0.6905063291139241
0 0.4913978494623656 0.65 0.5172043010752688 0.65 0.5172043010752688 0.6905063291139241 0.4913978494623656 0.6905063291139241
37 0.524731182795699 0.65 0.5505376344086022 0.65 0.5505376344086022 0.6803797468354431 0.524731182795699 0.6803797468354431
2 0.5564516129032258 0.65 0.5822580645161289 0.65 0.5822580645161289 0.6905063291139241 0.5564516129032258 0.6905063291139241
0 0.5897849462365592 0.65 0.6155913978494624 0.65 0.6155913978494624 0.6905063291139241 0.5897849462365592 0.6905063291139241
2 0.6225806451612903 0.65 0.6483870967741935 0.65 0.6483870967741935 0.6911392405063291 0.6225806451612903 0.6911392405063291
5 0.6548387096774193 0.65 0.6806451612903225 0.65 0.6806451612903225 0.6905063291139241 0.6548387096774193 0.6905063291139241
