18 0.25 0.5639240506329114 0.2672043010752688 0.5639240506329114 0.2672043010752688 0.6044303797468354 0.25 0.6044303797468354
35 0.27365591397849465 0.5639240506329114 0.29301075268817206 0.5639240506329114 0.29301075268817206 0.6050632911392405 0.27365591397849465 0.6050632911392405
24 0.2989247311827957 0.5639240506329114 0.32473118279569896 0.5639240506329114 0.32473118279569896 0.6044303797468354 0.2989247311827957 0.6044303797468354
36 0.33225806451612905 0.5639240506329114 0.34408602150537637 0.5639240506329114 0.34408602150537637 0.5943037974683545 0.33225806451612905 0.5943037974683545
1 0.35 0.5639240506329114 0.3672043010752688 0.5639240506329114 0.3672043010752688 0.6044303797468354 0.35 0.6044303797468354
2 0.37473118279569895 0.5639240506329114 0.39408602150537636 0.5639240506329114 0.39408602150537636 0.6050632911392405 0.37473118279569895 0.6050632911392405
37 0.40053763440860213 0.5639240506329114 0.42634408602150536 0.5639240506329114 0.42634408602150536 0.5949367088607596 0.40053763440860213 0.5949367088607596
2 0.4327956989247312 0.5639240506329114 0.4521505376344086 0.5639240506329114 0.4521505376344086 0.6050632911392405 0.4327956989247312 0.6050632911392405
8 0.45806451612903226 0.5639240506329114 0.4838709677419355 0.5639240506329114 0.4838709677419355 0.6050632911392405 0.45806451612903226 0.6050632911392405
37 0.4913978494623656 0.5639240506329114 0.5172043010752688 0.5639240506329114 0.5172043010752688 0.5943037974683545 0.4913978494623656 0.5943037974683545
2 0.5225806451612903 0.5639240506329114 0.5483870967741935 0.5639240506329114 0.5483870967741935 0.6044303797468354 0.5225806451612903 0.6044303797468354
0 0.5553763440860215 0.5639240506329114 0.574731182795699 0.5639240506329114 0.574731182795699 0.6050632911392405 0.5553763440860215 0.6050632911392405
2 0.582258064516129 0.5639240506329114 0.6016129032258065 0.5639240506329114 0.6016129032258065 0.6050632911392405 0.582258064516129 0.6050632911392405
4 0.6075268817204301 0.5639240506329114 0.6268817204301076 0.5639240506329114 0.6268817204301076 0.6050632911392405 0.6075268817204301 0.6050632911392405
14 0.25 0.6126582278481013 0.27580645161290324 0.6126582278481013 0.27580645161290324 0.6531645569620254 0.25 0.6531645569620254
12 0.28279569892473116 0.6126582278481013 0.3086021505376344 0.6126582278481013 0.3086021505376344 0.6531645569620254 0.28279569892473116 0.6531645569620254
35 0.3161290322580645 0.6126582278481013 0.3419354838709677 0.6126582278481013 0.3419354838709677 0.6531645569620254 0.3161290322580645 0.6531645569620254
36 0.3478494623655914 0.6126582278481013 0.360752688172043 0.6126582278481013 0.360752688172043 0.6436708860759495 0.3478494623655914 0.6436708860759495
0 0.36666666666666664 0.6126582278481013 0.3924731182795699 0.6126582278481013 0.3924731182795699 0.6531645569620254 0.36666666666666664 0.6531645569620254
5 0.4 0.6126582278481013 0.42580645161290326 0.6126582278481013 0.42580645161290326 0.6531645569620254 0.4 0.6531645569620254
37 0.43333333333333335 0.6126582278481013 0.4591397849462366 0.6126582278481013 0.4591397849462366 0.6430379746835444 0.43333333333333335 0.6430379746835444
1 0.46720430107526884 0.6126582278481013 0.48440860215053766 0.6126582278481013 0.48440860215053766 0.6531645569620254 0.46720430107526884 0.6531645569620254
9 0.4913978494623656 0.6126582278481013 0.510752688172043 0.6126582278481013 0.510752688172043 0.6537974683544304 0.4913978494623656 0.6537974683544304
37 0.5177419354838709 0.6126582278481013 0.5435483870967741 0.6126582278481013 0.5435483870967741 0.6430379746835444 0.5177419354838709 0.6430379746835444
2 0.5516129032258065 0.6126582278481013 0.5774193548387097 0.6126582278481013 0.5774193548387097 0.6531645569620254 0.5516129032258065 0.6531645569620254
0 0.5827956989247312 0.6126582278481013 0.6086021505376343 0.6126582278481013 0.6086021505376343 0.6531645569620254 0.5827956989247312 0.6531645569620254
2 0.614516129032258 0.6126582278481013 0.6338709677419355 0.6126582278481013 0.6338709677419355 0.6537974683544304 0.614516129032258 0.6537974683544304
5 0.6397849462365591 0.6126582278481013 0.6655913978494623 0.6126582278481013 0.6655913978494623 0.6531645569620254 0.6397849462365591 0.6531645569620254
