28 0.25 0.5449367088607595 0.27580645161290324 0.5449367088607595 0.27580645161290324 0.5854430379746836 0.25 0.5854430379746836
12 0.28225806451612906 0.5449367088607595 0.3016129032258065 0.5449367088607595 0.3016129032258065 0.5860759493670886 0.28225806451612906 0.5860759493670886
15 0.3096774193548387 0.5449367088607595 0.32903225806451614 0.5449367088607595 0.32903225806451614 0.5860759493670886 0.3096774193548387 0.5860759493670886
36 0.33440860215053764 0.5449367088607595 0.3419354838709677 0.5449367088607595 0.3419354838709677 0.5715189873417722 0.33440860215053764 0.5715189873417722
0 0.34838709677419355 0.5449367088607595 0.3741935483870968 0.5449367088607595 0.3741935483870968 0.5854430379746836 0.34838709677419355 0.5854430379746836
8 0.3795698924731183 0.5449367088607595 0.4053763440860215 0.5449367088607595 0.4053763440860215 0.5854430379746836 0.3795698924731183 0.5854430379746836
37 0.4134408602150538 0.5449367088607595 0.439247311827957 0.5449367088607595 0.439247311827957 0.5753164556962026 0.4134408602150538 0.5753164556962026
0 0.44516129032258067 0.5449367088607595 0.4709677419354839 0.5449367088607595 0.4709677419354839 0.5860759493670886 0.44516129032258067 0.5860759493670886
7 0.47795698924731184 0.5449367088607595 0.49731182795698925 0.5449367088607595 0.49731182795698925 0.5854430379746836 0.47795698924731184 0.5854430379746836
37 0.5026881720430108 0.5449367088607595 0.5284946236559139 0.5449367088607595 0.5284946236559139 0.5746835443037975 0.5026881720430108 0.5746835443037975
2 0.535483870967742 0.5449367088607595 0.5548387096774194 0.5449367088607595 0.5548387096774194 0.5860759493670886 0.535483870967742 0.5860759493670886
0 0.5629032258064516 0.5449367088607595 0.5887096774193548 0.5449367088607595 0.5887096774193548 0.5854430379746836 0.5629032258064516 0.5854430379746836
2 0.5962365591397849 0.5449367088607595 0.6220430107526881 0.5449367088607595 0.6220430107526881 0.5854430379746836 0.5962365591397849 0.5854430379746836
5 0.6290322580645161 0.5449367088607595 0.6483870967741936 0.5449367088607595 0.6483870967741936 0.5860759493670886 0.6290322580645161 0.5860759493670886
25 0.25 0.5936708860759494 0.27580645161290324 0.5936708860759494 0.27580645161290324 0.6348101265822785 0.25 0.6348101265822785
32 0.28118279569892474 0.5936708860759494 0.306989247311828 0.5936708860759494 0.306989247311828 0.6348101265822785 0.28118279569892474 0.6348101265822785
10 0.3139784946236559 0.5936708860759494 0.3333333333333333 0.5936708860759494 0.3333333333333333 0.6341772151898735 0.3139784946236559 0.6341772151898735
36 0.34139784946236557 0.5936708860759494 0.35430107526881716 0.5936708860759494 0.35430107526881716 0.6240506329113925 0.34139784946236557 0.6240506329113925
0 0.3602150537634409 0.5936708860759494 0.3860215053763441 0.5936708860759494 0.3860215053763441 0.6348101265822785 0.3602150537634409 0.6348101265822785
2 0.39408602150537636 0.5936708860759494 0.4198924731182796 0.5936708860759494 0.4198924731182796 0.6341772151898735 0.39408602150537636 0.6341772151898735
37 0.42795698924731185 0.5936708860759494 0.4537634408602151 0.5936708860759494 0.4537634408602151 0.6246835443037975 0.42795698924731185 0.6246835443037975
0 0.4612903225806452 0.5936708860759494 0.4870967741935484 0.5936708860759494 0.4870967741935484 0.6341772151898735 0.4612903225806452 0.6341772151898735
5 0.4946236559139785 0.5936708860759494 0.513978494623656 0.5936708860759494 0.513978494623656 0.6348101265822785 0.4946236559139785 0.6348101265822785
37 0.5198924731182796 0.5936708860759494 0.5456989247311828 0.5936708860759494 0.5456989247311828 0.6246835443037975 0.5198924731182796 0.6246835443037975
2 0.553763440860215 0.5936708860759494 0.5795698924731182 0.5936708860759494 0.5795698924731182 0.6341772151898735 0.553763440860215 0.6341772151898735
0 0.5876344086021505 0.5936708860759494 0.6134408602150537 0.5936708860759494 0.6134408602150537 0.6341772151898735 0.5876344086021505 0.6341772151898735
2 0.6209677419354839 0.5936708860759494 0.6403225806451613 0.5936708860759494 0.6403225806451613 0.6348101265822785 0.6209677419354839 0.6348101265822785
5 0.646236559139785 0.5936708860759494 0.6720430107526881 0.5936708860759494 0.6720430107526881 0.6341772151898735 0.646236559139785 0.6341772151898735
