26 0.25 0.35253164556962024 0.27580645161290324 0.35253164556962024 0.27580645161290324 0.3930379746835443 0.25 0.3930379746835443
29 0.2833333333333333 0.35253164556962024 0.30913978494623656 0.35253164556962024 0.30913978494623656 0.3930379746835443 0.2833333333333333 0.3930379746835443
35 0.3155913978494624 0.35253164556962024 0.3349462365591398 0.35253164556962024 0.3349462365591398 0.39367088607594936 0.3155913978494624 0.39367088607594936
36 0.34086021505376346 0.35253164556962024 0.34838709677419355 0.35253164556962024 0.34838709677419355 0.37848101265822787 0.34086021505376346 0.37848101265822787
1 0.3564516129032258 0.35253164556962024 0.3693548387096774 0.35253164556962024 0.3693548387096774 0.39367088607594936 0.3564516129032258 0.39367088607594936
0 0.37526881720430105 0.35253164556962024 0.4010752688172043 0.35253164556962024 0.4010752688172043 0.3930379746835443 0.37526881720430105 0.3930379746835443
37 0.40698924731182795 0.35253164556962024 0.4327956989247312 0.35253164556962024 0.4327956989247312 0.3829113924050633 0.40698924731182795 0.3829113924050633
1 0.4381720430107527 0.35253164556962024 0.4510752688172043 0.35253164556962024 0.4510752688172043 0.39367088607594936 0.4381720430107527 0.39367088607594936
4 0.45645161290322583 0.35253164556962024 0.4817204301075269 0.35253164556962024 0.4817204301075269 0.3930379746835443 0.45645161290322583 0.3930379746835443
37 0.4881720430107527 0.35253164556962024 0.5139784946236559 0.35253164556962024 0.5139784946236559 0.3822784810126582 0.4881720430107527 0.3822784810126582
2 0.5209677419354839 0.35253164556962024 0.5467741935483871 0.35253164556962024 0.5467741935483871 0.3930379746835443 0.5209677419354839 0.3930379746835443
0 0.553763440860215 0.35253164556962024 0.5731182795698925 0.35253164556962024 0.5731182795698925 0.39367088607594936 0.553763440860215 0.39367088607594936
2 0.5811827956989247 0.35253164556962024 0.6069892473118279 0.35253164556962024 0.6069892473118279 0.39367088607594936 0.5811827956989247 0.39367088607594936
5 0.6150537634408603 0.35253164556962024 0.6408602150537634 0.35253164556962024 0.6408602150537634 0.3930379746835443 0.6150537634408603 0.3930379746835443
16 0.25 0.4012658227848101 0.27580645161290324 0.4012658227848101 0.27580645161290324 0.4424050632911392 0.25 0.4424050632911392
13 0.28225806451612906 0.4012658227848101 0.3016129032258065 0.4012658227848101 0.3016129032258065 0.4424050632911392 0.28225806451612906 0.4424050632911392
23 0.306989247311828 0.4012658227848101 0.3327956989247312 0.4012658227848101 0.3327956989247312 0.44177215189873414 0.306989247311828 0.44177215189873414
36 0.33978494623655914 0.4012658227848101 0.35268817204301073 0.4012658227848101 0.35268817204301073 0.43164556962025313 0.33978494623655914 0.43164556962025313
0 0.36075268817204303 0.4012658227848101 0.38655913978494627 0.4012658227848101 0.38655913978494627 0.4424050632911392 0.36075268817204303 0.4424050632911392
4 0.3924731182795699 0.4012658227848101 0.4182795698924731 0.4012658227848101 0.4182795698924731 0.44177215189873414 0.3924731182795699 0.44177215189873414
37 0.4258064516129032 0.4012658227848101 0.45161290322580644 0.4012658227848101 0.45161290322580644 0.4322784810126582 0.4258064516129032 0.4322784810126582
2 0.4596774193548387 0.4012658227848101 0.4854838709677419 0.4012658227848101 0.4854838709677419 0.44177215189873414 0.4596774193548387 0.44177215189873414
1 0.4908602150537634 0.4012658227848101 0.5080645161290323 0.4012658227848101 0.5080645161290323 0.44177215189873414 0.4908602150537634 0.44177215189873414
37 0.5161290322580645 0.4012658227848101 0.5419354838709677 0.4012658227848101 0.5419354838709677 0.4322784810126582 0.5161290322580645 0.4322784810126582
2 0.5473118279569893 0.4012658227848101 0.5666666666666668 0.4012658227848101 0.5666666666666668 0.4424050632911392 0.5473118279569893 0.4424050632911392
0 0.5725806451612904 0.4012658227848101 0.5919354838709678 0.4012658227848101 0.5919354838709678 0.4424050632911392 0.5725806451612904 0.4424050632911392
2 0.5978494623655914 0.4012658227848101 0.6236559139784946 0.4012658227848101 0.6236559139784946 0.44177215189873414 0.5978494623655914 0.44177215189873414
5 0.6306451612903226 0.4012658227848101 0.6564516129032257 0.4012658227848101 0.6564516129032257 0.44177215189873414 0.6306451612903226 0.44177215189873414
