30 0.25 0.4620253164556962 0.27580645161290324 0.4620253164556962 0.27580645161290324 0.5025316455696203 0.25 0.5025316455696203
27 0.28118279569892474 0.4620253164556962 0.306989247311828 0.4620253164556962 0.306989247311828 0.5025316455696203 0.28118279569892474 0.5025316455696203
32 0.3150537634408602 0.4620253164556962 0.34086021505376346 0.4620253164556962 0.34086021505376346 0.5025316455696203 0.3150537634408602 0.5025316455696203
36 0.3489247311827957 0.4620253164556962 0.36075268817204303 0.4620253164556962 0.36075268817204303 0.49240506329113926 0.3489247311827957 0.49240506329113926
1 0.36774193548387096 0.4620253164556962 0.3849462365591398 0.4620253164556962 0.3849462365591398 0.5025316455696203 0.36774193548387096 0.5025316455696203
0 0.3919354838709677 0.4620253164556962 0.41774193548387095 0.4620253164556962 0.41774193548387095 0.5025316455696203 0.3919354838709677 0.5025316455696203
37 0.42311827956989245 0.4620253164556962 0.4489247311827957 0.4620253164556962 0.4489247311827957 0.49240506329113926 0.42311827956989245 0.49240506329113926
1 0.45483870967741935 0.4620253164556962 0.46774193548387094 0.4620253164556962 0.46774193548387094 0.5031645569620253 0.45483870967741935 0.5031645569620253
3 0.47580645161290325 0.4620253164556962 0.49516129032258066 0.4620253164556962 0.49516129032258066 0.5031645569620253 0.47580645161290325 0.5031645569620253
37 0.5032258064516129 0.4620253164556962 0.529032258064516 0.4620253164556962 0.529032258064516 0.49240506329113926 0.5032258064516129 0.49240506329113926
2 0.5370967741935484 0.4620253164556962 0.5564516129032259 0.4620253164556962 0.5564516129032259 0.5031645569620253 0.5370967741935484 0.5031645569620253
0 0.5623655913978495 0.4620253164556962 0.5881720430107527 0.4620253164556962 0.5881720430107527 0.5025316455696203 0.5623655913978495 0.5025316455696203
2 0.5946236559139785 0.4620253164556962 0.6204301075268817 0.4620253164556962 0.6204301075268817 0.5025316455696203 0.5946236559139785 0.5025316455696203
5 0.6274193548387097 0.4620253164556962 0.6467741935483872 0.4620253164556962 0.6467741935483872 0.5031645569620253 0.6274193548387097 0.5031645569620253
30 0.25 0.510759493670886 0.27580645161290324 0.510759493670886 0.27580645161290324 0.5512658227848101 0.25 0.5512658227848101
24 0.2817204301075269 0.510759493670886 0.3010752688172043 0.510759493670886 0.3010752688172043 0.5518987341772151 0.2817204301075269 0.5518987341772151
33 0.30752688172043013 0.510759493670886 0.33333333333333337 0.510759493670886 0.33333333333333337 0.5512658227848101 0.30752688172043013 0.5512658227848101
36 0.34086021505376346 0.510759493670886 0.3526881720430108 0.510759493670886 0.3526881720430108 0.5411392405063291 0.34086021505376346 0.5411392405063291
1 0.35913978494623655 0.510759493670886 0.3709677419354839 0.510759493670886 0.3709677419354839 0.5512658227848101 0.35913978494623655 0.5512658227848101
2 0.37688172043010754 0.510759493670886 0.4026881720430108 0.510759493670886 0.4026881720430108 0.5512658227848101 0.37688172043010754 0.5512658227848101
37 0.41021505376344086 0.510759493670886 0.4360215053763441 0.510759493670886 0.4360215053763441 0.5411392405063291 0.41021505376344086 0.5411392405063291
0 0.44408602150537635 0.510759493670886 0.4698924731182796 0.510759493670886 0.4698924731182796 0.5512658227848101 0.44408602150537635 0.5512658227848101
4 0.47634408602150535 0.510759493670886 0.5021505376344085 0.510759493670886 0.5021505376344085 0.5512658227848101 0.47634408602150535 0.5512658227848101
37 0.5096774193548387 0.510759493670886 0.5354838709677419 0.510759493670886 0.5354838709677419 0.540506329113924 0.5096774193548387 0.540506329113924
2 0.5435483870967742 0.510759493670886 0.5693548387096774 0.510759493670886 0.5693548387096774 0.5518987341772151 0.5435483870967742 0.5518987341772151
0 0.5747311827956989 0.510759493670886 0.5940860215053764 0.510759493670886 0.5940860215053764 0.5518987341772151 0.5747311827956989 0.5518987341772151
2 0.6010752688172043 0.510759493670886 0.6268817204301075 0.510759493670886 0.6268817204301075 0.5518987341772151 0.6010752688172043 0.5518987341772151
4 0.6333333333333333 0.510759493670886 0.6580645161290323 0.510759493670886 0.6580645161290323 0.5512658227848101 0.6333333333333333 0.5512658227848101
