18 0.25 0.39177215189873416 0.2672043010752688 0.39177215189873416 0.2672043010752688 0.4322784810126582 0.25 0.4322784810126582
19 0.2747311827956989 0.39177215189873416 0.2940860215053763 0.39177215189873416 0.2940860215053763 0.43291139240506327 0.2747311827956989 0.43291139240506327
14 0.30053763440860215 0.39177215189873416 0.31989247311827956 0.39177215189873416 0.31989247311827956 0.43291139240506327 0.30053763440860215 0.43291139240506327
36 0.3279569892473118 0.39177215189873416 0.3354838709677419 0.39177215189873416 0.3354838709677419 0.4177215189873418 0.3279569892473118 0.4177215189873418
1 0.34301075268817205 0.39177215189873416 0.35698924731182796 0.39177215189873416 0.35698924731182796 0.43291139240506327 0.34301075268817205 0.43291139240506327
0 0.36236559139784946 0.39177215189873416 0.3817204301075269 0.39177215189873416 0.3817204301075269 0.43291139240506327 0.36236559139784946 0.43291139240506327
37 0.3870967741935484 0.39177215189873416 0.4129032258064516 0.39177215189873416 0.4129032258064516 0.42278481012658226 0.3870967741935484 0.42278481012658226
0 0.41935483870967744 0.39177215189873416 0.44516129032258067 0.39177215189873416 0.44516129032258067 0.43291139240506327 0.41935483870967744 0.43291139240506327
1 0.4510752688172043 0.39177215189873416 0.4682795698924731 0.39177215189873416 0.4682795698924731 0.4322784810126582 0.4510752688172043 0.4322784810126582
37 0.4747311827956989 0.39177215189873416 0.5005376344086021 0.39177215189873416 0.5005376344086021 0.4215189873417721 0.4747311827956989 0.4215189873417721
2 0.5064516129032258 0.39177215189873416 0.532258064516129 0.39177215189873416 0.532258064516129 0.43291139240506327 0.5064516129032258 0.43291139240506327
0 0.539247311827957 0.39177215189873416 0.5586021505376345 0.39177215189873416 0.5586021505376345 0.43291139240506327 0.539247311827957 0.43291139240506327
2 0.5639784946236559 0.39177215189873416 0.5833333333333334 0.39177215189873416 0.5833333333333334 0.43291139240506327 0.5639784946236559 0.43291139240506327
5 0.5913978494623656 0.39177215189873416 0.6172043010752688 0.39177215189873416 0.6172043010752688 0.4322784810126582 0.5913978494623656 0.4322784810126582
34 0.25 0.44050632911392407 0.27580645161290324 0.44050632911392407 0.27580645161290324 0.4810126582278481 0.25 0.4810126582278481
30 0.28225806451612906 0.44050632911392407 0.3016129032258065 0.44050632911392407 0.3016129032258065 0.4816455696202532 0.28225806451612906 0.4816455696202532
23 0.30913978494623656 0.44050632911392407 0.3349462365591398 0.44050632911392407 0.3349462365591398 0.4810126582278481 0.30913978494623656 0.4810126582278481
36 0.3419354838709677 0.44050632911392407 0.35376344086021505 0.44050632911392407 0.35376344086021505 0.4708860759493671 0.3419354838709677 0.4708860759493671
0 0.3596774193548387 0.44050632911392407 0.38548387096774195 0.44050632911392407 0.38548387096774195 0.4810126582278481 0.3596774193548387 0.4810126582278481
1 0.3919354838709677 0.44050632911392407 0.4048387096774193 0.44050632911392407 0.4048387096774193 0.4816455696202532 0.3919354838709677 0.4816455696202532
37 0.410752688172043 0.44050632911392407 0.43655913978494626 0.44050632911392407 0.43655913978494626 0.4708860759493671 0.410752688172043 0.4708860759493671
2 0.4446236559139785 0.44050632911392407 0.47043010752688175 0.44050632911392407 0.47043010752688175 0.4810126582278481 0.4446236559139785 0.4810126582278481
6 0.478494623655914 0.44050632911392407 0.5043010752688172 0.44050632911392407 0.5043010752688172 0.4816455696202532 0.478494623655914 0.4816455696202532
37 0.510752688172043 0.44050632911392407 0.5365591397849462 0.44050632911392407 0.5365591397849462 0.4708860759493671 0.510752688172043 0.4708860759493671
2 0.543010752688172 0.44050632911392407 0.5688172043010752 0.44050632911392407 0.5688172043010752 0.4810126582278481 0.543010752688172 0.4810126582278481
0 0.5741935483870968 0.44050632911392407 0.6 0.44050632911392407 0.6 0.4810126582278481 0.5741935483870968 0.4810126582278481
2 0.6059139784946237 0.44050632911392407 0.6317204301075269 0.44050632911392407 0.6317204301075269 0.4810126582278481 0.6059139784946237 0.4810126582278481
5 0.6387096774193548 0.44050632911392407 0.6580645161290323 0.44050632911392407 0.6580645161290323 0.4816455696202532 0.6387096774193548 0.4816455696202532
