20 0.25 0.6594936708860759 0.27580645161290324 0.6594936708860759 0.27580645161290324 0.7 0.25 0.7
20 0.28279569892473116 0.6594936708860759 0.3086021505376344 0.6594936708860759 0.3086021505376344 0.7 0.28279569892473116 0.7
35 0.3161290322580645 0.6594936708860759 0.3354838709677419 0.6594936708860759 0.3354838709677419 0.700632911392405 0.3161290322580645 0.700632911392405
36 0.3435483870967742 0.6594936708860759 0.3564516129032258 0.6594936708860759 0.3564516129032258 0.690506329113924 0.3435483870967742 0.690506329113924
0 0.3629032258064516 0.6594936708860759 0.38870967741935486 0.6594936708860759 0.38870967741935486 0.7 0.3629032258064516 0.7
9 0.3967741935483871 0.6594936708860759 0.4161290322580645 0.6594936708860759 0.4161290322580645 0.700632911392405 0.3967741935483871 0.700632911392405
37 0.4241935483870968 0.6594936708860759 0.45 0.6594936708860759 0.45 0.689873417721519 0.4241935483870968 0.689873417721519
2 0.45698924731182794 0.6594936708860759 0.4827956989247312 0.6594936708860759 0.4827956989247312 0.7 0.45698924731182794 0.7
2 0.49032258064516127 0.6594936708860759 0.5161290322580645 0.6594936708860759 0.5161290322580645 0.7 0.49032258064516127 0.7
37 0.521505376344086 0.6594936708860759 0.5473118279569892 0.6594936708860759 0.5473118279569892 0.690506329113924 0.521505376344086 0.690506329113924
2 0.5548387096774193 0.6594936708860759 0.5806451612903225 0.6594936708860759 0.5806451612903225 0.700632911392405 0.5548387096774193 0.700632911392405
0 0.5870967741935483 0.6594936708860759 0.6064516129032258 0.6594936708860759 0.6064516129032258 0.700632911392405 0.5870967741935483 0.700632911392405
2 0.6129032258064516 0.6594936708860759 0.6387096774193548 0.6594936708860759 0.6387096774193548 0.7 0.6129032258064516 0.7
5 0.646774193548387 0.6594936708860759 0.6661290322580645 0.6594936708860759 0.6661290322580645 0.700632911392405 0.646774193548387 0.700632911392405
31 0.25 0.7082278481012658 0.2693548387096774 0.7082278481012658 0.2693548387096774 0.7493670886075949 0.25 0.7493670886075949
29 0.2747311827956989 0.7082278481012658 0.2940860215053763 0.7082278481012658 0.2940860215053763 0.7493670886075949 0.2747311827956989 0.7493670886075949
19 0.3021505376344086 0.7082278481012658 0.321505376344086 0.7082278481012658 0.321505376344086 0.7493670886075949 0.3021505376344086 0.7493670886075949
36 0.3295698924731183 0.7082278481012658 0.3413978494623656 0.7082278481012658 0.3413978494623656 0.7386075949367089 0.3295698924731183 0.7386075949367089
0 0.34838709677419355 0.7082278481012658 0.3741935483870968 0.7082278481012658 0.3741935483870968 0.7487341772151899 0.34838709677419355 0.7487341772151899
4 0.38064516129032255 0.7082278481012658 0.4064516129032258 0.7082278481012658 0.4064516129032258 0.7487341772151899 0.38064516129032255 0.7487341772151899
37 0.4118279569892473 0.7082278481012658 0.4376344086021505 0.7082278481012658 0.4376344086021505 0.7386075949367089 0.4118279569892473 0.7386075949367089
1 0.4456989247311828 0.7082278481012658 0.4629032258064516 0.7082278481012658 0.4629032258064516 0.7487341772151899 0.4456989247311828 0.7487341772151899
7 0.4682795698924731 0.7082278481012658 0.4876344086021505 0.7082278481012658 0.4876344086021505 0.7493670886075949 0.4682795698924731 0.7493670886075949
37 0.493010752688172 0.7082278481012658 0.5145161290322581 0.7082278481012658 0.5145161290322581 0.7335443037974684 0.493010752688172 0.7335443037974684
2 0.5220430107526882 0.7082278481012658 0.5478494623655914 0.7082278481012658 0.5478494623655914 0.7493670886075949 0.5220430107526882 0.7493670886075949
0 0.5559139784946237 0.7082278481012658 0.5817204301075268 0.7082278481012658 0.5817204301075268 0.7487341772151899 0.5559139784946237 0.7487341772151899
2 0.5876344086021505 0.7082278481012658 0.606989247311828 0.7082278481012658 0.606989247311828 0.7493670886075949 0.5876344086021505 0.7493670886075949
5 0.6134408602150537 0.7082278481012658 0.6392473118279569 0.7082278481012658 0.6392473118279569 0.7487341772151899 0.6134408602150537 0.7487341772151899
