21 0.25 0.4829113924050633 0.2693548387096774 0.4829113924050633 0.2693548387096774 0.5240506329113924 0.25 0.5240506329113924
35 0.27741935483870966 0.4829113924050633 0.3032258064516129 0.4829113924050633 0.3032258064516129 0.5234177215189874 0.27741935483870966 0.5234177215189874
33 0.3086021505376344 0.4829113924050633 0.33440860215053764 0.4829113924050633 0.33440860215053764 0.5234177215189874 0.3086021505376344 0.5234177215189874
36 0.3403225806451613 0.4829113924050633 0.3532258064516129 0.4829113924050633 0.3532258064516129 0.5132911392405064 0.3403225806451613 0.5132911392405064
0 0.35913978494623655 0.4829113924050633 0.37849462365591396 0.4829113924050633 0.37849462365591396 0.5240506329113924 0.35913978494623655 0.5240506329113924
4 0.3844086021505376 0.4829113924050633 0.41021505376344086 0.4829113924050633 0.41021505376344086 0.5234177215189874 0.3844086021505376 0.5234177215189874
37 0.4166666666666667 0.4829113924050633 0.4424731182795699 0.4829113924050633 0.4424731182795699 0.5132911392405064 0.4166666666666667 0.5132911392405064
0 0.45 0.4829113924050633 0.47580645161290325 0.4829113924050633 0.47580645161290325 0.5234177215189874 0.45 0.5234177215189874
4 0.48333333333333334 0.4829113924050633 0.5091397849462366 0.4829113924050633 0.5091397849462366 0.5234177215189874 0.48333333333333334 0.5234177215189874
37 0.5155913978494624 0.4829113924050633 0.5413978494623656 0.4829113924050633 0.5413978494623656 0.5139240506329115 0.5155913978494624 0.5139240506329115
2 0.5494623655913978 0.4829113924050633 0.5688172043010753 0.4829113924050633 0.5688172043010753 0.5240506329113924 0.5494623655913978 0.5240506329113924
0 0.5747311827956989 0.4829113924050633 0.6005376344086021 0.4829113924050633 0.6005376344086021 0.5234177215189874 0.5747311827956989 0.5234177215189874
2 0.6069892473118279 0.4829113924050633 0.6327956989247311 0.4829113924050633 0.6327956989247311 0.5240506329113924 0.6069892473118279 0.5240506329113924
5 0.639247311827957 0.4829113924050633 0.6586021505376345 0.4829113924050633 0.6586021505376345 0.5240506329113924 0.639247311827957 0.5240506329113924
21 0.25 0.5316455696202531 0.27580645161290324 0.5316455696202531 0.27580645161290324 0.5721518987341772 0.25 0.5721518987341772
18 0.28118279569892474 0.5316455696202531 0.29838709677419356 0.5316455696202531 0.29838709677419356 0.5721518987341772 0.28118279569892474 0.5721518987341772
18 0.30483870967741933 0.5316455696202531 0.3177419354838709 0.5316455696202531 0.3177419354838709 0.5727848101265822 0.30483870967741933 0.5727848101265822
36 0.32526881720430106 0.5316455696202531 0.3370967741935484 0.5316455696202531 0.3370967741935484 0.5620253164556962 0.32526881720430106 0.5620253164556962
0 0.3435483870967742 0.5316455696202531 0.3629032258064516 0.5316455696202531 0.3629032258064516 0.5727848101265822 0.3435483870967742 0.5727848101265822
6 0.36935483870967745 0.5316455696202531 0.3951612903225807 0.5316455696202531 0.3951612903225807 0.5721518987341772 0.36935483870967745 0.5721518987341772
37 0.4026881720430108 0.5316455696202531 0.428494623655914 0.5316455696202531 0.428494623655914 0.5620253164556962 0.4026881720430108 0.5620253164556962
1 0.43548387096774194 0.5316455696202531 0.4483870967741935 0.5316455696202531 0.4483870967741935 0.5727848101265822 0.43548387096774194 0.5727848101265822
2 0.45645161290322583 0.5316455696202531 0.48225806451612907 0.5316455696202531 0.48225806451612907 0.5727848101265822 0.45645161290322583 0.5727848101265822
37 0.48978494623655916 0.5316455696202531 0.5155913978494624 0.5316455696202531 0.5155913978494624 0.5626582278481012 0.48978494623655916 0.5626582278481012
2 0.5209677419354839 0.5316455696202531 0.5467741935483871 0.5316455696202531 0.5467741935483871 0.5721518987341772 0.5209677419354839 0.5721518987341772
0 0.553763440860215 0.5316455696202531 0.5795698924731182 0.5316455696202531 0.5795698924731182 0.5727848101265822 0.553763440860215 0.5727848101265822
2 0.5876344086021505 0.5316455696202531 0.6134408602150537 0.5316455696202531 0.6134408602150537 0.5721518987341772 0.5876344086021505 0.5721518987341772
5 0.6204301075268818 0.5316455696202531 0.646236559139785 0.5316455696202531 0.646236559139785 0.5721518987341772 0.6204301075268818 0.5721518987341772
