18 0.25 0.3333333333333333 0.2611111111111111 0.3333333333333333 0.2611111111111111 0.38611111111111107 0.25 0.38611111111111107
29 0.2743055555555556 0.3333333333333333 0.29375 0.3333333333333333 0.29375 0.38611111111111107 0.2743055555555556 0.38611111111111107
22 0.30625 0.3333333333333333 0.32569444444444445 0.3333333333333333 0.32569444444444445 0.38611111111111107 0.30625 0.38611111111111107
36 0.33402777777777776 0.3333333333333333 0.34375 0.3333333333333333 0.34375 0.37037037037037035 0.33402777777777776 0.37037037037037035
0 0.3506944444444444 0.3333333333333333 0.3784722222222222 0.3333333333333333 0.3784722222222222 0.3851851851851852 0.3506944444444444 0.3851851851851852
4 0.38958333333333334 0.3333333333333333 0.4173611111111111 0.3333333333333333 0.4173611111111111 0.3851851851851852 0.38958333333333334 0.3851851851851852
37 0.42986111111111114 0.3333333333333333 0.45763888888888893 0.3333333333333333 0.45763888888888893 0.3712962962962963 0.42986111111111114 0.3712962962962963
0 0.47152777777777777 0.3333333333333333 0.49930555555555556 0.3333333333333333 0.49930555555555556 0.3851851851851852 0.47152777777777777 0.3851851851851852
3 0.5069444444444444 0.3333333333333333 0.5347222222222222 0.3333333333333333 0.5347222222222222 0.3851851851851852 0.5069444444444444 0.3851851851851852
37 0.5423611111111111 0.3333333333333333 0.5701388888888889 0.3333333333333333 0.5701388888888889 0.38611111111111107 0.5423611111111111 0.38611111111111107
2 0.5805555555555556 0.3333333333333333 0.6083333333333334 0.3333333333333333 0.6083333333333334 0.3851851851851852 0.5805555555555556 0.3851851851851852
0 0.6180555555555556 0.3333333333333333 0.6458333333333334 0.3333333333333333 0.6458333333333334 0.3851851851851852 0.6180555555555556 0.3851851851851852
2 0.6590277777777778 0.3333333333333333 0.6868055555555556 0.3333333333333333 0.6868055555555556 0.3851851851851852 0.6590277777777778 0.3851851851851852
5 0.7006944444444444 0.3333333333333333 0.7201388888888889 0.3333333333333333 0.7201388888888889 0.38611111111111107 0.7006944444444444 0.38611111111111107
