15 0.25 0.3333333333333333 0.26944444444444443 0.3333333333333333 0.26944444444444443 0.387037037037037 0.25 0.387037037037037
11 0.2833333333333333 0.3333333333333333 0.3111111111111111 0.3333333333333333 0.3111111111111111 0.3851851851851852 0.2833333333333333 0.3851851851851852
27 0.32222222222222224 0.3333333333333333 0.35000000000000003 0.3333333333333333 0.35000000000000003 0.38611111111111107 0.32222222222222224 0.38611111111111107
36 0.3638888888888889 0.3333333333333333 0.3680555555555555 0.3333333333333333 0.3680555555555555 0.3638888888888889 0.3638888888888889 0.3638888888888889
0 0.3763888888888889 0.3333333333333333 0.4041666666666667 0.3333333333333333 0.4041666666666667 0.38611111111111107 0.3763888888888889 0.38611111111111107
4 0.41388888888888886 0.3333333333333333 0.4333333333333333 0.3333333333333333 0.4333333333333333 0.38611111111111107 0.41388888888888886 0.38611111111111107
37 0.4409722222222222 0.3333333333333333 0.46875 0.3333333333333333 0.46875 0.37037037037037035 0.4409722222222222 0.37037037037037035
1 0.48194444444444445 0.3333333333333333 0.4986111111111111 0.3333333333333333 0.4986111111111111 0.3851851851851852 0.48194444444444445 0.3851851851851852
9 0.5111111111111111 0.3333333333333333 0.5388888888888889 0.3333333333333333 0.5388888888888889 0.3851851851851852 0.5111111111111111 0.3851851851851852
37 0.5472222222222223 0.3333333333333333 0.5750000000000001 0.3333333333333333 0.5750000000000001 0.37037037037037035 0.5472222222222223 0.37037037037037035
2 0.5847222222222223 0.3333333333333333 0.6041666666666667 0.3333333333333333 0.6041666666666667 0.387037037037037 0.5847222222222223 0.387037037037037
0 0.6166666666666667 0.3333333333333333 0.6444444444444445 0.3333333333333333 0.6444444444444445 0.3851851851851852 0.6166666666666667 0.3851851851851852
2 0.6569444444444444 0.3333333333333333 0.6847222222222222 0.3333333333333333 0.6847222222222222 0.38611111111111107 0.6569444444444444 0.38611111111111107
5 0.6986111111111111 0.3333333333333333 0.7180555555555556 0.3333333333333333 0.7180555555555556 0.38611111111111107 0.6986111111111111 0.38611111111111107
