21 0.25 0.3333333333333333 0.26944444444444443 0.3333333333333333 0.26944444444444443 0.38611111111111107 0.25 0.38611111111111107
31 0.2798611111111111 0.3333333333333333 0.3076388888888889 0.3333333333333333 0.3076388888888889 0.3851851851851852 0.2798611111111111 0.3851851851851852
32 0.3194444444444444 0.3333333333333333 0.3472222222222222 0.3333333333333333 0.3472222222222222 0.38611111111111107 0.3194444444444444 0.38611111111111107
36 0.3611111111111111 0.3333333333333333 0.37083333333333335 0.3333333333333333 0.37083333333333335 0.3712962962962963 0.3611111111111111 0.3712962962962963
0 0.38333333333333336 0.3333333333333333 0.41111111111111115 0.3333333333333333 0.41111111111111115 0.3851851851851852 0.38333333333333336 0.3851851851851852
5 0.41805555555555557 0.3333333333333333 0.44583333333333336 0.3333333333333333 0.44583333333333336 0.3851851851851852 0.41805555555555557 0.3851851851851852
37 0.4548611111111111 0.3333333333333333 0.46597222222222223 0.3333333333333333 0.46597222222222223 0.3638888888888889 0.4548611111111111 0.3638888888888889
2 0.47708333333333336 0.3333333333333333 0.4965277777777778 0.3333333333333333 0.4965277777777778 0.387037037037037 0.47708333333333336 0.387037037037037
4 0.5041666666666667 0.3333333333333333 0.5236111111111111 0.3333333333333333 0.5236111111111111 0.38611111111111107 0.5041666666666667 0.38611111111111107
37 0.5305555555555556 0.3333333333333333 0.5583333333333333 0.3333333333333333 0.5583333333333333 0.3851851851851852 0.5305555555555556 0.3851851851851852
2 0.5722222222222222 0.3333333333333333 0.6 0.3333333333333333 0.6 0.3851851851851852 0.5722222222222222 0.3851851851851852
0 0.6118055555555556 0.3333333333333333 0.6395833333333334 0.3333333333333333 0.6395833333333334 0.3851851851851852 0.6118055555555556 0.3851851851851852
2 0.65 0.3333333333333333 0.6694444444444445 0.3333333333333333 0.6694444444444445 0.38611111111111107 0.65 0.38611111111111107
5 0.6826388888888889 0.3333333333333333 0.7104166666666667 0.3333333333333333 0.7104166666666667 0.38611111111111107 0.6826388888888889 0.38611111111111107
