34 0.25 0.3333333333333333 0.2777777777777778 0.3333333333333333 0.2777777777777778 0.3851851851851852 0.25 0.3851851851851852
12 0.2875 0.3333333333333333 0.3069444444444444 0.3333333333333333 0.3069444444444444 0.387037037037037 0.2875 0.387037037037037
24 0.3145833333333333 0.3333333333333333 0.3423611111111111 0.3333333333333333 0.3423611111111111 0.3851851851851852 0.3145833333333333 0.3851851851851852
36 0.35208333333333336 0.3333333333333333 0.3631944444444445 0.3333333333333333 0.3631944444444445 0.3712962962962963 0.35208333333333336 0.3712962962962963
0 0.3701388888888889 0.3333333333333333 0.3979166666666667 0.3333333333333333 0.3979166666666667 0.3851851851851852 0.3701388888888889 0.3851851851851852
8 0.4083333333333333 0.3333333333333333 0.4361111111111111 0.3333333333333333 0.4361111111111111 0.3851851851851852 0.4083333333333333 0.3851851851851852
37 0.44305555555555554 0.3333333333333333 0.4708333333333333 0.3333333333333333 0.4708333333333333 0.3851851851851852 0.44305555555555554 0.3851851851851852
2 0.4777777777777778 0.3333333333333333 0.5055555555555555 0.3333333333333333 0.5055555555555555 0.3851851851851852 0.4777777777777778 0.3851851851851852
3 0.51875 0.3333333333333333 0.5465277777777778 0.3333333333333333 0.5465277777777778 0.3851851851851852 0.51875 0.3851851851851852
37 0.5534722222222223 0.3333333333333333 0.5645833333333333 0.3333333333333333 0.5645833333333333 0.3648148148148148 0.5534722222222223 0.3648148148148148
2 0.5756944444444444 0.3333333333333333 0.6034722222222222 0.3333333333333333 0.6034722222222222 0.38611111111111107 0.5756944444444444 0.38611111111111107
0 0.6118055555555556 0.3333333333333333 0.6395833333333334 0.3333333333333333 0.6395833333333334 0.3851851851851852 0.6118055555555556 0.3851851851851852
2 0.6472222222222223 0.3333333333333333 0.6666666666666667 0.3333333333333333 0.6666666666666667 0.387037037037037 0.6472222222222223 0.387037037037037
5 0.6763888888888889 0.3333333333333333 0.7041666666666667 0.3333333333333333 0.7041666666666667 0.3851851851851852 0.6763888888888889 0.3851851851851852
