32 0.25 0.3333333333333333 0.2777777777777778 0.3333333333333333 0.2777777777777778 0.3851851851851852 0.25 0.3851851851851852
27 0.2916666666666667 0.3333333333333333 0.3111111111111111 0.3333333333333333 0.3111111111111111 0.38611111111111107 0.2916666666666667 0.38611111111111107
32 0.31805555555555554 0.3333333333333333 0.3458333333333333 0.3333333333333333 0.3458333333333333 0.3851851851851852 0.31805555555555554 0.3851851851851852
36 0.3541666666666667 0.3333333333333333 0.36388888888888893 0.3333333333333333 0.36388888888888893 0.37037037037037035 0.3541666666666667 0.37037037037037035
0 0.37222222222222223 0.3333333333333333 0.39166666666666666 0.3333333333333333 0.39166666666666666 0.38611111111111107 0.37222222222222223 0.38611111111111107
6 0.4027777777777778 0.3333333333333333 0.4222222222222222 0.3333333333333333 0.4222222222222222 0.38611111111111107 0.4027777777777778 0.38611111111111107
37 0.4361111111111111 0.3333333333333333 0.44722222222222224 0.3333333333333333 0.44722222222222224 0.3657407407407407 0.4361111111111111 0.3657407407407407
2 0.46041666666666664 0.3333333333333333 0.47986111111111107 0.3333333333333333 0.47986111111111107 0.387037037037037 0.46041666666666664 0.387037037037037
8 0.4875 0.3333333333333333 0.5152777777777777 0.3333333333333333 0.5152777777777777 0.3851851851851852 0.4875 0.3851851851851852
37 0.525 0.3333333333333333 0.5527777777777778 0.3333333333333333 0.5527777777777778 0.37037037037037035 0.525 0.37037037037037035
2 0.5631944444444444 0.3333333333333333 0.5909722222222222 0.3333333333333333 0.5909722222222222 0.3851851851851852 0.5631944444444444 0.3851851851851852
0 0.6 0.3333333333333333 0.6194444444444445 0.3333333333333333 0.6194444444444445 0.38611111111111107 0.6 0.38611111111111107
2 0.6284722222222222 0.3333333333333333 0.65625 0.3333333333333333 0.65625 0.3851851851851852 0.6284722222222222 0.3851851851851852
5 0.6701388888888888 0.3333333333333333 0.6895833333333333 0.3333333333333333 0.6895833333333333 0.38611111111111107 0.6701388888888888 0.38611111111111107
