32 0.25 0.3333333333333333 0.2777777777777778 0.3333333333333333 0.2777777777777778 0.3851851851851852 0.25 0.3851851851851852
15 0.28680555555555554 0.3333333333333333 0.30624999999999997 0.3333333333333333 0.30624999999999997 0.38611111111111107 0.28680555555555554 0.38611111111111107
24 0.31319444444444444 0.3333333333333333 0.34097222222222223 0.3333333333333333 0.34097222222222223 0.3851851851851852 0.31319444444444444 0.3851851851851852
36 0.3541666666666667 0.3333333333333333 0.3652777777777778 0.3333333333333333 0.3652777777777778 0.3712962962962963 0.3541666666666667 0.3712962962962963
1 0.3736111111111111 0.3333333333333333 0.3902777777777778 0.3333333333333333 0.3902777777777778 0.3851851851851852 0.3736111111111111 0.3851851851851852
0 0.39791666666666664 0.3333333333333333 0.42569444444444443 0.3333333333333333 0.42569444444444443 0.38611111111111107 0.39791666666666664 0.38611111111111107
37 0.43680555555555556 0.3333333333333333 0.46458333333333335 0.3333333333333333 0.46458333333333335 0.3712962962962963 0.43680555555555556 0.3712962962962963
1 0.475 0.3333333333333333 0.49166666666666664 0.3333333333333333 0.49166666666666664 0.3851851851851852 0.475 0.3851851851851852
4 0.5 0.3333333333333333 0.5277777777777778 0.3333333333333333 0.5277777777777778 0.3851851851851852 0.5 0.3851851851851852
37 0.5347222222222222 0.3333333333333333 0.5625 0.3333333333333333 0.5625 0.37037037037037035 0.5347222222222222 0.37037037037037035
2 0.5722222222222222 0.3333333333333333 0.6 0.3333333333333333 0.6 0.3851851851851852 0.5722222222222222 0.3851851851851852
0 0.6090277777777777 0.3333333333333333 0.6284722222222222 0.3333333333333333 0.6284722222222222 0.38611111111111107 0.6090277777777777 0.38611111111111107
2 0.6388888888888888 0.3333333333333333 0.6666666666666666 0.3333333333333333 0.6666666666666666 0.3851851851851852 0.6388888888888888 0.3851851851851852
5 0.6743055555555556 0.3333333333333333 0.7020833333333334 0.3333333333333333 0.7020833333333334 0.3851851851851852 0.6743055555555556 0.3851851851851852
