32 0.25 0.3333333333333333 0.2777777777777778 0.3333333333333333 0.2777777777777778 0.3851851851851852 0.25 0.3851851851851852
12 0.2847222222222222 0.3333333333333333 0.30416666666666664 0.3333333333333333 0.30416666666666664 0.38611111111111107 0.2847222222222222 0.38611111111111107
35 0.3159722222222222 0.3333333333333333 0.33541666666666664 0.3333333333333333 0.33541666666666664 0.387037037037037 0.3159722222222222 0.387037037037037
36 0.3451388888888889 0.3333333333333333 0.3548611111111111 0.3333333333333333 0.3548611111111111 0.37037037037037035 0.3451388888888889 0.37037037037037035
1 0.36666666666666664 0.3333333333333333 0.3833333333333333 0.3333333333333333 0.3833333333333333 0.3851851851851852 0.36666666666666664 0.3851851851851852
2 0.3958333333333333 0.3333333333333333 0.4236111111111111 0.3333333333333333 0.4236111111111111 0.38611111111111107 0.3958333333333333 0.38611111111111107
37 0.4305555555555556 0.3333333333333333 0.45833333333333337 0.3333333333333333 0.45833333333333337 0.3694444444444444 0.4305555555555556 0.3694444444444444
2 0.4673611111111111 0.3333333333333333 0.48680555555555555 0.3333333333333333 0.48680555555555555 0.38611111111111107 0.4673611111111111 0.38611111111111107
6 0.4965277777777778 0.3333333333333333 0.5159722222222223 0.3333333333333333 0.5159722222222223 0.38611111111111107 0.4965277777777778 0.38611111111111107
37 0.5229166666666667 0.3333333333333333 0.545138888888889 0.3333333333333333 0.545138888888889 0.36296296296296293 0.5229166666666667 0.36296296296296293
2 0.5520833333333334 0.3333333333333333 0.5798611111111112 0.3333333333333333 0.5798611111111112 0.38611111111111107 0.5520833333333334 0.38611111111111107
0 0.5888888888888889 0.3333333333333333 0.6166666666666667 0.3333333333333333 0.6166666666666667 0.3851851851851852 0.5888888888888889 0.3851851851851852
2 0.6243055555555556 0.3333333333333333 0.6520833333333333 0.3333333333333333 0.6520833333333333 0.3851851851851852 0.6243055555555556 0.3851851851851852
4 0.6659722222222222 0.3333333333333333 0.6854166666666667 0.3333333333333333 0.6854166666666667 0.38611111111111107 0.6659722222222222 0.38611111111111107
