34 0.25 0.3333333333333333 0.2777777777777778 0.3333333333333333 0.2777777777777778 0.3851851851851852 0.25 0.3851851851851852
21 0.2847222222222222 0.3333333333333333 0.3125 0.3333333333333333 0.3125 0.3851851851851852 0.2847222222222222 0.3851851851851852
14 0.32083333333333336 0.3333333333333333 0.3402777777777778 0.3333333333333333 0.3402777777777778 0.38611111111111107 0.32083333333333336 0.38611111111111107
36 0.34930555555555554 0.3333333333333333 0.36041666666666666 0.3333333333333333 0.36041666666666666 0.37037037037037035 0.34930555555555554 0.37037037037037035
0 0.3701388888888889 0.3333333333333333 0.3979166666666667 0.3333333333333333 0.3979166666666667 0.3851851851851852 0.3701388888888889 0.3851851851851852
5 0.41041666666666665 0.3333333333333333 0.43819444444444444 0.3333333333333333 0.43819444444444444 0.3851851851851852 0.41041666666666665 0.3851851851851852
37 0.45069444444444445 0.3333333333333333 0.47847222222222224 0.3333333333333333 0.47847222222222224 0.3694444444444444 0.45069444444444445 0.3694444444444444
1 0.4895833333333333 0.3333333333333333 0.5013888888888889 0.3333333333333333 0.5013888888888889 0.38611111111111107 0.4895833333333333 0.38611111111111107
2 0.5097222222222222 0.3333333333333333 0.5375 0.3333333333333333 0.5375 0.3851851851851852 0.5097222222222222 0.3851851851851852
37 0.5513888888888889 0.3333333333333333 0.5791666666666667 0.3333333333333333 0.5791666666666667 0.3851851851851852 0.5513888888888889 0.3851851851851852
2 0.5861111111111111 0.3333333333333333 0.6138888888888889 0.3333333333333333 0.6138888888888889 0.38611111111111107 0.5861111111111111 0.38611111111111107
0 0.6208333333333333 0.3333333333333333 0.6486111111111111 0.3333333333333333 0.6486111111111111 0.3851851851851852 0.6208333333333333 0.3851851851851852
2 0.6590277777777778 0.3333333333333333 0.6868055555555556 0.3333333333333333 0.6868055555555556 0.3851851851851852 0.6590277777777778 0.3851851851851852
5 0.7 0.3333333333333333 0.7277777777777777 0.3333333333333333 0.7277777777777777 0.38611111111111107 0.7 0.38611111111111107
