27 0.25 0.3333333333333333 0.26944444444444443 0.3333333333333333 0.26944444444444443 0.38611111111111107 0.25 0.38611111111111107
23 0.2826388888888889 0.3333333333333333 0.3104166666666667 0.3333333333333333 0.3104166666666667 0.38611111111111107 0.2826388888888889 0.38611111111111107
22 0.3215277777777778 0.3333333333333333 0.3493055555555556 0.3333333333333333 0.3493055555555556 0.3851851851851852 0.3215277777777778 0.3851851851851852
36 0.3597222222222222 0.3333333333333333 0.36944444444444446 0.3333333333333333 0.36944444444444446 0.37037037037037035 0.3597222222222222 0.37037037037037035
0 0.3770833333333333 0.3333333333333333 0.4048611111111111 0.3333333333333333 0.4048611111111111 0.3851851851851852 0.3770833333333333 0.3851851851851852
9 0.4131944444444444 0.3333333333333333 0.4409722222222222 0.3333333333333333 0.4409722222222222 0.38611111111111107 0.4131944444444444 0.38611111111111107
37 0.4479166666666667 0.3333333333333333 0.4590277777777778 0.3333333333333333 0.4590277777777778 0.3657407407407407 0.4479166666666667 0.3657407407407407
0 0.46944444444444444 0.3333333333333333 0.49722222222222223 0.3333333333333333 0.49722222222222223 0.3851851851851852 0.46944444444444444 0.3851851851851852
1 0.5104166666666666 0.3333333333333333 0.5215277777777777 0.3333333333333333 0.5215277777777777 0.38611111111111107 0.5104166666666666 0.38611111111111107
37 0.5340277777777778 0.3333333333333333 0.5409722222222222 0.3333333333333333 0.5409722222222222 0.3537037037037037 0.5340277777777778 0.3537037037037037
2 0.55 0.3333333333333333 0.5694444444444445 0.3333333333333333 0.5694444444444445 0.38611111111111107 0.55 0.38611111111111107
0 0.5798611111111112 0.3333333333333333 0.5993055555555556 0.3333333333333333 0.5993055555555556 0.38611111111111107 0.5798611111111112 0.38611111111111107
2 0.6090277777777777 0.3333333333333333 0.6284722222222222 0.3333333333333333 0.6284722222222222 0.387037037037037 0.6090277777777777 0.387037037037037
5 0.6416666666666667 0.3333333333333333 0.6694444444444445 0.3333333333333333 0.6694444444444445 0.3851851851851852 0.6416666666666667 0.3851851851851852
