33 0.25 0.3333333333333333 0.26944444444444443 0.3333333333333333 0.26944444444444443 0.38611111111111107 0.25 0.38611111111111107
34 0.27847222222222223 0.3333333333333333 0.29791666666666666 0.3333333333333333 0.29791666666666666 0.38611111111111107 0.27847222222222223 0.38611111111111107
30 0.30972222222222223 0.3333333333333333 0.3375 0.3333333333333333 0.3375 0.3851851851851852 0.30972222222222223 0.3851851851851852
36 0.3472222222222222 0.3333333333333333 0.35833333333333334 0.3333333333333333 0.35833333333333334 0.3712962962962963 0.3472222222222222 0.3712962962962963
0 0.3701388888888889 0.3333333333333333 0.3979166666666667 0.3333333333333333 0.3979166666666667 0.3851851851851852 0.3701388888888889 0.3851851851851852
7 0.4111111111111111 0.3333333333333333 0.4388888888888889 0.3333333333333333 0.4388888888888889 0.38611111111111107 0.4111111111111111 0.38611111111111107
37 0.44930555555555557 0.3333333333333333 0.47708333333333336 0.3333333333333333 0.47708333333333336 0.3851851851851852 0.44930555555555557 0.3851851851851852
2 0.4847222222222222 0.3333333333333333 0.5125 0.3333333333333333 0.5125 0.3851851851851852 0.4847222222222222 0.3851851851851852
0 0.5229166666666667 0.3333333333333333 0.5506944444444445 0.3333333333333333 0.5506944444444445 0.3851851851851852 0.5229166666666667 0.3851851851851852
37 0.5631944444444444 0.3333333333333333 0.5909722222222222 0.3333333333333333 0.5909722222222222 0.3851851851851852 0.5631944444444444 0.3851851851851852
2 0.6048611111111111 0.3333333333333333 0.6326388888888889 0.3333333333333333 0.6326388888888889 0.3851851851851852 0.6048611111111111 0.3851851851851852
0 0.6402777777777777 0.3333333333333333 0.6597222222222222 0.3333333333333333 0.6597222222222222 0.38611111111111107 0.6402777777777777 0.38611111111111107
2 0.6722222222222223 0.3333333333333333 0.7000000000000001 0.3333333333333333 0.7000000000000001 0.3851851851851852 0.6722222222222223 0.3851851851851852
5 0.7083333333333334 0.3333333333333333 0.7277777777777779 0.3333333333333333 0.7277777777777779 0.38611111111111107 0.7083333333333334 0.38611111111111107
