27 0.25 0.3333333333333333 0.26944444444444443 0.3333333333333333 0.26944444444444443 0.38611111111111107 0.25 0.38611111111111107
27 0.2826388888888889 0.3333333333333333 0.3104166666666667 0.3333333333333333 0.3104166666666667 0.3851851851851852 0.2826388888888889 0.3851851851851852
25 0.31875 0.3333333333333333 0.34652777777777777 0.3333333333333333 0.34652777777777777 0.3851851851851852 0.31875 0.3851851851851852
36 0.35555555555555557 0.3333333333333333 0.3652777777777778 0.3333333333333333 0.3652777777777778 0.37037037037037035 0.35555555555555557 0.37037037037037035
0 0.3736111111111111 0.3333333333333333 0.39305555555555555 0.3333333333333333 0.39305555555555555 0.38611111111111107 0.3736111111111111 0.38611111111111107
8 0.40625 0.3333333333333333 0.4340277777777778 0.3333333333333333 0.4340277777777778 0.3851851851851852 0.40625 0.3851851851851852
37 0.4444444444444444 0.3333333333333333 0.4722222222222222 0.3333333333333333 0.4722222222222222 0.38611111111111107 0.4444444444444444 0.38611111111111107
3 0.48194444444444445 0.3333333333333333 0.5013888888888889 0.3333333333333333 0.5013888888888889 0.38611111111111107 0.48194444444444445 0.38611111111111107
1 0.5125 0.3333333333333333 0.5291666666666667 0.3333333333333333 0.5291666666666667 0.38611111111111107 0.5125 0.38611111111111107
37 0.5402777777777777 0.3333333333333333 0.5680555555555555 0.3333333333333333 0.5680555555555555 0.3851851851851852 0.5402777777777777 0.3851851851851852
2 0.58125 0.3333333333333333 0.6006944444444445 0.3333333333333333 0.6006944444444445 0.38611111111111107 0.58125 0.38611111111111107
0 0.6138888888888889 0.3333333333333333 0.6416666666666667 0.3333333333333333 0.6416666666666667 0.3851851851851852 0.6138888888888889 0.3851851851851852
2 0.6534722222222222 0.3333333333333333 0.68125 0.3333333333333333 0.68125 0.38611111111111107 0.6534722222222222 0.38611111111111107
5 0.6888888888888889 0.3333333333333333 0.7166666666666667 0.3333333333333333 0.7166666666666667 0.3851851851851852 0.6888888888888889 0.3851851851851852
