23 0.25 0.3333333333333333 0.26944444444444443 0.3333333333333333 0.26944444444444443 0.38611111111111107 0.25 0.38611111111111107
11 0.28055555555555556 0.3333333333333333 0.3 0.3333333333333333 0.3 0.387037037037037 0.28055555555555556 0.387037037037037
11 0.3104166666666667 0.3333333333333333 0.33819444444444446 0.3333333333333333 0.33819444444444446 0.38611111111111107 0.3104166666666667 0.38611111111111107
36 0.3506944444444444 0.3333333333333333 0.36180555555555555 0.3333333333333333 0.36180555555555555 0.37037037037037035 0.3506944444444444 0.37037037037037035
0 0.36944444444444446 0.3333333333333333 0.39722222222222225 0.3333333333333333 0.39722222222222225 0.3851851851851852 0.36944444444444446 0.3851851851851852
5 0.4111111111111111 0.3333333333333333 0.4305555555555555 0.3333333333333333 0.4305555555555555 0.38611111111111107 0.4111111111111111 0.38611111111111107
37 0.44166666666666665 0.3333333333333333 0.4527777777777778 0.3333333333333333 0.4527777777777778 0.3638888888888889 0.44166666666666665 0.3638888888888889
2 0.4638888888888889 0.3333333333333333 0.4916666666666667 0.3333333333333333 0.4916666666666667 0.3851851851851852 0.4638888888888889 0.3851851851851852
1 0.5048611111111111 0.3333333333333333 0.5159722222222222 0.3333333333333333 0.5159722222222222 0.38611111111111107 0.5048611111111111 0.38611111111111107
37 0.5256944444444445 0.3333333333333333 0.5534722222222223 0.3333333333333333 0.5534722222222223 0.3851851851851852 0.5256944444444445 0.3851851851851852
2 0.5611111111111111 0.3333333333333333 0.5888888888888889 0.3333333333333333 0.5888888888888889 0.3851851851851852 0.5611111111111111 0.3851851851851852
0 0.5993055555555555 0.3333333333333333 0.6270833333333333 0.3333333333333333 0.6270833333333333 0.3851851851851852 0.5993055555555555 0.3851851851851852
2 0.6361111111111111 0.3333333333333333 0.6555555555555556 0.3333333333333333 0.6555555555555556 0.38611111111111107 0.6361111111111111 0.38611111111111107
5 0.6659722222222222 0.3333333333333333 0.69375 0.3333333333333333 0.69375 0.38611111111111107 0.6659722222222222 0.38611111111111107
