24 0.25 0.3333333333333333 0.2777777777777778 0.3333333333333333 0.2777777777777778 0.3851851851851852 0.25 0.3851851851851852
26 0.29097222222222224 0.3333333333333333 0.3104166666666667 0.3333333333333333 0.3104166666666667 0.387037037037037 0.29097222222222224 0.387037037037037
13 0.3229166666666667 0.3333333333333333 0.3506944444444445 0.3333333333333333 0.3506944444444445 0.3851851851851852 0.3229166666666667 0.3851851851851852
36 0.3611111111111111 0.3333333333333333 0.37222222222222223 0.3333333333333333 0.37222222222222223 0.37037037037037035 0.3611111111111111 0.37037037037037035
0 0.3861111111111111 0.3333333333333333 0.4138888888888889 0.3333333333333333 0.4138888888888889 0.3851851851851852 0.3861111111111111 0.3851851851851852
3 0.4270833333333333 0.3333333333333333 0.4548611111111111 0.3333333333333333 0.4548611111111111 0.3851851851851852 0.4270833333333333 0.3851851851851852
37 0.46805555555555556 0.3333333333333333 0.49583333333333335 0.3333333333333333 0.49583333333333335 0.3851851851851852 0.46805555555555556 0.3851851851851852
1 0.5097222222222222 0.3333333333333333 0.5249999999999999 0.3333333333333333 0.5249999999999999 0.3851851851851852 0.5097222222222222 0.3851851851851852
2 0.5361111111111111 0.3333333333333333 0.5638888888888889 0.3333333333333333 0.5638888888888889 0.3851851851851852 0.5361111111111111 0.3851851851851852
37 0.5756944444444444 0.3333333333333333 0.6034722222222222 0.3333333333333333 0.6034722222222222 0.37037037037037035 0.5756944444444444 0.37037037037037035
2 0.6111111111111112 0.3333333333333333 0.638888888888889 0.3333333333333333 0.638888888888889 0.3851851851851852 0.6111111111111112 0.3851851851851852
0 0.6458333333333334 0.3333333333333333 0.6736111111111112 0.3333333333333333 0.6736111111111112 0.3851851851851852 0.6458333333333334 0.3851851851851852
2 0.6854166666666667 0.3333333333333333 0.7131944444444445 0.3333333333333333 0.7131944444444445 0.3851851851851852 0.6854166666666667 0.3851851851851852
5 0.7236111111111111 0.3333333333333333 0.7513888888888889 0.3333333333333333 0.7513888888888889 0.3851851851851852 0.7236111111111111 0.3851851851851852
