33 0.25 0.3333333333333333 0.2777777777777778 0.3333333333333333 0.2777777777777778 0.3851851851851852 0.25 0.3851851851851852
32 0.28541666666666665 0.3333333333333333 0.3048611111111111 0.3333333333333333 0.3048611111111111 0.38611111111111107 0.28541666666666665 0.38611111111111107
18 0.3145833333333333 0.3333333333333333 0.33125 0.3333333333333333 0.33125 0.3851851851851852 0.3145833333333333 0.3851851851851852
36 0.34305555555555556 0.3333333333333333 0.3541666666666667 0.3333333333333333 0.3541666666666667 0.37037037037037035 0.34305555555555556 0.37037037037037035
0 0.3638888888888889 0.3333333333333333 0.39166666666666666 0.3333333333333333 0.39166666666666666 0.3851851851851852 0.3638888888888889 0.3851851851851852
7 0.4027777777777778 0.3333333333333333 0.4305555555555556 0.3333333333333333 0.4305555555555556 0.38611111111111107 0.4027777777777778 0.38611111111111107
37 0.44305555555555554 0.3333333333333333 0.4708333333333333 0.3333333333333333 0.4708333333333333 0.37037037037037035 0.44305555555555554 0.37037037037037035
1 0.47847222222222224 0.3333333333333333 0.48958333333333337 0.3333333333333333 0.48958333333333337 0.38611111111111107 0.47847222222222224 0.38611111111111107
4 0.5013888888888889 0.3333333333333333 0.5291666666666667 0.3333333333333333 0.5291666666666667 0.3851851851851852 0.5013888888888889 0.3851851851851852
37 0.5409722222222222 0.3333333333333333 0.56875 0.3333333333333333 0.56875 0.37777777777777777 0.5409722222222222 0.37777777777777777
2 0.58125 0.3333333333333333 0.6006944444444445 0.3333333333333333 0.6006944444444445 0.38611111111111107 0.58125 0.38611111111111107
0 0.6097222222222223 0.3333333333333333 0.6375000000000001 0.3333333333333333 0.6375000000000001 0.3851851851851852 0.6097222222222223 0.3851851851851852
2 0.65 0.3333333333333333 0.6777777777777778 0.3333333333333333 0.6777777777777778 0.3851851851851852 0.65 0.3851851851851852
5 0.6875 0.3333333333333333 0.7152777777777778 0.3333333333333333 0.7152777777777778 0.38611111111111107 0.6875 0.38611111111111107
