19 0.25 0.3333333333333333 0.26944444444444443 0.3333333333333333 0.26944444444444443 0.38611111111111107 0.25 0.38611111111111107
28 0.2798611111111111 0.3333333333333333 0.29930555555555555 0.3333333333333333 0.29930555555555555 0.38611111111111107 0.2798611111111111 0.38611111111111107
21 0.30833333333333335 0.3333333333333333 0.3277777777777778 0.3333333333333333 0.3277777777777778 0.387037037037037 0.30833333333333335 0.387037037037037
36 0.3388888888888889 0.3333333333333333 0.34861111111111115 0.3333333333333333 0.34861111111111115 0.37037037037037035 0.3388888888888889 0.37037037037037035
0 0.35694444444444445 0.3333333333333333 0.38472222222222224 0.3333333333333333 0.38472222222222224 0.3851851851851852 0.35694444444444445 0.3851851851851852
1 0.3923611111111111 0.3333333333333333 0.40902777777777777 0.3333333333333333 0.40902777777777777 0.3851851851851852 0.3923611111111111 0.3851851851851852
37 0.4222222222222222 0.3333333333333333 0.45 0.3333333333333333 0.45 0.3851851851851852 0.4222222222222222 0.3851851851851852
2 0.4583333333333333 0.3333333333333333 0.4861111111111111 0.3333333333333333 0.4861111111111111 0.3851851851851852 0.4583333333333333 0.3851851851851852
4 0.5 0.3333333333333333 0.5194444444444445 0.3333333333333333 0.5194444444444445 0.38611111111111107 0.5 0.38611111111111107
37 0.5270833333333333 0.3333333333333333 0.5548611111111111 0.3333333333333333 0.5548611111111111 0.38611111111111107 0.5270833333333333 0.38611111111111107
2 0.5625 0.3333333333333333 0.5902777777777778 0.3333333333333333 0.5902777777777778 0.38611111111111107 0.5625 0.38611111111111107
0 0.6020833333333333 0.3333333333333333 0.6298611111111111 0.3333333333333333 0.6298611111111111 0.3851851851851852 0.6020833333333333 0.3851851851851852
2 0.6375 0.3333333333333333 0.6652777777777777 0.3333333333333333 0.6652777777777777 0.3851851851851852 0.6375 0.3851851851851852
5 0.6756944444444445 0.3333333333333333 0.7034722222222223 0.3333333333333333 0.7034722222222223 0.3851851851851852 0.6756944444444445 0.3851851851851852
