15 0.25 0.3333333333333333 0.2777777777777778 0.3333333333333333 0.2777777777777778 0.3851851851851852 0.25 0.3851851851851852
21 0.28888888888888886 0.3333333333333333 0.31666666666666665 0.3333333333333333 0.31666666666666665 0.3851851851851852 0.28888888888888886 0.3851851851851852
31 0.3263888888888889 0.3333333333333333 0.3541666666666667 0.3333333333333333 0.3541666666666667 0.3851851851851852 0.3263888888888889 0.3851851851851852
36 0.36527777777777776 0.3333333333333333 0.3763888888888889 0.3333333333333333 0.3763888888888889 0.3712962962962963 0.36527777777777776 0.3712962962962963
0 0.3840277777777778 0.3333333333333333 0.4118055555555556 0.3333333333333333 0.4118055555555556 0.3851851851851852 0.3840277777777778 0.3851851851851852
1 0.41875 0.3333333333333333 0.42986111111111114 0.3333333333333333 0.42986111111111114 0.38611111111111107 0.41875 0.38611111111111107
37 0.44375 0.3333333333333333 0.47152777777777777 0.3333333333333333 0.47152777777777777 0.37037037037037035 0.44375 0.37037037037037035
2 0.47847222222222224 0.3333333333333333 0.50625 0.3333333333333333 0.50625 0.3851851851851852 0.47847222222222224 0.3851851851851852
1 0.5131944444444444 0.3333333333333333 0.5298611111111111 0.3333333333333333 0.5298611111111111 0.3851851851851852 0.5131944444444444 0.3851851851851852
37 0.5430555555555555 0.3333333333333333 0.5708333333333333 0.3333333333333333 0.5708333333333333 0.3851851851851852 0.5430555555555555 0.3851851851851852
2 0.5784722222222223 0.3333333333333333 0.6062500000000001 0.3333333333333333 0.6062500000000001 0.38611111111111107 0.5784722222222223 0.38611111111111107
0 0.6166666666666667 0.3333333333333333 0.6444444444444445 0.3333333333333333 0.6444444444444445 0.3851851851851852 0.6166666666666667 0.3851851851851852
2 0.6548611111111111 0.3333333333333333 0.6743055555555556 0.3333333333333333 0.6743055555555556 0.38611111111111107 0.6548611111111111 0.38611111111111107
5 0.68125 0.3333333333333333 0.7090277777777778 0.3333333333333333 0.7090277777777778 0.3851851851851852 0.68125 0.3851851851851852
