11 0.25 0.3333333333333333 0.2777777777777778 0.3333333333333333 0.2777777777777778 0.3851851851851852 0.25 0.3851851851851852
12 0.28680555555555554 0.3333333333333333 0.3145833333333333 0.3333333333333333 0.3145833333333333 0.3851851851851852 0.28680555555555554 0.3851851851851852
11 0.32569444444444445 0.3333333333333333 0.35347222222222224 0.3333333333333333 0.35347222222222224 0.3851851851851852 0.32569444444444445 0.3851851851851852
36 0.36041666666666666 0.3333333333333333 0.3645833333333333 0.3333333333333333 0.3645833333333333 0.36296296296296293 0.36041666666666666 0.36296296296296293
0 0.3729166666666667 0.3333333333333333 0.3923611111111111 0.3333333333333333 0.3923611111111111 0.387037037037037 0.3729166666666667 0.387037037037037
5 0.40555555555555556 0.3333333333333333 0.43333333333333335 0.3333333333333333 0.43333333333333335 0.3851851851851852 0.40555555555555556 0.3851851851851852
37 0.44166666666666665 0.3333333333333333 0.46944444444444444 0.3333333333333333 0.46944444444444444 0.38611111111111107 0.44166666666666665 0.38611111111111107
2 0.47708333333333336 0.3333333333333333 0.5048611111111111 0.3333333333333333 0.5048611111111111 0.3851851851851852 0.47708333333333336 0.3851851851851852
5 0.5145833333333333 0.3333333333333333 0.5423611111111111 0.3333333333333333 0.5423611111111111 0.3851851851851852 0.5145833333333333 0.3851851851851852
37 0.55625 0.3333333333333333 0.5840277777777778 0.3333333333333333 0.5840277777777778 0.3851851851851852 0.55625 0.3851851851851852
2 0.5944444444444444 0.3333333333333333 0.6222222222222222 0.3333333333333333 0.6222222222222222 0.38611111111111107 0.5944444444444444 0.38611111111111107
0 0.6319444444444444 0.3333333333333333 0.6597222222222222 0.3333333333333333 0.6597222222222222 0.3851851851851852 0.6319444444444444 0.3851851851851852
2 0.6666666666666666 0.3333333333333333 0.6944444444444444 0.3333333333333333 0.6944444444444444 0.3851851851851852 0.6666666666666666 0.3851851851851852
5 0.7020833333333333 0.3333333333333333 0.7298611111111111 0.3333333333333333 0.7298611111111111 0.3851851851851852 0.7020833333333333 0.3851851851851852
