12 0.25 0.3333333333333333 0.2777777777777778 0.3333333333333333 0.2777777777777778 0.3851851851851852 0.25 0.3851851851851852
11 0.2875 0.3333333333333333 0.3069444444444444 0.3333333333333333 0.3069444444444444 0.38611111111111107 0.2875 0.38611111111111107
16 0.3194444444444444 0.3333333333333333 0.3472222222222222 0.3333333333333333 0.3472222222222222 0.3851851851851852 0.3194444444444444 0.3851851851851852
36 0.36041666666666666 0.3333333333333333 0.3645833333333333 0.3333333333333333 0.3645833333333333 0.3638888888888889 0.36041666666666666 0.3638888888888889
0 0.3729166666666667 0.3333333333333333 0.40069444444444446 0.3333333333333333 0.40069444444444446 0.3851851851851852 0.3729166666666667 0.3851851851851852
9 0.4083333333333333 0.3333333333333333 0.4361111111111111 0.3333333333333333 0.4361111111111111 0.3851851851851852 0.4083333333333333 0.3851851851851852
37 0.44930555555555557 0.3333333333333333 0.47708333333333336 0.3333333333333333 0.47708333333333336 0.3851851851851852 0.44930555555555557 0.3851851851851852
1 0.4861111111111111 0.3333333333333333 0.4986111111111111 0.3333333333333333 0.4986111111111111 0.38611111111111107 0.4861111111111111 0.38611111111111107
0 0.5118055555555555 0.3333333333333333 0.5395833333333333 0.3333333333333333 0.5395833333333333 0.3851851851851852 0.5118055555555555 0.3851851851851852
37 0.5472222222222223 0.3333333333333333 0.5750000000000001 0.3333333333333333 0.5750000000000001 0.3851851851851852 0.5472222222222223 0.3851851851851852
2 0.5868055555555556 0.3333333333333333 0.6062500000000001 0.3333333333333333 0.6062500000000001 0.38611111111111107 0.5868055555555556 0.38611111111111107
0 0.6138888888888889 0.3333333333333333 0.6416666666666667 0.3333333333333333 0.6416666666666667 0.3851851851851852 0.6138888888888889 0.3851851851851852
2 0.6513888888888889 0.3333333333333333 0.6708333333333334 0.3333333333333333 0.6708333333333334 0.38611111111111107 0.6513888888888889 0.38611111111111107
5 0.6798611111111111 0.3333333333333333 0.7076388888888889 0.3333333333333333 0.7076388888888889 0.3851851851851852 0.6798611111111111 0.3851851851851852
