16 0.25 0.3333333333333333 0.26944444444444443 0.3333333333333333 0.26944444444444443 0.38611111111111107 0.25 0.38611111111111107
28 0.28125 0.3333333333333333 0.3090277777777778 0.3333333333333333 0.3090277777777778 0.3851851851851852 0.28125 0.3851851851851852
31 0.3173611111111111 0.3333333333333333 0.3451388888888889 0.3333333333333333 0.3451388888888889 0.3851851851851852 0.3173611111111111 0.3851851851851852
36 0.35694444444444445 0.3333333333333333 0.3611111111111111 0.3333333333333333 0.3611111111111111 0.3648148148148148 0.35694444444444445 0.3648148148148148
1 0.37083333333333335 0.3333333333333333 0.3875 0.3333333333333333 0.3875 0.3851851851851852 0.37083333333333335 0.3851851851851852
1 0.3958333333333333 0.3333333333333333 0.4111111111111111 0.3333333333333333 0.4111111111111111 0.38611111111111107 0.3958333333333333 0.38611111111111107
37 0.41875 0.3333333333333333 0.4465277777777778 0.3333333333333333 0.4465277777777778 0.3851851851851852 0.41875 0.3851851851851852
1 0.45625 0.3333333333333333 0.46805555555555556 0.3333333333333333 0.46805555555555556 0.38611111111111107 0.45625 0.38611111111111107
8 0.475 0.3333333333333333 0.5027777777777778 0.3333333333333333 0.5027777777777778 0.3851851851851852 0.475 0.3851851851851852
37 0.5118055555555555 0.3333333333333333 0.5395833333333333 0.3333333333333333 0.5395833333333333 0.3851851851851852 0.5118055555555555 0.3851851851851852
2 0.5527777777777778 0.3333333333333333 0.5805555555555556 0.3333333333333333 0.5805555555555556 0.3851851851851852 0.5527777777777778 0.3851851851851852
0 0.59375 0.3333333333333333 0.6131944444444445 0.3333333333333333 0.6131944444444445 0.38611111111111107 0.59375 0.38611111111111107
2 0.625 0.3333333333333333 0.6444444444444445 0.3333333333333333 0.6444444444444445 0.38611111111111107 0.625 0.38611111111111107
4 0.6548611111111111 0.3333333333333333 0.6826388888888889 0.3333333333333333 0.6826388888888889 0.3851851851851852 0.6548611111111111 0.3851851851851852
