16 0.25 0.3333333333333333 0.2777777777777778 0.3333333333333333 0.2777777777777778 0.38611111111111107 0.25 0.38611111111111107
20 0.2916666666666667 0.3333333333333333 0.3111111111111111 0.3333333333333333 0.3111111111111111 0.38611111111111107 0.2916666666666667 0.38611111111111107
18 0.31875 0.3333333333333333 0.3298611111111111 0.3333333333333333 0.3298611111111111 0.38611111111111107 0.31875 0.38611111111111107
36 0.3416666666666667 0.3333333333333333 0.3513888888888889 0.3333333333333333 0.3513888888888889 0.37037037037037035 0.3416666666666667 0.37037037037037035
0 0.3611111111111111 0.3333333333333333 0.3888888888888889 0.3333333333333333 0.3888888888888889 0.38611111111111107 0.3611111111111111 0.38611111111111107
2 0.4027777777777778 0.3333333333333333 0.4305555555555556 0.3333333333333333 0.4305555555555556 0.3851851851851852 0.4027777777777778 0.3851851851851852
37 0.44027777777777777 0.3333333333333333 0.46805555555555556 0.3333333333333333 0.46805555555555556 0.3851851851851852 0.44027777777777777 0.3851851851851852
1 0.47847222222222224 0.3333333333333333 0.4951388888888889 0.3333333333333333 0.4951388888888889 0.38611111111111107 0.47847222222222224 0.38611111111111107
1 0.5034722222222222 0.3333333333333333 0.5145833333333333 0.3333333333333333 0.5145833333333333 0.387037037037037 0.5034722222222222 0.387037037037037
37 0.525 0.3333333333333333 0.5527777777777778 0.3333333333333333 0.5527777777777778 0.3712962962962963 0.525 0.3712962962962963
2 0.5666666666666667 0.3333333333333333 0.5944444444444444 0.3333333333333333 0.5944444444444444 0.3851851851851852 0.5666666666666667 0.3851851851851852
0 0.6020833333333333 0.3333333333333333 0.6298611111111111 0.3333333333333333 0.6298611111111111 0.3851851851851852 0.6020833333333333 0.3851851851851852
2 0.6416666666666667 0.3333333333333333 0.6694444444444445 0.3333333333333333 0.6694444444444445 0.3851851851851852 0.6416666666666667 0.3851851851851852
5 0.6826388888888889 0.3333333333333333 0.7020833333333334 0.3333333333333333 0.7020833333333334 0.38611111111111107 0.6826388888888889 0.38611111111111107
