21 0.25 0.3333333333333333 0.2777777777777778 0.3333333333333333 0.2777777777777778 0.3851851851851852 0.25 0.3851851851851852
12 0.2881944444444444 0.3333333333333333 0.3159722222222222 0.3333333333333333 0.3159722222222222 0.3851851851851852 0.2881944444444444 0.3851851851851852
29 0.32916666666666666 0.3333333333333333 0.3486111111111111 0.3333333333333333 0.3486111111111111 0.38611111111111107 0.32916666666666666 0.38611111111111107
36 0.36041666666666666 0.3333333333333333 0.3715277777777778 0.3333333333333333 0.3715277777777778 0.37037037037037035 0.36041666666666666 0.37037037037037035
0 0.37916666666666665 0.3333333333333333 0.3986111111111111 0.3333333333333333 0.3986111111111111 0.387037037037037 0.37916666666666665 0.387037037037037
6 0.41041666666666665 0.3333333333333333 0.4298611111111111 0.3333333333333333 0.4298611111111111 0.38611111111111107 0.41041666666666665 0.38611111111111107
37 0.43819444444444444 0.3333333333333333 0.46597222222222223 0.3333333333333333 0.46597222222222223 0.3851851851851852 0.43819444444444444 0.3851851851851852
2 0.47430555555555554 0.3333333333333333 0.49374999999999997 0.3333333333333333 0.49374999999999997 0.387037037037037 0.47430555555555554 0.387037037037037
8 0.5076388888888889 0.3333333333333333 0.5270833333333333 0.3333333333333333 0.5270833333333333 0.387037037037037 0.5076388888888889 0.387037037037037
37 0.5361111111111111 0.3333333333333333 0.5638888888888889 0.3333333333333333 0.5638888888888889 0.3851851851851852 0.5361111111111111 0.3851851851851852
2 0.5715277777777777 0.3333333333333333 0.5993055555555555 0.3333333333333333 0.5993055555555555 0.38611111111111107 0.5715277777777777 0.38611111111111107
0 0.6131944444444445 0.3333333333333333 0.6409722222222223 0.3333333333333333 0.6409722222222223 0.3851851851851852 0.6131944444444445 0.3851851851851852
2 0.6513888888888889 0.3333333333333333 0.6791666666666667 0.3333333333333333 0.6791666666666667 0.38611111111111107 0.6513888888888889 0.38611111111111107
5 0.6902777777777778 0.3333333333333333 0.7097222222222223 0.3333333333333333 0.7097222222222223 0.38611111111111107 0.6902777777777778 0.38611111111111107
