23 0.25 0.3333333333333333 0.2777777777777778 0.3333333333333333 0.2777777777777778 0.3851851851851852 0.25 0.3851851851851852
13 0.2861111111111111 0.3333333333333333 0.3055555555555555 0.3333333333333333 0.3055555555555555 0.387037037037037 0.2861111111111111 0.387037037037037
19 0.31805555555555554 0.3333333333333333 0.3458333333333333 0.3333333333333333 0.3458333333333333 0.3851851851851852 0.31805555555555554 0.3851851851851852
36 0.3527777777777778 0.3333333333333333 0.36388888888888893 0.3333333333333333 0.36388888888888893 0.37037037037037035 0.3527777777777778 0.37037037037037035
0 0.37222222222222223 0.3333333333333333 0.4 0.3333333333333333 0.4 0.3851851851851852 0.37222222222222223 0.3851851851851852
2 0.4131944444444444 0.3333333333333333 0.43263888888888885 0.3333333333333333 0.43263888888888885 0.38611111111111107 0.4131944444444444 0.38611111111111107
37 0.44305555555555554 0.3333333333333333 0.45416666666666666 0.3333333333333333 0.45416666666666666 0.3638888888888889 0.44305555555555554 0.3638888888888889
2 0.46319444444444446 0.3333333333333333 0.4826388888888889 0.3333333333333333 0.4826388888888889 0.38611111111111107 0.46319444444444446 0.38611111111111107
3 0.49236111111111114 0.3333333333333333 0.5201388888888889 0.3333333333333333 0.5201388888888889 0.3851851851851852 0.49236111111111114 0.3851851851851852
37 0.5277777777777778 0.3333333333333333 0.5548611111111111 0.3333333333333333 0.5548611111111111 0.3694444444444444 0.5277777777777778 0.3694444444444444
2 0.5673611111111111 0.3333333333333333 0.5951388888888889 0.3333333333333333 0.5951388888888889 0.3851851851851852 0.5673611111111111 0.3851851851851852
0 0.6034722222222222 0.3333333333333333 0.63125 0.3333333333333333 0.63125 0.3851851851851852 0.6034722222222222 0.3851851851851852
2 0.6451388888888889 0.3333333333333333 0.6729166666666667 0.3333333333333333 0.6729166666666667 0.3851851851851852 0.6451388888888889 0.3851851851851852
5 0.6854166666666667 0.3333333333333333 0.7131944444444445 0.3333333333333333 0.7131944444444445 0.38611111111111107 0.6854166666666667 0.38611111111111107
