14 0.25 0.3333333333333333 0.26944444444444443 0.3333333333333333 0.26944444444444443 0.38611111111111107 0.25 0.38611111111111107
26 0.27708333333333335 0.3333333333333333 0.30486111111111114 0.3333333333333333 0.30486111111111114 0.3851851851851852 0.27708333333333335 0.3851851851851852
16 0.3173611111111111 0.3333333333333333 0.3451388888888889 0.3333333333333333 0.3451388888888889 0.3851851851851852 0.3173611111111111 0.3851851851851852
36 0.3590277777777778 0.3333333333333333 0.36875 0.3333333333333333 0.36875 0.37037037037037035 0.3590277777777778 0.37037037037037035
0 0.3798611111111111 0.3333333333333333 0.4076388888888889 0.3333333333333333 0.4076388888888889 0.3851851851851852 0.3798611111111111 0.3851851851851852
8 0.41597222222222224 0.3333333333333333 0.4354166666666667 0.3333333333333333 0.4354166666666667 0.38611111111111107 0.41597222222222224 0.38611111111111107
37 0.44375 0.3333333333333333 0.47152777777777777 0.3333333333333333 0.47152777777777777 0.3851851851851852 0.44375 0.3851851851851852
1 0.4826388888888889 0.3333333333333333 0.49930555555555556 0.3333333333333333 0.49930555555555556 0.38611111111111107 0.4826388888888889 0.38611111111111107
1 0.5131944444444444 0.3333333333333333 0.5298611111111111 0.3333333333333333 0.5298611111111111 0.3851851851851852 0.5131944444444444 0.3851851851851852
37 0.5388888888888889 0.3333333333333333 0.5666666666666667 0.3333333333333333 0.5666666666666667 0.3712962962962963 0.5388888888888889 0.3712962962962963
2 0.5777777777777777 0.3333333333333333 0.5972222222222222 0.3333333333333333 0.5972222222222222 0.38611111111111107 0.5777777777777777 0.38611111111111107
0 0.6041666666666666 0.3333333333333333 0.6319444444444444 0.3333333333333333 0.6319444444444444 0.3851851851851852 0.6041666666666666 0.3851851851851852
2 0.6444444444444445 0.3333333333333333 0.6722222222222223 0.3333333333333333 0.6722222222222223 0.3851851851851852 0.6444444444444445 0.3851851851851852
5 0.68125 0.3333333333333333 0.7090277777777778 0.3333333333333333 0.7090277777777778 0.3851851851851852 0.68125 0.3851851851851852
