24 0.25 0.3333333333333333 0.26944444444444443 0.3333333333333333 0.26944444444444443 0.38611111111111107 0.25 0.38611111111111107
21 0.28055555555555556 0.3333333333333333 0.3 0.3333333333333333 0.3 0.38611111111111107 0.28055555555555556 0.38611111111111107
18 0.30833333333333335 0.3333333333333333 0.3194444444444445 0.3333333333333333 0.3194444444444445 0.38611111111111107 0.30833333333333335 0.38611111111111107
36 0.33055555555555555 0.3333333333333333 0.3347222222222222 0.3333333333333333 0.3347222222222222 0.3638888888888889 0.33055555555555555 0.3638888888888889
0 0.34652777777777777 0.3333333333333333 0.37430555555555556 0.3333333333333333 0.37430555555555556 0.3851851851851852 0.34652777777777777 0.3851851851851852
5 0.38680555555555557 0.3333333333333333 0.40625 0.3333333333333333 0.40625 0.38611111111111107 0.38680555555555557 0.38611111111111107
37 0.4201388888888889 0.3333333333333333 0.4479166666666667 0.3333333333333333 0.4479166666666667 0.3851851851851852 0.4201388888888889 0.3851851851851852
0 0.4583333333333333 0.3333333333333333 0.4861111111111111 0.3333333333333333 0.4861111111111111 0.3851851851851852 0.4583333333333333 0.3851851851851852
3 0.4965277777777778 0.3333333333333333 0.5243055555555556 0.3333333333333333 0.5243055555555556 0.3851851851851852 0.4965277777777778 0.3851851851851852
37 0.5381944444444444 0.3333333333333333 0.5659722222222222 0.3333333333333333 0.5659722222222222 0.38611111111111107 0.5381944444444444 0.38611111111111107
2 0.5798611111111112 0.3333333333333333 0.607638888888889 0.3333333333333333 0.607638888888889 0.38611111111111107 0.5798611111111112 0.38611111111111107
0 0.6152777777777778 0.3333333333333333 0.6347222222222223 0.3333333333333333 0.6347222222222223 0.38611111111111107 0.6152777777777778 0.38611111111111107
2 0.6430555555555556 0.3333333333333333 0.6708333333333334 0.3333333333333333 0.6708333333333334 0.3851851851851852 0.6430555555555556 0.3851851851851852
5 0.6819444444444445 0.3333333333333333 0.7097222222222223 0.3333333333333333 0.7097222222222223 0.3851851851851852 0.6819444444444445 0.3851851851851852
