16 0.25 0.3333333333333333 0.2777777777777778 0.3333333333333333 0.2777777777777778 0.3851851851851852 0.25 0.3851851851851852
35 0.29097222222222224 0.3333333333333333 0.31875000000000003 0.3333333333333333 0.31875000000000003 0.3851851851851852 0.29097222222222224 0.3851851851851852
12 0.32569444444444445 0.3333333333333333 0.3451388888888889 0.3333333333333333 0.3451388888888889 0.38611111111111107 0.32569444444444445 0.38611111111111107
36 0.3541666666666667 0.3333333333333333 0.35833333333333334 0.3333333333333333 0.35833333333333334 0.3648148148148148 0.3541666666666667 0.3648148148148148
0 0.36875 0.3333333333333333 0.3965277777777778 0.3333333333333333 0.3965277777777778 0.3851851851851852 0.36875 0.3851851851851852
2 0.40555555555555556 0.3333333333333333 0.43333333333333335 0.3333333333333333 0.43333333333333335 0.3851851851851852 0.40555555555555556 0.3851851851851852
37 0.44166666666666665 0.3333333333333333 0.46944444444444444 0.3333333333333333 0.46944444444444444 0.3851851851851852 0.44166666666666665 0.3851851851851852
0 0.4826388888888889 0.3333333333333333 0.5104166666666666 0.3333333333333333 0.5104166666666666 0.38611111111111107 0.4826388888888889 0.38611111111111107
5 0.5215277777777778 0.3333333333333333 0.5493055555555556 0.3333333333333333 0.5493055555555556 0.3851851851851852 0.5215277777777778 0.3851851851851852
37 0.5597222222222222 0.3333333333333333 0.5875 0.3333333333333333 0.5875 0.3851851851851852 0.5597222222222222 0.3851851851851852
2 0.6013888888888889 0.3333333333333333 0.6208333333333333 0.3333333333333333 0.6208333333333333 0.38611111111111107 0.6013888888888889 0.38611111111111107
0 0.6340277777777777 0.3333333333333333 0.6534722222222222 0.3333333333333333 0.6534722222222222 0.38611111111111107 0.6340277777777777 0.38611111111111107
2 0.6666666666666666 0.3333333333333333 0.6861111111111111 0.3333333333333333 0.6861111111111111 0.387037037037037 0.6666666666666666 0.387037037037037
5 0.6958333333333333 0.3333333333333333 0.7236111111111111 0.3333333333333333 0.7236111111111111 0.3851851851851852 0.6958333333333333 0.3851851851851852
