10 0.25 0.3333333333333333 0.2777777777777778 0.3333333333333333 0.2777777777777778 0.38611111111111107 0.25 0.38611111111111107
19 0.28888888888888886 0.3333333333333333 0.3083333333333333 0.3333333333333333 0.3083333333333333 0.38611111111111107 0.28888888888888886 0.38611111111111107
20 0.3215277777777778 0.3333333333333333 0.34097222222222223 0.3333333333333333 0.34097222222222223 0.38611111111111107 0.3215277777777778 0.38611111111111107
36 0.3548611111111111 0.3333333333333333 0.36597222222222225 0.3333333333333333 0.36597222222222225 0.37037037037037035 0.3548611111111111 0.37037037037037035
1 0.3798611111111111 0.3333333333333333 0.3909722222222222 0.3333333333333333 0.3909722222222222 0.38611111111111107 0.3798611111111111 0.38611111111111107
2 0.39861111111111114 0.3333333333333333 0.42638888888888893 0.3333333333333333 0.42638888888888893 0.38611111111111107 0.39861111111111114 0.38611111111111107
37 0.4388888888888889 0.3333333333333333 0.4666666666666667 0.3333333333333333 0.4666666666666667 0.3851851851851852 0.4388888888888889 0.3851851851851852
0 0.47638888888888886 0.3333333333333333 0.5041666666666667 0.3333333333333333 0.5041666666666667 0.3851851851851852 0.47638888888888886 0.3851851851851852
2 0.5145833333333333 0.3333333333333333 0.5423611111111111 0.3333333333333333 0.5423611111111111 0.3851851851851852 0.5145833333333333 0.3851851851851852
37 0.5555555555555556 0.3333333333333333 0.5833333333333334 0.3333333333333333 0.5833333333333334 0.37037037037037035 0.5555555555555556 0.37037037037037035
2 0.59375 0.3333333333333333 0.6215277777777778 0.3333333333333333 0.6215277777777778 0.3851851851851852 0.59375 0.3851851851851852
0 0.6305555555555555 0.3333333333333333 0.65 0.3333333333333333 0.65 0.38611111111111107 0.6305555555555555 0.38611111111111107
2 0.6611111111111111 0.3333333333333333 0.6888888888888889 0.3333333333333333 0.6888888888888889 0.38611111111111107 0.6611111111111111 0.38611111111111107
4 0.6972222222222222 0.3333333333333333 0.725 0.3333333333333333 0.725 0.3851851851851852 0.6972222222222222 0.3851851851851852
