31 0.25 0.3333333333333333 0.2777777777777778 0.3333333333333333 0.2777777777777778 0.3851851851851852 0.25 0.3851851851851852
16 0.2847222222222222 0.3333333333333333 0.30416666666666664 0.3333333333333333 0.30416666666666664 0.38611111111111107 0.2847222222222222 0.38611111111111107
16 0.3138888888888889 0.3333333333333333 0.3416666666666667 0.3333333333333333 0.3416666666666667 0.38611111111111107 0.3138888888888889 0.38611111111111107
36 0.3486111111111111 0.3333333333333333 0.3597222222222222 0.3333333333333333 0.3597222222222222 0.3712962962962963 0.3486111111111111 0.3712962962962963
0 0.36736111111111114 0.3333333333333333 0.39513888888888893 0.3333333333333333 0.39513888888888893 0.3851851851851852 0.36736111111111114 0.3851851851851852
6 0.4083333333333333 0.3333333333333333 0.4361111111111111 0.3333333333333333 0.4361111111111111 0.3851851851851852 0.4083333333333333 0.3851851851851852
37 0.4479166666666667 0.3333333333333333 0.4548611111111111 0.3333333333333333 0.4548611111111111 0.3537037037037037 0.4479166666666667 0.3537037037037037
2 0.46805555555555556 0.3333333333333333 0.49583333333333335 0.3333333333333333 0.49583333333333335 0.3851851851851852 0.46805555555555556 0.3851851851851852
6 0.5076388888888889 0.3333333333333333 0.5270833333333333 0.3333333333333333 0.5270833333333333 0.38611111111111107 0.5076388888888889 0.38611111111111107
37 0.5395833333333333 0.3333333333333333 0.5673611111111111 0.3333333333333333 0.5673611111111111 0.37037037037037035 0.5395833333333333 0.37037037037037035
2 0.5798611111111112 0.3333333333333333 0.607638888888889 0.3333333333333333 0.607638888888889 0.3851851851851852 0.5798611111111112 0.3851851851851852
0 0.6194444444444445 0.3333333333333333 0.638888888888889 0.3333333333333333 0.638888888888889 0.387037037037037 0.6194444444444445 0.387037037037037
2 0.6520833333333333 0.3333333333333333 0.6715277777777778 0.3333333333333333 0.6715277777777778 0.38611111111111107 0.6520833333333333 0.38611111111111107
5 0.68125 0.3333333333333333 0.7006944444444445 0.3333333333333333 0.7006944444444445 0.38611111111111107 0.68125 0.38611111111111107
