10 0.25 0.3333333333333333 0.2777777777777778 0.3333333333333333 0.2777777777777778 0.3851851851851852 0.25 0.3851851851851852
22 0.2916666666666667 0.3333333333333333 0.3194444444444445 0.3333333333333333 0.3194444444444445 0.3851851851851852 0.2916666666666667 0.3851851851851852
13 0.33125 0.3333333333333333 0.3506944444444444 0.3333333333333333 0.3506944444444444 0.387037037037037 0.33125 0.387037037037037
36 0.3625 0.3333333333333333 0.3736111111111111 0.3333333333333333 0.3736111111111111 0.3712962962962963 0.3625 0.3712962962962963
0 0.38125 0.3333333333333333 0.4006944444444444 0.3333333333333333 0.4006944444444444 0.38611111111111107 0.38125 0.38611111111111107
3 0.4097222222222222 0.3333333333333333 0.4375 0.3333333333333333 0.4375 0.3851851851851852 0.4097222222222222 0.3851851851851852
37 0.44722222222222224 0.3333333333333333 0.45833333333333337 0.3333333333333333 0.45833333333333337 0.3638888888888889 0.44722222222222224 0.3638888888888889
0 0.4666666666666667 0.3333333333333333 0.49444444444444446 0.3333333333333333 0.49444444444444446 0.3851851851851852 0.4666666666666667 0.3851851851851852
6 0.5083333333333333 0.3333333333333333 0.5277777777777778 0.3333333333333333 0.5277777777777778 0.38611111111111107 0.5083333333333333 0.38611111111111107
37 0.5416666666666666 0.3333333333333333 0.548611111111111 0.3333333333333333 0.548611111111111 0.3537037037037037 0.5416666666666666 0.3537037037037037
2 0.5604166666666667 0.3333333333333333 0.5881944444444445 0.3333333333333333 0.5881944444444445 0.3851851851851852 0.5604166666666667 0.3851851851851852
0 0.6013888888888889 0.3333333333333333 0.6291666666666667 0.3333333333333333 0.6291666666666667 0.3851851851851852 0.6013888888888889 0.3851851851851852
2 0.6368055555555555 0.3333333333333333 0.6645833333333333 0.3333333333333333 0.6645833333333333 0.38611111111111107 0.6368055555555555 0.38611111111111107
5 0.6777777777777778 0.3333333333333333 0.6972222222222223 0.3333333333333333 0.6972222222222223 0.387037037037037 0.6777777777777778 0.387037037037037
