20 0.25 0.3333333333333333 0.26944444444444443 0.3333333333333333 0.26944444444444443 0.38611111111111107 0.25 0.38611111111111107
29 0.28125 0.3333333333333333 0.3090277777777778 0.3333333333333333 0.3090277777777778 0.3851851851851852 0.28125 0.3851851851851852
12 0.3173611111111111 0.3333333333333333 0.3451388888888889 0.3333333333333333 0.3451388888888889 0.3851851851851852 0.3173611111111111 0.3851851851851852
36 0.3590277777777778 0.3333333333333333 0.36875 0.3333333333333333 0.36875 0.37037037037037035 0.3590277777777778 0.37037037037037035
0 0.3798611111111111 0.3333333333333333 0.4076388888888889 0.3333333333333333 0.4076388888888889 0.3851851851851852 0.3798611111111111 0.3851851851851852
1 0.4215277777777778 0.3333333333333333 0.43819444444444444 0.3333333333333333 0.43819444444444444 0.3851851851851852 0.4215277777777778 0.3851851851851852
37 0.4465277777777778 0.3333333333333333 0.4743055555555556 0.3333333333333333 0.4743055555555556 0.3712962962962963 0.4465277777777778 0.3712962962962963
0 0.4847222222222222 0.3333333333333333 0.5125 0.3333333333333333 0.5125 0.3851851851851852 0.4847222222222222 0.3851851851851852
2 0.5236111111111111 0.3333333333333333 0.5430555555555556 0.3333333333333333 0.5430555555555556 0.38611111111111107 0.5236111111111111 0.38611111111111107
37 0.55 0.3333333333333333 0.5611111111111111 0.3333333333333333 0.5611111111111111 0.3648148148148148 0.55 0.3648148148148148
2 0.5743055555555555 0.3333333333333333 0.6020833333333333 0.3333333333333333 0.6020833333333333 0.3851851851851852 0.5743055555555555 0.3851851851851852
0 0.6138888888888889 0.3333333333333333 0.6333333333333334 0.3333333333333333 0.6333333333333334 0.38611111111111107 0.6138888888888889 0.38611111111111107
2 0.6451388888888889 0.3333333333333333 0.6645833333333334 0.3333333333333333 0.6645833333333334 0.38611111111111107 0.6451388888888889 0.38611111111111107
5 0.6777777777777778 0.3333333333333333 0.7055555555555556 0.3333333333333333 0.7055555555555556 0.3851851851851852 0.6777777777777778 0.3851851851851852
