20 0.25 0.3333333333333333 0.2777777777777778 0.3333333333333333 0.2777777777777778 0.3851851851851852 0.25 0.3851851851851852
24 0.29097222222222224 0.3333333333333333 0.3104166666666667 0.3333333333333333 0.3104166666666667 0.38611111111111107 0.29097222222222224 0.38611111111111107
35 0.3194444444444444 0.3333333333333333 0.33888888888888885 0.3333333333333333 0.33888888888888885 0.38611111111111107 0.3194444444444444 0.38611111111111107
36 0.3486111111111111 0.3333333333333333 0.35833333333333334 0.3333333333333333 0.35833333333333334 0.37037037037037035 0.3486111111111111 0.37037037037037035
0 0.3680555555555556 0.3333333333333333 0.39583333333333337 0.3333333333333333 0.39583333333333337 0.3851851851851852 0.3680555555555556 0.3851851851851852
7 0.4083333333333333 0.3333333333333333 0.42777777777777776 0.3333333333333333 0.42777777777777776 0.38611111111111107 0.4083333333333333 0.38611111111111107
37 0.4409722222222222 0.3333333333333333 0.46875 0.3333333333333333 0.46875 0.3851851851851852 0.4409722222222222 0.3851851851851852
0 0.4826388888888889 0.3333333333333333 0.5104166666666666 0.3333333333333333 0.5104166666666666 0.3851851851851852 0.4826388888888889 0.3851851851851852
5 0.5229166666666667 0.3333333333333333 0.5423611111111112 0.3333333333333333 0.5423611111111112 0.387037037037037 0.5229166666666667 0.387037037037037
37 0.5555555555555556 0.3333333333333333 0.5833333333333334 0.3333333333333333 0.5833333333333334 0.37037037037037035 0.5555555555555556 0.37037037037037035
2 0.5944444444444444 0.3333333333333333 0.6222222222222222 0.3333333333333333 0.6222222222222222 0.38611111111111107 0.5944444444444444 0.38611111111111107
0 0.6361111111111111 0.3333333333333333 0.6638888888888889 0.3333333333333333 0.6638888888888889 0.3851851851851852 0.6361111111111111 0.3851851851851852
2 0.6777777777777778 0.3333333333333333 0.6972222222222223 0.3333333333333333 0.6972222222222223 0.38611111111111107 0.6777777777777778 0.38611111111111107
5 0.7048611111111112 0.3333333333333333 0.732638888888889 0.3333333333333333 0.732638888888889 0.3851851851851852 0.7048611111111112 0.3851851851851852
