10 0.25 0.3333333333333333 0.26944444444444443 0.3333333333333333 0.26944444444444443 0.387037037037037 0.25 0.387037037037037
11 0.27847222222222223 0.3333333333333333 0.30625 0.3333333333333333 0.30625 0.3851851851851852 0.27847222222222223 0.3851851851851852
21 0.3194444444444444 0.3333333333333333 0.3472222222222222 0.3333333333333333 0.3472222222222222 0.3851851851851852 0.3194444444444444 0.3851851851851852
36 0.3541666666666667 0.3333333333333333 0.35833333333333334 0.3333333333333333 0.35833333333333334 0.3638888888888889 0.3541666666666667 0.3638888888888889
1 0.36527777777777776 0.3333333333333333 0.3722222222222222 0.3333333333333333 0.3722222222222222 0.38611111111111107 0.36527777777777776 0.38611111111111107
2 0.38472222222222224 0.3333333333333333 0.41250000000000003 0.3333333333333333 0.41250000000000003 0.3851851851851852 0.38472222222222224 0.3851851851851852
37 0.4201388888888889 0.3333333333333333 0.43125 0.3333333333333333 0.43125 0.3638888888888889 0.4201388888888889 0.3638888888888889
2 0.44375 0.3333333333333333 0.47152777777777777 0.3333333333333333 0.47152777777777777 0.3851851851851852 0.44375 0.3851851851851852
0 0.4798611111111111 0.3333333333333333 0.5076388888888889 0.3333333333333333 0.5076388888888889 0.3851851851851852 0.4798611111111111 0.3851851851851852
37 0.5208333333333334 0.3333333333333333 0.5486111111111112 0.3333333333333333 0.5486111111111112 0.38611111111111107 0.5208333333333334 0.38611111111111107
2 0.55625 0.3333333333333333 0.5756944444444445 0.3333333333333333 0.5756944444444445 0.38611111111111107 0.55625 0.38611111111111107
0 0.5840277777777778 0.3333333333333333 0.6034722222222223 0.3333333333333333 0.6034722222222223 0.387037037037037 0.5840277777777778 0.387037037037037
2 0.6104166666666667 0.3333333333333333 0.6381944444444445 0.3333333333333333 0.6381944444444445 0.3851851851851852 0.6104166666666667 0.3851851851851852
4 0.6513888888888889 0.3333333333333333 0.6708333333333334 0.3333333333333333 0.6708333333333334 0.38611111111111107 0.6513888888888889 0.38611111111111107
