13 0.25 0.3333333333333333 0.2777777777777778 0.3333333333333333 0.2777777777777778 0.3851851851851852 0.25 0.3851851851851852
10 0.2861111111111111 0.3333333333333333 0.3138888888888889 0.3333333333333333 0.3138888888888889 0.3851851851851852 0.2861111111111111 0.3851851851851852
35 0.32430555555555557 0.3333333333333333 0.35208333333333336 0.3333333333333333 0.35208333333333336 0.3851851851851852 0.32430555555555557 0.3851851851851852
36 0.3659722222222222 0.3333333333333333 0.37569444444444444 0.3333333333333333 0.37569444444444444 0.37037037037037035 0.3659722222222222 0.37037037037037035
0 0.38819444444444445 0.3333333333333333 0.41597222222222224 0.3333333333333333 0.41597222222222224 0.38611111111111107 0.38819444444444445 0.38611111111111107
8 0.4236111111111111 0.3333333333333333 0.4513888888888889 0.3333333333333333 0.4513888888888889 0.3851851851851852 0.4236111111111111 0.3851851851851852
37 0.4638888888888889 0.3333333333333333 0.4916666666666667 0.3333333333333333 0.4916666666666667 0.37037037037037035 0.4638888888888889 0.37037037037037035
0 0.4986111111111111 0.3333333333333333 0.5263888888888889 0.3333333333333333 0.5263888888888889 0.3851851851851852 0.4986111111111111 0.3851851851851852
9 0.5354166666666667 0.3333333333333333 0.5548611111111111 0.3333333333333333 0.5548611111111111 0.38611111111111107 0.5354166666666667 0.38611111111111107
37 0.5666666666666667 0.3333333333333333 0.5944444444444444 0.3333333333333333 0.5944444444444444 0.3851851851851852 0.5666666666666667 0.3851851851851852
2 0.6048611111111111 0.3333333333333333 0.6326388888888889 0.3333333333333333 0.6326388888888889 0.38611111111111107 0.6048611111111111 0.38611111111111107
0 0.6451388888888889 0.3333333333333333 0.6729166666666667 0.3333333333333333 0.6729166666666667 0.38611111111111107 0.6451388888888889 0.38611111111111107
2 0.6826388888888889 0.3333333333333333 0.7104166666666667 0.3333333333333333 0.7104166666666667 0.3851851851851852 0.6826388888888889 0.3851851851851852
5 0.7173611111111111 0.3333333333333333 0.7368055555555556 0.3333333333333333 0.7368055555555556 0.38611111111111107 0.7173611111111111 0.38611111111111107
