11 0.25 0.3333333333333333 0.2777777777777778 0.3333333333333333 0.2777777777777778 0.3851851851851852 0.25 0.3851851851851852
24 0.28680555555555554 0.3333333333333333 0.3145833333333333 0.3333333333333333 0.3145833333333333 0.3851851851851852 0.28680555555555554 0.3851851851851852
33 0.325 0.3333333333333333 0.3527777777777778 0.3333333333333333 0.3527777777777778 0.38611111111111107 0.325 0.38611111111111107
36 0.36666666666666664 0.3333333333333333 0.3694444444444444 0.3333333333333333 0.3694444444444444 0.34259259259259256 0.36666666666666664 0.34259259259259256
1 0.3763888888888889 0.3333333333333333 0.3875 0.3333333333333333 0.3875 0.38611111111111107 0.3763888888888889 0.38611111111111107
2 0.4013888888888889 0.3333333333333333 0.42083333333333334 0.3333333333333333 0.42083333333333334 0.38611111111111107 0.4013888888888889 0.38611111111111107
37 0.43194444444444446 0.3333333333333333 0.45972222222222225 0.3333333333333333 0.45972222222222225 0.3694444444444444 0.43194444444444446 0.3694444444444444
0 0.47152777777777777 0.3333333333333333 0.4909722222222222 0.3333333333333333 0.4909722222222222 0.38611111111111107 0.47152777777777777 0.38611111111111107
3 0.5034722222222222 0.3333333333333333 0.53125 0.3333333333333333 0.53125 0.3851851851851852 0.5034722222222222 0.3851851851851852
37 0.5395833333333333 0.3333333333333333 0.5506944444444444 0.3333333333333333 0.5506944444444444 0.3638888888888889 0.5395833333333333 0.3638888888888889
2 0.5645833333333333 0.3333333333333333 0.5840277777777778 0.3333333333333333 0.5840277777777778 0.38611111111111107 0.5645833333333333 0.38611111111111107
0 0.5923611111111111 0.3333333333333333 0.6201388888888889 0.3333333333333333 0.6201388888888889 0.3851851851851852 0.5923611111111111 0.3851851851851852
2 0.6270833333333333 0.3333333333333333 0.6465277777777778 0.3333333333333333 0.6465277777777778 0.38611111111111107 0.6270833333333333 0.38611111111111107
4 0.65625 0.3333333333333333 0.6756944444444445 0.3333333333333333 0.6756944444444445 0.38611111111111107 0.65625 0.38611111111111107
