18 0.25 0.3333333333333333 0.26666666666666666 0.3333333333333333 0.26666666666666666 0.38611111111111107 0.25 0.38611111111111107
13 0.28055555555555556 0.3333333333333333 0.30833333333333335 0.3333333333333333 0.30833333333333335 0.3851851851851852 0.28055555555555556 0.3851851851851852
22 0.32083333333333336 0.3333333333333333 0.34861111111111115 0.3333333333333333 0.34861111111111115 0.3851851851851852 0.32083333333333336 0.3851851851851852
36 0.3576388888888889 0.3333333333333333 0.36180555555555555 0.3333333333333333 0.36180555555555555 0.36296296296296293 0.3576388888888889 0.36296296296296293
0 0.3736111111111111 0.3333333333333333 0.39305555555555555 0.3333333333333333 0.39305555555555555 0.38611111111111107 0.3736111111111111 0.38611111111111107
9 0.4 0.3333333333333333 0.4277777777777778 0.3333333333333333 0.4277777777777778 0.3851851851851852 0.4 0.3851851851851852
37 0.44027777777777777 0.3333333333333333 0.46805555555555556 0.3333333333333333 0.46805555555555556 0.38611111111111107 0.44027777777777777 0.38611111111111107
2 0.475 0.3333333333333333 0.4944444444444444 0.3333333333333333 0.4944444444444444 0.38611111111111107 0.475 0.38611111111111107
1 0.5020833333333333 0.3333333333333333 0.5145833333333333 0.3333333333333333 0.5145833333333333 0.38611111111111107 0.5020833333333333 0.38611111111111107
37 0.5270833333333333 0.3333333333333333 0.5381944444444444 0.3333333333333333 0.5381944444444444 0.3638888888888889 0.5270833333333333 0.3638888888888889
2 0.5520833333333334 0.3333333333333333 0.5715277777777779 0.3333333333333333 0.5715277777777779 0.38611111111111107 0.5520833333333334 0.38611111111111107
0 0.5847222222222223 0.3333333333333333 0.6125 0.3333333333333333 0.6125 0.38611111111111107 0.5847222222222223 0.38611111111111107
2 0.6194444444444445 0.3333333333333333 0.6472222222222223 0.3333333333333333 0.6472222222222223 0.38611111111111107 0.6194444444444445 0.38611111111111107
5 0.65625 0.3333333333333333 0.6756944444444445 0.3333333333333333 0.6756944444444445 0.387037037037037 0.65625 0.387037037037037
