34 0.25 0.3333333333333333 0.26944444444444443 0.3333333333333333 0.26944444444444443 0.387037037037037 0.25 0.387037037037037
25 0.2777777777777778 0.3333333333333333 0.3055555555555556 0.3333333333333333 0.3055555555555556 0.3851851851851852 0.2777777777777778 0.3851851851851852
22 0.3138888888888889 0.3333333333333333 0.3333333333333333 0.3333333333333333 0.3333333333333333 0.38611111111111107 0.3138888888888889 0.38611111111111107
36 0.34305555555555556 0.3333333333333333 0.3527777777777778 0.3333333333333333 0.3527777777777778 0.37037037037037035 0.34305555555555556 0.37037037037037035
1 0.36180555555555555 0.3333333333333333 0.3784722222222222 0.3333333333333333 0.3784722222222222 0.3851851851851852 0.36180555555555555 0.3851851851851852
2 0.3854166666666667 0.3333333333333333 0.4131944444444445 0.3333333333333333 0.4131944444444445 0.38611111111111107 0.3854166666666667 0.38611111111111107
37 0.42569444444444443 0.3333333333333333 0.4534722222222222 0.3333333333333333 0.4534722222222222 0.37037037037037035 0.42569444444444443 0.37037037037037035
2 0.4625 0.3333333333333333 0.4902777777777778 0.3333333333333333 0.4902777777777778 0.3851851851851852 0.4625 0.3851851851851852
5 0.4986111111111111 0.3333333333333333 0.5180555555555556 0.3333333333333333 0.5180555555555556 0.38611111111111107 0.4986111111111111 0.38611111111111107
37 0.5270833333333333 0.3333333333333333 0.5548611111111111 0.3333333333333333 0.5548611111111111 0.37037037037037035 0.5270833333333333 0.37037037037037035
2 0.5638888888888889 0.3333333333333333 0.5916666666666667 0.3333333333333333 0.5916666666666667 0.38611111111111107 0.5638888888888889 0.38611111111111107
0 0.6048611111111111 0.3333333333333333 0.6326388888888889 0.3333333333333333 0.6326388888888889 0.3851851851851852 0.6048611111111111 0.3851851851851852
2 0.6409722222222223 0.3333333333333333 0.6687500000000001 0.3333333333333333 0.6687500000000001 0.3851851851851852 0.6409722222222223 0.3851851851851852
4 0.6756944444444445 0.3333333333333333 0.695138888888889 0.3333333333333333 0.695138888888889 0.38611111111111107 0.6756944444444445 0.38611111111111107
