15 0.25 0.3333333333333333 0.2777777777777778 0.3333333333333333 0.2777777777777778 0.3851851851851852 0.25 0.3851851851851852
31 0.2916666666666667 0.3333333333333333 0.3194444444444445 0.3333333333333333 0.3194444444444445 0.3851851851851852 0.2916666666666667 0.3851851851851852
17 0.3326388888888889 0.3333333333333333 0.3520833333333333 0.3333333333333333 0.3520833333333333 0.38611111111111107 0.3326388888888889 0.38611111111111107
36 0.3597222222222222 0.3333333333333333 0.36944444444444446 0.3333333333333333 0.36944444444444446 0.37037037037037035 0.3597222222222222 0.37037037037037035
0 0.37916666666666665 0.3333333333333333 0.40694444444444444 0.3333333333333333 0.40694444444444444 0.3851851851851852 0.37916666666666665 0.3851851851851852
5 0.41805555555555557 0.3333333333333333 0.44583333333333336 0.3333333333333333 0.44583333333333336 0.38611111111111107 0.41805555555555557 0.38611111111111107
37 0.45902777777777776 0.3333333333333333 0.48680555555555555 0.3333333333333333 0.48680555555555555 0.38611111111111107 0.45902777777777776 0.38611111111111107
0 0.49930555555555556 0.3333333333333333 0.51875 0.3333333333333333 0.51875 0.38611111111111107 0.49930555555555556 0.38611111111111107
4 0.5256944444444445 0.3333333333333333 0.5534722222222223 0.3333333333333333 0.5534722222222223 0.3851851851851852 0.5256944444444445 0.3851851851851852
37 0.5652777777777778 0.3333333333333333 0.5930555555555556 0.3333333333333333 0.5930555555555556 0.38611111111111107 0.5652777777777778 0.38611111111111107
2 0.6041666666666666 0.3333333333333333 0.6319444444444444 0.3333333333333333 0.6319444444444444 0.3851851851851852 0.6041666666666666 0.3851851851851852
0 0.6395833333333333 0.3333333333333333 0.6673611111111111 0.3333333333333333 0.6673611111111111 0.3851851851851852 0.6395833333333333 0.3851851851851852
2 0.6805555555555556 0.3333333333333333 0.7083333333333334 0.3333333333333333 0.7083333333333334 0.38611111111111107 0.6805555555555556 0.38611111111111107
5 0.7173611111111111 0.3333333333333333 0.7451388888888889 0.3333333333333333 0.7451388888888889 0.3851851851851852 0.7173611111111111 0.3851851851851852
