18 0.25 0.3333333333333333 0.26666666666666666 0.3333333333333333 0.26666666666666666 0.38611111111111107 0.25 0.38611111111111107
20 0.2791666666666667 0.3333333333333333 0.30694444444444446 0.3333333333333333 0.30694444444444446 0.3851851851851852 0.2791666666666667 0.3851851851851852
29 0.31805555555555554 0.3333333333333333 0.3458333333333333 0.3333333333333333 0.3458333333333333 0.38611111111111107 0.31805555555555554 0.38611111111111107
36 0.3548611111111111 0.3333333333333333 0.36597222222222225 0.3333333333333333 0.36597222222222225 0.37037037037037035 0.3548611111111111 0.37037037037037035
1 0.37569444444444444 0.3333333333333333 0.3923611111111111 0.3333333333333333 0.3923611111111111 0.38611111111111107 0.37569444444444444 0.38611111111111107
2 0.4027777777777778 0.3333333333333333 0.4305555555555556 0.3333333333333333 0.4305555555555556 0.38611111111111107 0.4027777777777778 0.38611111111111107
37 0.43819444444444444 0.3333333333333333 0.46597222222222223 0.3333333333333333 0.46597222222222223 0.3694444444444444 0.43819444444444444 0.3694444444444444
3 0.47708333333333336 0.3333333333333333 0.5048611111111111 0.3333333333333333 0.5048611111111111 0.3851851851851852 0.47708333333333336 0.3851851851851852
0 0.5118055555555555 0.3333333333333333 0.53125 0.3333333333333333 0.53125 0.387037037037037 0.5118055555555555 0.387037037037037
37 0.5444444444444444 0.3333333333333333 0.5555555555555555 0.3333333333333333 0.5555555555555555 0.3648148148148148 0.5444444444444444 0.3648148148148148
2 0.5673611111111111 0.3333333333333333 0.5951388888888889 0.3333333333333333 0.5951388888888889 0.3851851851851852 0.5673611111111111 0.3851851851851852
0 0.6020833333333333 0.3333333333333333 0.6298611111111111 0.3333333333333333 0.6298611111111111 0.3851851851851852 0.6020833333333333 0.3851851851851852
2 0.6430555555555556 0.3333333333333333 0.6708333333333334 0.3333333333333333 0.6708333333333334 0.3851851851851852 0.6430555555555556 0.3851851851851852
4 0.6847222222222222 0.3333333333333333 0.7041666666666667 0.3333333333333333 0.7041666666666667 0.38611111111111107 0.6847222222222222 0.38611111111111107
