33 0.25 0.3333333333333333 0.2777777777777778 0.3333333333333333 0.2777777777777778 0.3851851851851852 0.25 0.3851851851851852
32 0.2881944444444444 0.3333333333333333 0.3159722222222222 0.3333333333333333 0.3159722222222222 0.38611111111111107 0.2881944444444444 0.38611111111111107
28 0.32708333333333334 0.3333333333333333 0.3548611111111111 0.3333333333333333 0.3548611111111111 0.3851851851851852 0.32708333333333334 0.3851851851851852
36 0.3680555555555556 0.3333333333333333 0.3777777777777778 0.3333333333333333 0.3777777777777778 0.37037037037037035 0.3680555555555556 0.37037037037037035
0 0.38680555555555557 0.3333333333333333 0.41458333333333336 0.3333333333333333 0.41458333333333336 0.3851851851851852 0.38680555555555557 0.3851851851851852
7 0.42569444444444443 0.3333333333333333 0.4534722222222222 0.3333333333333333 0.4534722222222222 0.3851851851851852 0.42569444444444443 0.3851851851851852
37 0.46041666666666664 0.3333333333333333 0.48819444444444443 0.3333333333333333 0.48819444444444443 0.3851851851851852 0.46041666666666664 0.3851851851851852
1 0.4965277777777778 0.3333333333333333 0.5131944444444445 0.3333333333333333 0.5131944444444445 0.3851851851851852 0.4965277777777778 0.3851851851851852
5 0.5215277777777778 0.3333333333333333 0.5409722222222223 0.3333333333333333 0.5409722222222223 0.38611111111111107 0.5215277777777778 0.38611111111111107
37 0.5534722222222223 0.3333333333333333 0.58125 0.3333333333333333 0.58125 0.37037037037037035 0.5534722222222223 0.37037037037037035
2 0.5916666666666667 0.3333333333333333 0.6194444444444445 0.3333333333333333 0.6194444444444445 0.3851851851851852 0.5916666666666667 0.3851851851851852
0 0.6298611111111111 0.3333333333333333 0.6493055555555556 0.3333333333333333 0.6493055555555556 0.38611111111111107 0.6298611111111111 0.38611111111111107
2 0.6576388888888889 0.3333333333333333 0.6854166666666667 0.3333333333333333 0.6854166666666667 0.3851851851851852 0.6576388888888889 0.3851851851851852
5 0.69375 0.3333333333333333 0.7215277777777778 0.3333333333333333 0.7215277777777778 0.3851851851851852 0.69375 0.3851851851851852
