20 0.25 0.3333333333333333 0.26944444444444443 0.3333333333333333 0.26944444444444443 0.38611111111111107 0.25 0.38611111111111107
35 0.2798611111111111 0.3333333333333333 0.3076388888888889 0.3333333333333333 0.3076388888888889 0.3851851851851852 0.2798611111111111 0.3851851851851852
11 0.3145833333333333 0.3333333333333333 0.3423611111111111 0.3333333333333333 0.3423611111111111 0.3851851851851852 0.3145833333333333 0.3851851851851852
36 0.35138888888888886 0.3333333333333333 0.3611111111111111 0.3333333333333333 0.3611111111111111 0.37037037037037035 0.35138888888888886 0.37037037037037035
0 0.37083333333333335 0.3333333333333333 0.3902777777777778 0.3333333333333333 0.3902777777777778 0.387037037037037 0.37083333333333335 0.387037037037037
7 0.39861111111111114 0.3333333333333333 0.42638888888888893 0.3333333333333333 0.42638888888888893 0.3851851851851852 0.39861111111111114 0.3851851851851852
37 0.4395833333333333 0.3333333333333333 0.4673611111111111 0.3333333333333333 0.4673611111111111 0.3851851851851852 0.4395833333333333 0.3851851851851852
2 0.47638888888888886 0.3333333333333333 0.5041666666666667 0.3333333333333333 0.5041666666666667 0.38611111111111107 0.47638888888888886 0.38611111111111107
8 0.5118055555555555 0.3333333333333333 0.53125 0.3333333333333333 0.53125 0.38611111111111107 0.5118055555555555 0.38611111111111107
37 0.5409722222222222 0.3333333333333333 0.5680555555555555 0.3333333333333333 0.5680555555555555 0.3694444444444444 0.5409722222222222 0.3694444444444444
2 0.5756944444444444 0.3333333333333333 0.6034722222222222 0.3333333333333333 0.6034722222222222 0.3851851851851852 0.5756944444444444 0.3851851851851852
0 0.6104166666666667 0.3333333333333333 0.6381944444444445 0.3333333333333333 0.6381944444444445 0.3851851851851852 0.6104166666666667 0.3851851851851852
2 0.6520833333333333 0.3333333333333333 0.6715277777777778 0.3333333333333333 0.6715277777777778 0.38611111111111107 0.6520833333333333 0.38611111111111107
5 0.6826388888888889 0.3333333333333333 0.7020833333333334 0.3333333333333333 0.7020833333333334 0.38611111111111107 0.6826388888888889 0.38611111111111107
