32 0.25 0.3333333333333333 0.26944444444444443 0.3333333333333333 0.26944444444444443 0.38611111111111107 0.25 0.38611111111111107
31 0.28125 0.3333333333333333 0.3090277777777778 0.3333333333333333 0.3090277777777778 0.3851851851851852 0.28125 0.3851851851851852
18 0.3159722222222222 0.3333333333333333 0.3277777777777778 0.3333333333333333 0.3277777777777778 0.387037037037037 0.3159722222222222 0.387037037037037
36 0.33611111111111114 0.3333333333333333 0.3458333333333334 0.3333333333333333 0.3458333333333334 0.3712962962962963 0.33611111111111114 0.3712962962962963
0 0.3576388888888889 0.3333333333333333 0.3854166666666667 0.3333333333333333 0.3854166666666667 0.3851851851851852 0.3576388888888889 0.3851851851851852
9 0.39444444444444443 0.3333333333333333 0.4222222222222222 0.3333333333333333 0.4222222222222222 0.3851851851851852 0.39444444444444443 0.3851851851851852
37 0.4305555555555556 0.3333333333333333 0.45833333333333337 0.3333333333333333 0.45833333333333337 0.3851851851851852 0.4305555555555556 0.3851851851851852
2 0.4708333333333333 0.3333333333333333 0.4986111111111111 0.3333333333333333 0.4986111111111111 0.3851851851851852 0.4708333333333333 0.3851851851851852
4 0.5090277777777777 0.3333333333333333 0.5368055555555555 0.3333333333333333 0.5368055555555555 0.3851851851851852 0.5090277777777777 0.3851851851851852
37 0.5486111111111112 0.3333333333333333 0.576388888888889 0.3333333333333333 0.576388888888889 0.3851851851851852 0.5486111111111112 0.3851851851851852
2 0.5861111111111111 0.3333333333333333 0.6055555555555556 0.3333333333333333 0.6055555555555556 0.38611111111111107 0.5861111111111111 0.38611111111111107
0 0.6131944444444445 0.3333333333333333 0.6409722222222223 0.3333333333333333 0.6409722222222223 0.3851851851851852 0.6131944444444445 0.3851851851851852
2 0.6506944444444445 0.3333333333333333 0.6784722222222223 0.3333333333333333 0.6784722222222223 0.3851851851851852 0.6506944444444445 0.3851851851851852
5 0.6888888888888889 0.3333333333333333 0.7083333333333334 0.3333333333333333 0.7083333333333334 0.38611111111111107 0.6888888888888889 0.38611111111111107
