34 0.25 0.3333333333333333 0.26944444444444443 0.3333333333333333 0.26944444444444443 0.3851851851851852 0.25 0.3851851851851852
18 0.2791666666666667 0.3333333333333333 0.2902777777777778 0.3333333333333333 0.2902777777777778 0.38611111111111107 0.2791666666666667 0.38611111111111107
23 0.29930555555555555 0.3333333333333333 0.31875 0.3333333333333333 0.31875 0.38611111111111107 0.29930555555555555 0.38611111111111107
36 0.3263888888888889 0.3333333333333333 0.33055555555555555 0.3333333333333333 0.33055555555555555 0.3638888888888889 0.3263888888888889 0.3638888888888889
0 0.3402777777777778 0.3333333333333333 0.3597222222222222 0.3333333333333333 0.3597222222222222 0.387037037037037 0.3402777777777778 0.387037037037037
6 0.3715277777777778 0.3333333333333333 0.3993055555555556 0.3333333333333333 0.3993055555555556 0.3851851851851852 0.3715277777777778 0.3851851851851852
37 0.40625 0.3333333333333333 0.4340277777777778 0.3333333333333333 0.4340277777777778 0.3851851851851852 0.40625 0.3851851851851852
1 0.4465277777777778 0.3333333333333333 0.45763888888888893 0.3333333333333333 0.45763888888888893 0.38611111111111107 0.4465277777777778 0.38611111111111107
4 0.46944444444444444 0.3333333333333333 0.4888888888888889 0.3333333333333333 0.4888888888888889 0.38611111111111107 0.46944444444444444 0.38611111111111107
37 0.4979166666666667 0.3333333333333333 0.5201388888888889 0.3333333333333333 0.5201388888888889 0.36296296296296293 0.4979166666666667 0.36296296296296293
2 0.5298611111111111 0.3333333333333333 0.5493055555555556 0.3333333333333333 0.5493055555555556 0.38611111111111107 0.5298611111111111 0.38611111111111107
0 0.5569444444444445 0.3333333333333333 0.5847222222222223 0.3333333333333333 0.5847222222222223 0.3851851851851852 0.5569444444444445 0.3851851851851852
2 0.5944444444444444 0.3333333333333333 0.6222222222222222 0.3333333333333333 0.6222222222222222 0.3851851851851852 0.5944444444444444 0.3851851851851852
5 0.6326388888888889 0.3333333333333333 0.6604166666666667 0.3333333333333333 0.6604166666666667 0.3851851851851852 0.6326388888888889 0.3851851851851852
