17 0.25 0.3333333333333333 0.26944444444444443 0.3333333333333333 0.26944444444444443 0.38611111111111107 0.25 0.38611111111111107
26 0.2777777777777778 0.3333333333333333 0.3055555555555556 0.3333333333333333 0.3055555555555556 0.3851851851851852 0.2777777777777778 0.3851851851851852
12 0.31805555555555554 0.3333333333333333 0.3458333333333333 0.3333333333333333 0.3458333333333333 0.38611111111111107 0.31805555555555554 0.38611111111111107
36 0.3590277777777778 0.3333333333333333 0.36875 0.3333333333333333 0.36875 0.37037037037037035 0.3590277777777778 0.37037037037037035
0 0.3784722222222222 0.3333333333333333 0.40625 0.3333333333333333 0.40625 0.38611111111111107 0.3784722222222222 0.38611111111111107
7 0.41458333333333336 0.3333333333333333 0.4340277777777778 0.3333333333333333 0.4340277777777778 0.38611111111111107 0.41458333333333336 0.38611111111111107
37 0.4479166666666667 0.3333333333333333 0.4756944444444445 0.3333333333333333 0.4756944444444445 0.37037037037037035 0.4479166666666667 0.37037037037037035
2 0.48819444444444443 0.3333333333333333 0.5159722222222222 0.3333333333333333 0.5159722222222222 0.3851851851851852 0.48819444444444443 0.3851851851851852
3 0.5270833333333333 0.3333333333333333 0.5548611111111111 0.3333333333333333 0.5548611111111111 0.3851851851851852 0.5270833333333333 0.3851851851851852
37 0.5673611111111111 0.3333333333333333 0.5951388888888889 0.3333333333333333 0.5951388888888889 0.37037037037037035 0.5673611111111111 0.37037037037037035
2 0.6069444444444444 0.3333333333333333 0.6347222222222222 0.3333333333333333 0.6347222222222222 0.3851851851851852 0.6069444444444444 0.3851851851851852
0 0.6430555555555556 0.3333333333333333 0.6708333333333334 0.3333333333333333 0.6708333333333334 0.3851851851851852 0.6430555555555556 0.3851851851851852
2 0.68125 0.3333333333333333 0.7090277777777778 0.3333333333333333 0.7090277777777778 0.38611111111111107 0.68125 0.38611111111111107
5 0.7229166666666667 0.3333333333333333 0.7506944444444444 0.3333333333333333 0.7506944444444444 0.38611111111111107 0.7229166666666667 0.38611111111111107
