13 0.25 0.3333333333333333 0.2777777777777778 0.3333333333333333 0.2777777777777778 0.3851851851851852 0.25 0.3851851851851852
31 0.2916666666666667 0.3333333333333333 0.3111111111111111 0.3333333333333333 0.3111111111111111 0.38611111111111107 0.2916666666666667 0.38611111111111107
26 0.32430555555555557 0.3333333333333333 0.34375 0.3333333333333333 0.34375 0.387037037037037 0.32430555555555557 0.387037037037037
36 0.3506944444444444 0.3333333333333333 0.36041666666666666 0.3333333333333333 0.36041666666666666 0.37037037037037035 0.3506944444444444 0.37037037037037035
0 0.36944444444444446 0.3333333333333333 0.39722222222222225 0.3333333333333333 0.39722222222222225 0.3851851851851852 0.36944444444444446 0.3851851851851852
5 0.4111111111111111 0.3333333333333333 0.4305555555555555 0.3333333333333333 0.4305555555555555 0.38611111111111107 0.4111111111111111 0.38611111111111107
37 0.43819444444444444 0.3333333333333333 0.46597222222222223 0.3333333333333333 0.46597222222222223 0.37037037037037035 0.43819444444444444 0.37037037037037035
2 0.47638888888888886 0.3333333333333333 0.5041666666666667 0.3333333333333333 0.5041666666666667 0.3851851851851852 0.47638888888888886 0.3851851851851852
4 0.5125 0.3333333333333333 0.5402777777777777 0.3333333333333333 0.5402777777777777 0.3851851851851852 0.5125 0.3851851851851852
37 0.5541666666666667 0.3333333333333333 0.5819444444444445 0.3333333333333333 0.5819444444444445 0.3851851851851852 0.5541666666666667 0.3851851851851852
2 0.59375 0.3333333333333333 0.6131944444444445 0.3333333333333333 0.6131944444444445 0.387037037037037 0.59375 0.387037037037037
0 0.6222222222222222 0.3333333333333333 0.65 0.3333333333333333 0.65 0.3851851851851852 0.6222222222222222 0.3851851851851852
2 0.6576388888888889 0.3333333333333333 0.6854166666666667 0.3333333333333333 0.6854166666666667 0.3851851851851852 0.6576388888888889 0.3851851851851852
5 0.6958333333333333 0.3333333333333333 0.7236111111111111 0.3333333333333333 0.7236111111111111 0.3851851851851852 0.6958333333333333 0.3851851851851852
