13 0.25 0.3333333333333333 0.26944444444444443 0.3333333333333333 0.26944444444444443 0.387037037037037 0.25 0.387037037037037
11 0.27847222222222223 0.3333333333333333 0.30625 0.3333333333333333 0.30625 0.38611111111111107 0.27847222222222223 0.38611111111111107
10 0.3159722222222222 0.3333333333333333 0.34375 0.3333333333333333 0.34375 0.3851851851851852 0.3159722222222222 0.3851851851851852
36 0.3548611111111111 0.3333333333333333 0.36458333333333337 0.3333333333333333 0.36458333333333337 0.37037037037037035 0.3548611111111111 0.37037037037037035
0 0.3784722222222222 0.3333333333333333 0.40625 0.3333333333333333 0.40625 0.3851851851851852 0.3784722222222222 0.3851851851851852
2 0.4201388888888889 0.3333333333333333 0.4479166666666667 0.3333333333333333 0.4479166666666667 0.3851851851851852 0.4201388888888889 0.3851851851851852
37 0.4618055555555556 0.3333333333333333 0.48958333333333337 0.3333333333333333 0.48958333333333337 0.3851851851851852 0.4618055555555556 0.3851851851851852
1 0.4979166666666667 0.3333333333333333 0.5090277777777777 0.3333333333333333 0.5090277777777777 0.38611111111111107 0.4979166666666667 0.38611111111111107
6 0.5166666666666667 0.3333333333333333 0.5444444444444445 0.3333333333333333 0.5444444444444445 0.38611111111111107 0.5166666666666667 0.38611111111111107
37 0.5548611111111111 0.3333333333333333 0.5659722222222222 0.3333333333333333 0.5659722222222222 0.36296296296296293 0.5548611111111111 0.36296296296296293
2 0.5736111111111111 0.3333333333333333 0.6013888888888889 0.3333333333333333 0.6013888888888889 0.3851851851851852 0.5736111111111111 0.3851851851851852
0 0.6138888888888889 0.3333333333333333 0.6333333333333334 0.3333333333333333 0.6333333333333334 0.38611111111111107 0.6138888888888889 0.38611111111111107
2 0.6423611111111112 0.3333333333333333 0.670138888888889 0.3333333333333333 0.670138888888889 0.3851851851851852 0.6423611111111112 0.3851851851851852
5 0.6777777777777778 0.3333333333333333 0.6972222222222223 0.3333333333333333 0.6972222222222223 0.38611111111111107 0.6777777777777778 0.38611111111111107
