31 0.25 0.3333333333333333 0.2777777777777778 0.3333333333333333 0.2777777777777778 0.3851851851851852 0.25 0.3851851851851852
12 0.2861111111111111 0.3333333333333333 0.3138888888888889 0.3333333333333333 0.3138888888888889 0.3851851851851852 0.2861111111111111 0.3851851851851852
11 0.32083333333333336 0.3333333333333333 0.34861111111111115 0.3333333333333333 0.34861111111111115 0.3851851851851852 0.32083333333333336 0.3851851851851852
36 0.36041666666666666 0.3333333333333333 0.3701388888888889 0.3333333333333333 0.3701388888888889 0.3712962962962963 0.36041666666666666 0.3712962962962963
0 0.38125 0.3333333333333333 0.40902777777777777 0.3333333333333333 0.40902777777777777 0.3851851851851852 0.38125 0.3851851851851852
1 0.4166666666666667 0.3333333333333333 0.4277777777777778 0.3333333333333333 0.4277777777777778 0.38611111111111107 0.4166666666666667 0.38611111111111107
37 0.4395833333333333 0.3333333333333333 0.4673611111111111 0.3333333333333333 0.4673611111111111 0.3712962962962963 0.4395833333333333 0.3712962962962963
0 0.4777777777777778 0.3333333333333333 0.5055555555555555 0.3333333333333333 0.5055555555555555 0.3851851851851852 0.4777777777777778 0.3851851851851852
7 0.5180555555555556 0.3333333333333333 0.5458333333333334 0.3333333333333333 0.5458333333333334 0.38611111111111107 0.5180555555555556 0.38611111111111107
37 0.5548611111111111 0.3333333333333333 0.5770833333333334 0.3333333333333333 0.5770833333333334 0.36296296296296293 0.5548611111111111 0.36296296296296293
2 0.5861111111111111 0.3333333333333333 0.6138888888888889 0.3333333333333333 0.6138888888888889 0.38611111111111107 0.5861111111111111 0.38611111111111107
0 0.6270833333333333 0.3333333333333333 0.6465277777777778 0.3333333333333333 0.6465277777777778 0.38611111111111107 0.6270833333333333 0.38611111111111107
2 0.6597222222222222 0.3333333333333333 0.6875 0.3333333333333333 0.6875 0.38611111111111107 0.6597222222222222 0.38611111111111107
5 0.7006944444444444 0.3333333333333333 0.7284722222222222 0.3333333333333333 0.7284722222222222 0.3851851851851852 0.7006944444444444 0.3851851851851852
