25 0.25 0.3333333333333333 0.26944444444444443 0.3333333333333333 0.26944444444444443 0.38611111111111107 0.25 0.38611111111111107
17 0.2833333333333333 0.3333333333333333 0.3111111111111111 0.3333333333333333 0.3111111111111111 0.3851851851851852 0.2833333333333333 0.3851851851851852
23 0.31805555555555554 0.3333333333333333 0.33749999999999997 0.3333333333333333 0.33749999999999997 0.38611111111111107 0.31805555555555554 0.38611111111111107
36 0.3506944444444444 0.3333333333333333 0.36180555555555555 0.3333333333333333 0.36180555555555555 0.3712962962962963 0.3506944444444444 0.3712962962962963
0 0.3736111111111111 0.3333333333333333 0.4013888888888889 0.3333333333333333 0.4013888888888889 0.3851851851851852 0.3736111111111111 0.3851851851851852
2 0.4083333333333333 0.3333333333333333 0.4361111111111111 0.3333333333333333 0.4361111111111111 0.38611111111111107 0.4083333333333333 0.38611111111111107
37 0.4486111111111111 0.3333333333333333 0.4763888888888889 0.3333333333333333 0.4763888888888889 0.37037037037037035 0.4486111111111111 0.37037037037037035
0 0.48541666666666666 0.3333333333333333 0.5131944444444444 0.3333333333333333 0.5131944444444444 0.3851851851851852 0.48541666666666666 0.3851851851851852
1 0.5256944444444445 0.3333333333333333 0.5423611111111112 0.3333333333333333 0.5423611111111112 0.3851851851851852 0.5256944444444445 0.3851851851851852
37 0.5541666666666667 0.3333333333333333 0.5611111111111111 0.3333333333333333 0.5611111111111111 0.3537037037037037 0.5541666666666667 0.3537037037037037
2 0.56875 0.3333333333333333 0.5881944444444445 0.3333333333333333 0.5881944444444445 0.38611111111111107 0.56875 0.38611111111111107
0 0.5986111111111111 0.3333333333333333 0.6263888888888889 0.3333333333333333 0.6263888888888889 0.3851851851851852 0.5986111111111111 0.3851851851851852
2 0.6375 0.3333333333333333 0.6652777777777777 0.3333333333333333 0.6652777777777777 0.3851851851851852 0.6375 0.3851851851851852
5 0.6736111111111112 0.3333333333333333 0.701388888888889 0.3333333333333333 0.701388888888889 0.3851851851851852 0.6736111111111112 0.3851851851851852
