18 0.25 0.3333333333333333 0.2611111111111111 0.3333333333333333 0.2611111111111111 0.38611111111111107 0.25 0.38611111111111107
22 0.26944444444444443 0.3333333333333333 0.28888888888888886 0.3333333333333333 0.28888888888888886 0.38611111111111107 0.26944444444444443 0.38611111111111107
29 0.29791666666666666 0.3333333333333333 0.3173611111111111 0.3333333333333333 0.3173611111111111 0.38611111111111107 0.29791666666666666 0.38611111111111107
36 0.3277777777777778 0.3333333333333333 0.3388888888888889 0.3333333333333333 0.3388888888888889 0.37037037037037035 0.3277777777777778 0.37037037037037035
0 0.35208333333333336 0.3333333333333333 0.37986111111111115 0.3333333333333333 0.37986111111111115 0.3851851851851852 0.35208333333333336 0.3851851851851852
9 0.38680555555555557 0.3333333333333333 0.40625 0.3333333333333333 0.40625 0.387037037037037 0.38680555555555557 0.387037037037037
37 0.41597222222222224 0.3333333333333333 0.42708333333333337 0.3333333333333333 0.42708333333333337 0.3648148148148148 0.41597222222222224 0.3648148148148148
2 0.4388888888888889 0.3333333333333333 0.4666666666666667 0.3333333333333333 0.4666666666666667 0.3851851851851852 0.4388888888888889 0.3851851851851852
3 0.4756944444444444 0.3333333333333333 0.5034722222222222 0.3333333333333333 0.5034722222222222 0.3851851851851852 0.4756944444444444 0.3851851851851852
37 0.5131944444444444 0.3333333333333333 0.5243055555555555 0.3333333333333333 0.5243055555555555 0.3638888888888889 0.5131944444444444 0.3638888888888889
2 0.5319444444444444 0.3333333333333333 0.5513888888888889 0.3333333333333333 0.5513888888888889 0.387037037037037 0.5319444444444444 0.387037037037037
0 0.5645833333333333 0.3333333333333333 0.5923611111111111 0.3333333333333333 0.5923611111111111 0.3851851851851852 0.5645833333333333 0.3851851851851852
2 0.6041666666666666 0.3333333333333333 0.6319444444444444 0.3333333333333333 0.6319444444444444 0.3851851851851852 0.6041666666666666 0.3851851851851852
5 0.6423611111111112 0.3333333333333333 0.6618055555555556 0.3333333333333333 0.6618055555555556 0.38611111111111107 0.6423611111111112 0.38611111111111107
