32 0.25 0.3333333333333333 0.2777777777777778 0.3333333333333333 0.2777777777777778 0.3851851851851852 0.25 0.3851851851851852
30 0.2881944444444444 0.3333333333333333 0.3159722222222222 0.3333333333333333 0.3159722222222222 0.3851851851851852 0.2881944444444444 0.3851851851851852
19 0.32569444444444445 0.3333333333333333 0.35347222222222224 0.3333333333333333 0.35347222222222224 0.3851851851851852 0.32569444444444445 0.3851851851851852
36 0.36041666666666666 0.3333333333333333 0.3715277777777778 0.3333333333333333 0.3715277777777778 0.37037037037037035 0.36041666666666666 0.37037037037037035
1 0.38333333333333336 0.3333333333333333 0.3944444444444445 0.3333333333333333 0.3944444444444445 0.38611111111111107 0.38333333333333336 0.38611111111111107
2 0.4041666666666667 0.3333333333333333 0.4236111111111111 0.3333333333333333 0.4236111111111111 0.38611111111111107 0.4041666666666667 0.38611111111111107
37 0.4361111111111111 0.3333333333333333 0.4638888888888889 0.3333333333333333 0.4638888888888889 0.3712962962962963 0.4361111111111111 0.3712962962962963
3 0.47152777777777777 0.3333333333333333 0.49930555555555556 0.3333333333333333 0.49930555555555556 0.3851851851851852 0.47152777777777777 0.3851851851851852
1 0.5104166666666666 0.3333333333333333 0.5270833333333333 0.3333333333333333 0.5270833333333333 0.3851851851851852 0.5104166666666666 0.3851851851851852
37 0.5340277777777778 0.3333333333333333 0.5451388888888888 0.3333333333333333 0.5451388888888888 0.3638888888888889 0.5340277777777778 0.3638888888888889
2 0.5527777777777778 0.3333333333333333 0.5805555555555556 0.3333333333333333 0.5805555555555556 0.38611111111111107 0.5527777777777778 0.38611111111111107
0 0.5944444444444444 0.3333333333333333 0.6138888888888889 0.3333333333333333 0.6138888888888889 0.38611111111111107 0.5944444444444444 0.38611111111111107
2 0.6270833333333333 0.3333333333333333 0.6465277777777778 0.3333333333333333 0.6465277777777778 0.387037037037037 0.6270833333333333 0.387037037037037
4 0.6604166666666667 0.3333333333333333 0.6881944444444444 0.3333333333333333 0.6881944444444444 0.3851851851851852 0.6604166666666667 0.3851851851851852
