28 0.25 0.3333333333333333 0.26944444444444443 0.3333333333333333 0.26944444444444443 0.38611111111111107 0.25 0.38611111111111107
18 0.28194444444444444 0.3333333333333333 0.29305555555555557 0.3333333333333333 0.29305555555555557 0.38611111111111107 0.28194444444444444 0.38611111111111107
18 0.30069444444444443 0.3333333333333333 0.3173611111111111 0.3333333333333333 0.3173611111111111 0.38611111111111107 0.30069444444444443 0.38611111111111107
36 0.3263888888888889 0.3333333333333333 0.3375 0.3333333333333333 0.3375 0.37037037037037035 0.3263888888888889 0.37037037037037035
0 0.35 0.3333333333333333 0.37777777777777777 0.3333333333333333 0.37777777777777777 0.3851851851851852 0.35 0.3851851851851852
7 0.3902777777777778 0.3333333333333333 0.41805555555555557 0.3333333333333333 0.41805555555555557 0.3851851851851852 0.3902777777777778 0.3851851851851852
37 0.4263888888888889 0.3333333333333333 0.45416666666666666 0.3333333333333333 0.45416666666666666 0.37037037037037035 0.4263888888888889 0.37037037037037035
0 0.46597222222222223 0.3333333333333333 0.48541666666666666 0.3333333333333333 0.48541666666666666 0.38611111111111107 0.46597222222222223 0.38611111111111107
8 0.4930555555555556 0.3333333333333333 0.5125000000000001 0.3333333333333333 0.5125000000000001 0.38611111111111107 0.4930555555555556 0.38611111111111107
37 0.5201388888888889 0.3333333333333333 0.5479166666666667 0.3333333333333333 0.5479166666666667 0.37037037037037035 0.5201388888888889 0.37037037037037035
2 0.5597222222222222 0.3333333333333333 0.5875 0.3333333333333333 0.5875 0.3851851851851852 0.5597222222222222 0.3851851851851852
0 0.5979166666666667 0.3333333333333333 0.6256944444444444 0.3333333333333333 0.6256944444444444 0.3851851851851852 0.5979166666666667 0.3851851851851852
2 0.6326388888888889 0.3333333333333333 0.6604166666666667 0.3333333333333333 0.6604166666666667 0.3851851851851852 0.6326388888888889 0.3851851851851852
5 0.6715277777777777 0.3333333333333333 0.6993055555555555 0.3333333333333333 0.6993055555555555 0.38611111111111107 0.6715277777777777 0.38611111111111107
