31 0.25 0.3333333333333333 0.2777777777777778 0.3333333333333333 0.2777777777777778 0.3851851851851852 0.25 0.3851851851851852
15 0.28680555555555554 0.3333333333333333 0.3145833333333333 0.3333333333333333 0.3145833333333333 0.38611111111111107 0.28680555555555554 0.38611111111111107
21 0.32430555555555557 0.3333333333333333 0.34375 0.3333333333333333 0.34375 0.387037037037037 0.32430555555555557 0.387037037037037
36 0.35555555555555557 0.3333333333333333 0.3666666666666667 0.3333333333333333 0.3666666666666667 0.37037037037037035 0.35555555555555557 0.37037037037037035
0 0.3763888888888889 0.3333333333333333 0.4041666666666667 0.3333333333333333 0.4041666666666667 0.3851851851851852 0.3763888888888889 0.3851851851851852
7 0.4173611111111111 0.3333333333333333 0.4451388888888889 0.3333333333333333 0.4451388888888889 0.3851851851851852 0.4173611111111111 0.3851851851851852
37 0.4576388888888889 0.3333333333333333 0.48541666666666666 0.3333333333333333 0.48541666666666666 0.3851851851851852 0.4576388888888889 0.3851851851851852
1 0.4979166666666667 0.3333333333333333 0.5090277777777777 0.3333333333333333 0.5090277777777777 0.38611111111111107 0.4979166666666667 0.38611111111111107
4 0.5194444444444445 0.3333333333333333 0.5472222222222223 0.3333333333333333 0.5472222222222223 0.3851851851851852 0.5194444444444445 0.3851851851851852
37 0.5583333333333333 0.3333333333333333 0.5861111111111111 0.3333333333333333 0.5861111111111111 0.37037037037037035 0.5583333333333333 0.37037037037037035
2 0.5993055555555555 0.3333333333333333 0.6270833333333333 0.3333333333333333 0.6270833333333333 0.3851851851851852 0.5993055555555555 0.3851851851851852
0 0.6361111111111111 0.3333333333333333 0.6638888888888889 0.3333333333333333 0.6638888888888889 0.3851851851851852 0.6361111111111111 0.3851851851851852
2 0.6770833333333334 0.3333333333333333 0.7048611111111112 0.3333333333333333 0.7048611111111112 0.3851851851851852 0.6770833333333334 0.3851851851851852
5 0.71875 0.3333333333333333 0.7381944444444445 0.3333333333333333 0.7381944444444445 0.38611111111111107 0.71875 0.38611111111111107
