32 0.25 0.3333333333333333 0.26944444444444443 0.3333333333333333 0.26944444444444443 0.38611111111111107 0.25 0.38611111111111107
19 0.27708333333333335 0.3333333333333333 0.30486111111111114 0.3333333333333333 0.30486111111111114 0.3851851851851852 0.27708333333333335 0.3851851851851852
18 0.3159722222222222 0.3333333333333333 0.3284722222222222 0.3333333333333333 0.3284722222222222 0.38611111111111107 0.3159722222222222 0.38611111111111107
36 0.3402777777777778 0.3333333333333333 0.34444444444444444 0.3333333333333333 0.34444444444444444 0.3648148148148148 0.3402777777777778 0.3648148148148148
0 0.3576388888888889 0.3333333333333333 0.3854166666666667 0.3333333333333333 0.3854166666666667 0.3851851851851852 0.3576388888888889 0.3851851851851852
8 0.39305555555555555 0.3333333333333333 0.42083333333333334 0.3333333333333333 0.42083333333333334 0.3851851851851852 0.39305555555555555 0.3851851851851852
37 0.43333333333333335 0.3333333333333333 0.46111111111111114 0.3333333333333333 0.46111111111111114 0.37037037037037035 0.43333333333333335 0.37037037037037035
2 0.46944444444444444 0.3333333333333333 0.49722222222222223 0.3333333333333333 0.49722222222222223 0.3851851851851852 0.46944444444444444 0.3851851851851852
1 0.5083333333333333 0.3333333333333333 0.5194444444444444 0.3333333333333333 0.5194444444444444 0.38611111111111107 0.5083333333333333 0.38611111111111107
37 0.5277777777777778 0.3333333333333333 0.5555555555555556 0.3333333333333333 0.5555555555555556 0.37037037037037035 0.5277777777777778 0.37037037037037035
2 0.5694444444444444 0.3333333333333333 0.5972222222222222 0.3333333333333333 0.5972222222222222 0.3851851851851852 0.5694444444444444 0.3851851851851852
0 0.6104166666666667 0.3333333333333333 0.6381944444444445 0.3333333333333333 0.6381944444444445 0.3851851851851852 0.6104166666666667 0.3851851851851852
2 0.6513888888888889 0.3333333333333333 0.6708333333333334 0.3333333333333333 0.6708333333333334 0.38611111111111107 0.6513888888888889 0.38611111111111107
5 0.6819444444444445 0.3333333333333333 0.7097222222222223 0.3333333333333333 0.7097222222222223 0.38611111111111107 0.6819444444444445 0.38611111111111107
