10 0.25 0.3333333333333333 0.2777777777777778 0.3333333333333333 0.2777777777777778 0.3851851851851852 0.25 0.3851851851851852
11 0.2916666666666667 0.3333333333333333 0.3194444444444445 0.3333333333333333 0.3194444444444445 0.3851851851851852 0.2916666666666667 0.3851851851851852
12 0.32916666666666666 0.3333333333333333 0.3486111111111111 0.3333333333333333 0.3486111111111111 0.38611111111111107 0.32916666666666666 0.38611111111111107
36 0.3597222222222222 0.3333333333333333 0.3638888888888889 0.3333333333333333 0.3638888888888889 0.3638888888888889 0.3597222222222222 0.3638888888888889
0 0.37777777777777777 0.3333333333333333 0.3972222222222222 0.3333333333333333 0.3972222222222222 0.38611111111111107 0.37777777777777777 0.38611111111111107
1 0.4111111111111111 0.3333333333333333 0.42777777777777776 0.3333333333333333 0.42777777777777776 0.3851851851851852 0.4111111111111111 0.3851851851851852
37 0.4375 0.3333333333333333 0.4652777777777778 0.3333333333333333 0.4652777777777778 0.3712962962962963 0.4375 0.3712962962962963
1 0.4777777777777778 0.3333333333333333 0.49444444444444446 0.3333333333333333 0.49444444444444446 0.38611111111111107 0.4777777777777778 0.38611111111111107
8 0.5027777777777778 0.3333333333333333 0.5222222222222223 0.3333333333333333 0.5222222222222223 0.38611111111111107 0.5027777777777778 0.38611111111111107
37 0.5354166666666667 0.3333333333333333 0.5631944444444444 0.3333333333333333 0.5631944444444444 0.3851851851851852 0.5354166666666667 0.3851851851851852
2 0.5701388888888889 0.3333333333333333 0.5979166666666667 0.3333333333333333 0.5979166666666667 0.3851851851851852 0.5701388888888889 0.3851851851851852
0 0.6090277777777777 0.3333333333333333 0.6284722222222222 0.3333333333333333 0.6284722222222222 0.387037037037037 0.6090277777777777 0.387037037037037
2 0.6416666666666667 0.3333333333333333 0.6694444444444445 0.3333333333333333 0.6694444444444445 0.38611111111111107 0.6416666666666667 0.38611111111111107
5 0.6798611111111111 0.3333333333333333 0.6993055555555556 0.3333333333333333 0.6993055555555556 0.38611111111111107 0.6798611111111111 0.38611111111111107
