10 0.25 0.3333333333333333 0.2777777777777778 0.3333333333333333 0.2777777777777778 0.3851851851851852 0.25 0.3851851851851852
31 0.28888888888888886 0.3333333333333333 0.31666666666666665 0.3333333333333333 0.31666666666666665 0.3851851851851852 0.28888888888888886 0.3851851851851852
29 0.33055555555555555 0.3333333333333333 0.35 0.3333333333333333 0.35 0.387037037037037 0.33055555555555555 0.387037037037037
36 0.3638888888888889 0.3333333333333333 0.3736111111111111 0.3333333333333333 0.3736111111111111 0.37037037037037035 0.3638888888888889 0.37037037037037035
1 0.38472222222222224 0.3333333333333333 0.4013888888888889 0.3333333333333333 0.4013888888888889 0.3851851851851852 0.38472222222222224 0.3851851851851852
0 0.4083333333333333 0.3333333333333333 0.4361111111111111 0.3333333333333333 0.4361111111111111 0.3851851851851852 0.4083333333333333 0.3851851851851852
37 0.45 0.3333333333333333 0.4777777777777778 0.3333333333333333 0.4777777777777778 0.3694444444444444 0.45 0.3694444444444444
0 0.4875 0.3333333333333333 0.5152777777777777 0.3333333333333333 0.5152777777777777 0.3851851851851852 0.4875 0.3851851851851852
7 0.5284722222222222 0.3333333333333333 0.55625 0.3333333333333333 0.55625 0.3851851851851852 0.5284722222222222 0.3851851851851852
37 0.5666666666666667 0.3333333333333333 0.5944444444444444 0.3333333333333333 0.5944444444444444 0.3851851851851852 0.5666666666666667 0.3851851851851852
2 0.6069444444444444 0.3333333333333333 0.6347222222222222 0.3333333333333333 0.6347222222222222 0.38611111111111107 0.6069444444444444 0.38611111111111107
0 0.6458333333333334 0.3333333333333333 0.6736111111111112 0.3333333333333333 0.6736111111111112 0.3851851851851852 0.6458333333333334 0.3851851851851852
2 0.6840277777777778 0.3333333333333333 0.7034722222222223 0.3333333333333333 0.7034722222222223 0.38611111111111107 0.6840277777777778 0.38611111111111107
5 0.7152777777777778 0.3333333333333333 0.7347222222222223 0.3333333333333333 0.7347222222222223 0.38611111111111107 0.7152777777777778 0.38611111111111107
