32 0.25 0.3333333333333333 0.2777777777777778 0.3333333333333333 0.2777777777777778 0.3851851851851852 0.25 0.3851851851851852
21 0.2902777777777778 0.3333333333333333 0.3055555555555556 0.3333333333333333 0.3055555555555556 0.38611111111111107 0.2902777777777778 0.38611111111111107
12 0.3194444444444444 0.3333333333333333 0.33888888888888885 0.3333333333333333 0.33888888888888885 0.38611111111111107 0.3194444444444444 0.38611111111111107
36 0.34930555555555554 0.3333333333333333 0.3590277777777778 0.3333333333333333 0.3590277777777778 0.37037037037037035 0.34930555555555554 0.37037037037037035
0 0.37222222222222223 0.3333333333333333 0.4 0.3333333333333333 0.4 0.3851851851851852 0.37222222222222223 0.3851851851851852
2 0.41388888888888886 0.3333333333333333 0.44166666666666665 0.3333333333333333 0.44166666666666665 0.38611111111111107 0.41388888888888886 0.38611111111111107
37 0.45208333333333334 0.3333333333333333 0.4798611111111111 0.3333333333333333 0.4798611111111111 0.37037037037037035 0.45208333333333334 0.37037037037037035
2 0.4888888888888889 0.3333333333333333 0.5166666666666666 0.3333333333333333 0.5166666666666666 0.38611111111111107 0.4888888888888889 0.38611111111111107
8 0.5277777777777778 0.3333333333333333 0.5472222222222223 0.3333333333333333 0.5472222222222223 0.38611111111111107 0.5277777777777778 0.38611111111111107
37 0.5555555555555556 0.3333333333333333 0.5833333333333334 0.3333333333333333 0.5833333333333334 0.3851851851851852 0.5555555555555556 0.3851851851851852
2 0.5958333333333333 0.3333333333333333 0.6236111111111111 0.3333333333333333 0.6236111111111111 0.38611111111111107 0.5958333333333333 0.38611111111111107
0 0.6340277777777777 0.3333333333333333 0.6618055555555555 0.3333333333333333 0.6618055555555555 0.38611111111111107 0.6340277777777777 0.38611111111111107
2 0.6701388888888888 0.3333333333333333 0.6895833333333333 0.3333333333333333 0.6895833333333333 0.38611111111111107 0.6701388888888888 0.38611111111111107
5 0.6972222222222222 0.3333333333333333 0.725 0.3333333333333333 0.725 0.3851851851851852 0.6972222222222222 0.3851851851851852
