29 0.25 0.3333333333333333 0.26944444444444443 0.3333333333333333 0.26944444444444443 0.38611111111111107 0.25 0.38611111111111107
11 0.2833333333333333 0.3333333333333333 0.30277777777777776 0.3333333333333333 0.30277777777777776 0.38611111111111107 0.2833333333333333 0.38611111111111107
17 0.3138888888888889 0.3333333333333333 0.3416666666666667 0.3333333333333333 0.3416666666666667 0.3851851851851852 0.3138888888888889 0.3851851851851852
36 0.3506944444444444 0.3333333333333333 0.36041666666666666 0.3333333333333333 0.36041666666666666 0.37037037037037035 0.3506944444444444 0.37037037037037035
0 0.36736111111111114 0.3333333333333333 0.39513888888888893 0.3333333333333333 0.39513888888888893 0.3851851851851852 0.36736111111111114 0.3851851851851852
2 0.4076388888888889 0.3333333333333333 0.4270833333333333 0.3333333333333333 0.4270833333333333 0.38611111111111107 0.4076388888888889 0.38611111111111107
37 0.43680555555555556 0.3333333333333333 0.46458333333333335 0.3333333333333333 0.46458333333333335 0.3851851851851852 0.43680555555555556 0.3851851851851852
0 0.47291666666666665 0.3333333333333333 0.5006944444444444 0.3333333333333333 0.5006944444444444 0.3851851851851852 0.47291666666666665 0.3851851851851852
6 0.5090277777777777 0.3333333333333333 0.5284722222222222 0.3333333333333333 0.5284722222222222 0.38611111111111107 0.5090277777777777 0.38611111111111107
37 0.5395833333333333 0.3333333333333333 0.5513888888888888 0.3333333333333333 0.5513888888888888 0.36296296296296293 0.5395833333333333 0.36296296296296293
2 0.5611111111111111 0.3333333333333333 0.5888888888888889 0.3333333333333333 0.5888888888888889 0.38611111111111107 0.5611111111111111 0.38611111111111107
0 0.6027777777777777 0.3333333333333333 0.6305555555555555 0.3333333333333333 0.6305555555555555 0.3851851851851852 0.6027777777777777 0.3851851851851852
2 0.64375 0.3333333333333333 0.6631944444444445 0.3333333333333333 0.6631944444444445 0.38611111111111107 0.64375 0.38611111111111107
5 0.6756944444444445 0.3333333333333333 0.695138888888889 0.3333333333333333 0.695138888888889 0.387037037037037 0.6756944444444445 0.387037037037037
