26 0.25 0.3333333333333333 0.2777777777777778 0.3333333333333333 0.2777777777777778 0.3851851851851852 0.25 0.3851851851851852
14 0.2902777777777778 0.3333333333333333 0.3180555555555556 0.3333333333333333 0.3180555555555556 0.38611111111111107 0.2902777777777778 0.38611111111111107
13 0.3263888888888889 0.3333333333333333 0.3541666666666667 0.3333333333333333 0.3541666666666667 0.3851851851851852 0.3263888888888889 0.3851851851851852
36 0.36736111111111114 0.3333333333333333 0.3701388888888889 0.3333333333333333 0.3701388888888889 0.3638888888888889 0.36736111111111114 0.3638888888888889
1 0.37916666666666665 0.3333333333333333 0.3902777777777778 0.3333333333333333 0.3902777777777778 0.38611111111111107 0.37916666666666665 0.38611111111111107
0 0.4041666666666667 0.3333333333333333 0.43194444444444446 0.3333333333333333 0.43194444444444446 0.3851851851851852 0.4041666666666667 0.3851851851851852
37 0.44166666666666665 0.3333333333333333 0.46944444444444444 0.3333333333333333 0.46944444444444444 0.37037037037037035 0.44166666666666665 0.37037037037037035
0 0.4798611111111111 0.3333333333333333 0.5076388888888889 0.3333333333333333 0.5076388888888889 0.3851851851851852 0.4798611111111111 0.3851851851851852
5 0.5173611111111112 0.3333333333333333 0.545138888888889 0.3333333333333333 0.545138888888889 0.38611111111111107 0.5173611111111112 0.38611111111111107
37 0.5548611111111111 0.3333333333333333 0.5826388888888889 0.3333333333333333 0.5826388888888889 0.37037037037037035 0.5548611111111111 0.37037037037037035
2 0.5902777777777778 0.3333333333333333 0.6180555555555556 0.3333333333333333 0.6180555555555556 0.3851851851851852 0.5902777777777778 0.3851851851851852
0 0.6277777777777778 0.3333333333333333 0.6472222222222223 0.3333333333333333 0.6472222222222223 0.387037037037037 0.6277777777777778 0.387037037037037
2 0.6611111111111111 0.3333333333333333 0.6888888888888889 0.3333333333333333 0.6888888888888889 0.3851851851851852 0.6611111111111111 0.3851851851851852
5 0.7020833333333333 0.3333333333333333 0.7298611111111111 0.3333333333333333 0.7298611111111111 0.38611111111111107 0.7020833333333333 0.38611111111111107
