15 0.25 0.3333333333333333 0.26944444444444443 0.3333333333333333 0.26944444444444443 0.375 0.25 0.375
32 0.27847222222222223 0.3333333333333333 0.30625 0.3333333333333333 0.30625 0.3851851851851852 0.27847222222222223 0.3851851851851852
18 0.3145833333333333 0.3333333333333333 0.33125 0.3333333333333333 0.33125 0.3851851851851852 0.3145833333333333 0.3851851851851852
36 0.34444444444444444 0.3333333333333333 0.3486111111111111 0.3333333333333333 0.3486111111111111 0.3648148148148148 0.34444444444444444 0.3648148148148148
0 0.3597222222222222 0.3333333333333333 0.3875 0.3333333333333333 0.3875 0.3851851851851852 0.3597222222222222 0.3851851851851852
4 0.39444444444444443 0.3333333333333333 0.41388888888888886 0.3333333333333333 0.41388888888888886 0.38611111111111107 0.39444444444444443 0.38611111111111107
37 0.4215277777777778 0.3333333333333333 0.44930555555555557 0.3333333333333333 0.44930555555555557 0.3851851851851852 0.4215277777777778 0.3851851851851852
2 0.45625 0.3333333333333333 0.4840277777777778 0.3333333333333333 0.4840277777777778 0.38611111111111107 0.45625 0.38611111111111107
6 0.49166666666666664 0.3333333333333333 0.5111111111111111 0.3333333333333333 0.5111111111111111 0.38611111111111107 0.49166666666666664 0.38611111111111107
37 0.5243055555555556 0.3333333333333333 0.5520833333333334 0.3333333333333333 0.5520833333333334 0.3712962962962963 0.5243055555555556 0.3712962962962963
2 0.5604166666666667 0.3333333333333333 0.5798611111111112 0.3333333333333333 0.5798611111111112 0.38611111111111107 0.5604166666666667 0.38611111111111107
0 0.5923611111111111 0.3333333333333333 0.6201388888888889 0.3333333333333333 0.6201388888888889 0.3851851851851852 0.5923611111111111 0.3851851851851852
2 0.6333333333333333 0.3333333333333333 0.6611111111111111 0.3333333333333333 0.6611111111111111 0.3851851851851852 0.6333333333333333 0.3851851851851852
5 0.6701388888888888 0.3333333333333333 0.6979166666666666 0.3333333333333333 0.6979166666666666 0.3851851851851852 0.6701388888888888 0.3851851851851852
