28 0.25 0.3333333333333333 0.2777777777777778 0.3333333333333333 0.2777777777777778 0.38611111111111107 0.25 0.38611111111111107
24 0.2861111111111111 0.3333333333333333 0.3138888888888889 0.3333333333333333 0.3138888888888889 0.3851851851851852 0.2861111111111111 0.3851851851851852
32 0.32083333333333336 0.3333333333333333 0.3402777777777778 0.3333333333333333 0.3402777777777778 0.38611111111111107 0.32083333333333336 0.38611111111111107
36 0.3506944444444444 0.3333333333333333 0.36041666666666666 0.3333333333333333 0.36041666666666666 0.37037037037037035 0.3506944444444444 0.37037037037037035
0 0.3701388888888889 0.3333333333333333 0.38958333333333334 0.3333333333333333 0.38958333333333334 0.387037037037037 0.3701388888888889 0.387037037037037
6 0.40069444444444446 0.3333333333333333 0.42847222222222225 0.3333333333333333 0.42847222222222225 0.3851851851851852 0.40069444444444446 0.3851851851851852
37 0.4361111111111111 0.3333333333333333 0.4638888888888889 0.3333333333333333 0.4638888888888889 0.38611111111111107 0.4361111111111111 0.38611111111111107
0 0.4708333333333333 0.3333333333333333 0.4986111111111111 0.3333333333333333 0.4986111111111111 0.3851851851851852 0.4708333333333333 0.3851851851851852
2 0.5104166666666666 0.3333333333333333 0.5381944444444444 0.3333333333333333 0.5381944444444444 0.3851851851851852 0.5104166666666666 0.3851851851851852
37 0.55 0.3333333333333333 0.5777777777777778 0.3333333333333333 0.5777777777777778 0.37037037037037035 0.55 0.37037037037037035
2 0.5854166666666667 0.3333333333333333 0.6131944444444445 0.3333333333333333 0.6131944444444445 0.3851851851851852 0.5854166666666667 0.3851851851851852
0 0.6215277777777778 0.3333333333333333 0.6493055555555556 0.3333333333333333 0.6493055555555556 0.3851851851851852 0.6215277777777778 0.3851851851851852
2 0.6618055555555555 0.3333333333333333 0.6895833333333333 0.3333333333333333 0.6895833333333333 0.38611111111111107 0.6618055555555555 0.38611111111111107
5 0.6972222222222222 0.3333333333333333 0.725 0.3333333333333333 0.725 0.38611111111111107 0.6972222222222222 0.38611111111111107
