33 0.25 0.3333333333333333 0.2777777777777778 0.3333333333333333 0.2777777777777778 0.3851851851851852 0.25 0.3851851851851852
15 0.2916666666666667 0.3333333333333333 0.3194444444444445 0.3333333333333333 0.3194444444444445 0.3851851851851852 0.2916666666666667 0.3851851851851852
16 0.3277777777777778 0.3333333333333333 0.35555555555555557 0.3333333333333333 0.35555555555555557 0.38611111111111107 0.3277777777777778 0.38611111111111107
36 0.36527777777777776 0.3333333333333333 0.375 0.3333333333333333 0.375 0.37037037037037035 0.36527777777777776 0.37037037037037035
1 0.38333333333333336 0.3333333333333333 0.3944444444444445 0.3333333333333333 0.3944444444444445 0.38611111111111107 0.38333333333333336 0.38611111111111107
2 0.4048611111111111 0.3333333333333333 0.42430555555555555 0.3333333333333333 0.42430555555555555 0.38611111111111107 0.4048611111111111 0.38611111111111107
37 0.43333333333333335 0.3333333333333333 0.4444444444444445 0.3333333333333333 0.4444444444444445 0.3638888888888889 0.43333333333333335 0.3638888888888889
0 0.4534722222222222 0.3333333333333333 0.48125 0.3333333333333333 0.48125 0.3851851851851852 0.4534722222222222 0.3851851851851852
4 0.4895833333333333 0.3333333333333333 0.517361111111111 0.3333333333333333 0.517361111111111 0.3851851851851852 0.4895833333333333 0.3851851851851852
37 0.5298611111111111 0.3333333333333333 0.5576388888888889 0.3333333333333333 0.5576388888888889 0.3694444444444444 0.5298611111111111 0.3694444444444444
2 0.5694444444444444 0.3333333333333333 0.5972222222222222 0.3333333333333333 0.5972222222222222 0.3851851851851852 0.5694444444444444 0.3851851851851852
0 0.6111111111111112 0.3333333333333333 0.638888888888889 0.3333333333333333 0.638888888888889 0.3851851851851852 0.6111111111111112 0.3851851851851852
2 0.6513888888888889 0.3333333333333333 0.6708333333333334 0.3333333333333333 0.6708333333333334 0.38611111111111107 0.6513888888888889 0.38611111111111107
4 0.6777777777777778 0.3333333333333333 0.7055555555555556 0.3333333333333333 0.7055555555555556 0.3851851851851852 0.6777777777777778 0.3851851851851852
