15 0.25 0.3333333333333333 0.2777777777777778 0.3333333333333333 0.2777777777777778 0.3851851851851852 0.25 0.3851851851851852
19 0.29097222222222224 0.3333333333333333 0.31875000000000003 0.3333333333333333 0.31875000000000003 0.38611111111111107 0.29097222222222224 0.38611111111111107
21 0.32708333333333334 0.3333333333333333 0.34652777777777777 0.3333333333333333 0.34652777777777777 0.38611111111111107 0.32708333333333334 0.38611111111111107
36 0.35347222222222224 0.3333333333333333 0.3631944444444445 0.3333333333333333 0.3631944444444445 0.37037037037037035 0.35347222222222224 0.37037037037037035
0 0.3701388888888889 0.3333333333333333 0.3979166666666667 0.3333333333333333 0.3979166666666667 0.3851851851851852 0.3701388888888889 0.3851851851851852
2 0.41041666666666665 0.3333333333333333 0.43819444444444444 0.3333333333333333 0.43819444444444444 0.3851851851851852 0.41041666666666665 0.3851851851851852
37 0.45069444444444445 0.3333333333333333 0.47847222222222224 0.3333333333333333 0.47847222222222224 0.37037037037037035 0.45069444444444445 0.37037037037037035
0 0.48819444444444443 0.3333333333333333 0.5159722222222222 0.3333333333333333 0.5159722222222222 0.3851851851851852 0.48819444444444443 0.3851851851851852
6 0.5263888888888889 0.3333333333333333 0.5541666666666667 0.3333333333333333 0.5541666666666667 0.3851851851851852 0.5263888888888889 0.3851851851851852
37 0.5611111111111111 0.3333333333333333 0.5722222222222222 0.3333333333333333 0.5722222222222222 0.3638888888888889 0.5611111111111111 0.3638888888888889
2 0.5840277777777778 0.3333333333333333 0.6118055555555556 0.3333333333333333 0.6118055555555556 0.3851851851851852 0.5840277777777778 0.3851851851851852
0 0.6208333333333333 0.3333333333333333 0.6486111111111111 0.3333333333333333 0.6486111111111111 0.3851851851851852 0.6208333333333333 0.3851851851851852
2 0.6583333333333333 0.3333333333333333 0.6861111111111111 0.3333333333333333 0.6861111111111111 0.38611111111111107 0.6583333333333333 0.38611111111111107
5 0.6979166666666666 0.3333333333333333 0.7256944444444444 0.3333333333333333 0.7256944444444444 0.38611111111111107 0.6979166666666666 0.38611111111111107
