19 0.25 0.3333333333333333 0.2777777777777778 0.3333333333333333 0.2777777777777778 0.3851851851851852 0.25 0.3851851851851852
30 0.2902777777777778 0.3333333333333333 0.30972222222222223 0.3333333333333333 0.30972222222222223 0.38611111111111107 0.2902777777777778 0.38611111111111107
18 0.32083333333333336 0.3333333333333333 0.3319444444444445 0.3333333333333333 0.3319444444444445 0.38611111111111107 0.32083333333333336 0.38611111111111107
36 0.34444444444444444 0.3333333333333333 0.3541666666666667 0.3333333333333333 0.3541666666666667 0.37037037037037035 0.34444444444444444 0.37037037037037035
0 0.3638888888888889 0.3333333333333333 0.39166666666666666 0.3333333333333333 0.39166666666666666 0.3851851851851852 0.3638888888888889 0.3851851851851852
4 0.4 0.3333333333333333 0.41944444444444445 0.3333333333333333 0.41944444444444445 0.38611111111111107 0.4 0.38611111111111107
37 0.42777777777777776 0.3333333333333333 0.45555555555555555 0.3333333333333333 0.45555555555555555 0.37037037037037035 0.42777777777777776 0.37037037037037035
0 0.46944444444444444 0.3333333333333333 0.49722222222222223 0.3333333333333333 0.49722222222222223 0.38611111111111107 0.46944444444444444 0.38611111111111107
5 0.5041666666666667 0.3333333333333333 0.5236111111111111 0.3333333333333333 0.5236111111111111 0.38611111111111107 0.5041666666666667 0.38611111111111107
37 0.5319444444444444 0.3333333333333333 0.5597222222222222 0.3333333333333333 0.5597222222222222 0.3851851851851852 0.5319444444444444 0.3851851851851852
2 0.5701388888888889 0.3333333333333333 0.5979166666666667 0.3333333333333333 0.5979166666666667 0.38611111111111107 0.5701388888888889 0.38611111111111107
0 0.6055555555555555 0.3333333333333333 0.6333333333333333 0.3333333333333333 0.6333333333333333 0.3851851851851852 0.6055555555555555 0.3851851851851852
2 0.6430555555555556 0.3333333333333333 0.6708333333333334 0.3333333333333333 0.6708333333333334 0.3851851851851852 0.6430555555555556 0.3851851851851852
5 0.6847222222222222 0.3333333333333333 0.7125 0.3333333333333333 0.7125 0.3851851851851852 0.6847222222222222 0.3851851851851852
