17 0.25 0.3333333333333333 0.26944444444444443 0.3333333333333333 0.26944444444444443 0.38611111111111107 0.25 0.38611111111111107
27 0.2826388888888889 0.3333333333333333 0.3020833333333333 0.3333333333333333 0.3020833333333333 0.38611111111111107 0.2826388888888889 0.38611111111111107
30 0.3090277777777778 0.3333333333333333 0.3284722222222222 0.3333333333333333 0.3284722222222222 0.38611111111111107 0.3090277777777778 0.38611111111111107
36 0.3388888888888889 0.3333333333333333 0.34305555555555556 0.3333333333333333 0.34305555555555556 0.3638888888888889 0.3388888888888889 0.3638888888888889
0 0.3548611111111111 0.3333333333333333 0.3826388888888889 0.3333333333333333 0.3826388888888889 0.38611111111111107 0.3548611111111111 0.38611111111111107
1 0.3958333333333333 0.3333333333333333 0.4125 0.3333333333333333 0.4125 0.3851851851851852 0.3958333333333333 0.3851851851851852
37 0.4263888888888889 0.3333333333333333 0.45416666666666666 0.3333333333333333 0.45416666666666666 0.37037037037037035 0.4263888888888889 0.37037037037037035
2 0.4638888888888889 0.3333333333333333 0.4916666666666667 0.3333333333333333 0.4916666666666667 0.38611111111111107 0.4638888888888889 0.38611111111111107
5 0.5020833333333333 0.3333333333333333 0.5215277777777778 0.3333333333333333 0.5215277777777778 0.38611111111111107 0.5020833333333333 0.38611111111111107
37 0.5284722222222222 0.3333333333333333 0.5395833333333333 0.3333333333333333 0.5395833333333333 0.3638888888888889 0.5284722222222222 0.3638888888888889
2 0.55 0.3333333333333333 0.5694444444444445 0.3333333333333333 0.5694444444444445 0.38611111111111107 0.55 0.38611111111111107
0 0.5819444444444445 0.3333333333333333 0.6097222222222223 0.3333333333333333 0.6097222222222223 0.3851851851851852 0.5819444444444445 0.3851851851851852
2 0.6229166666666667 0.3333333333333333 0.6423611111111112 0.3333333333333333 0.6423611111111112 0.38611111111111107 0.6229166666666667 0.38611111111111107
5 0.6541666666666667 0.3333333333333333 0.6819444444444445 0.3333333333333333 0.6819444444444445 0.3851851851851852 0.6541666666666667 0.3851851851851852
