32 0.25 0.3333333333333333 0.26944444444444443 0.3333333333333333 0.26944444444444443 0.38611111111111107 0.25 0.38611111111111107
28 0.2763888888888889 0.3333333333333333 0.3041666666666667 0.3333333333333333 0.3041666666666667 0.3851851851851852 0.2763888888888889 0.3851851851851852
18 0.31180555555555556 0.3333333333333333 0.3229166666666667 0.3333333333333333 0.3229166666666667 0.387037037037037 0.31180555555555556 0.387037037037037
36 0.33402777777777776 0.3333333333333333 0.34375 0.3333333333333333 0.34375 0.37037037037037035 0.33402777777777776 0.37037037037037035
0 0.3527777777777778 0.3333333333333333 0.3805555555555556 0.3333333333333333 0.3805555555555556 0.3851851851851852 0.3527777777777778 0.3851851851851852
6 0.39375 0.3333333333333333 0.4131944444444444 0.3333333333333333 0.4131944444444444 0.387037037037037 0.39375 0.387037037037037
37 0.42569444444444443 0.3333333333333333 0.4534722222222222 0.3333333333333333 0.4534722222222222 0.3851851851851852 0.42569444444444443 0.3851851851851852
2 0.4638888888888889 0.3333333333333333 0.48333333333333334 0.3333333333333333 0.48333333333333334 0.38611111111111107 0.4638888888888889 0.38611111111111107
5 0.49722222222222223 0.3333333333333333 0.525 0.3333333333333333 0.525 0.3851851851851852 0.49722222222222223 0.3851851851851852
37 0.5347222222222222 0.3333333333333333 0.5625 0.3333333333333333 0.5625 0.3851851851851852 0.5347222222222222 0.3851851851851852
2 0.5701388888888889 0.3333333333333333 0.5979166666666667 0.3333333333333333 0.5979166666666667 0.38611111111111107 0.5701388888888889 0.38611111111111107
0 0.6048611111111111 0.3333333333333333 0.6243055555555556 0.3333333333333333 0.6243055555555556 0.387037037037037 0.6048611111111111 0.387037037037037
2 0.6381944444444444 0.3333333333333333 0.6576388888888889 0.3333333333333333 0.6576388888888889 0.38611111111111107 0.6381944444444444 0.38611111111111107
5 0.6694444444444444 0.3333333333333333 0.6972222222222222 0.3333333333333333 0.6972222222222222 0.3851851851851852 0.6694444444444444 0.3851851851851852
