21 0.25 0.3333333333333333 0.2777777777777778 0.3333333333333333 0.2777777777777778 0.3851851851851852 0.25 0.3851851851851852
15 0.2875 0.3333333333333333 0.3069444444444444 0.3333333333333333 0.3069444444444444 0.38611111111111107 0.2875 0.38611111111111107
10 0.31875 0.3333333333333333 0.34652777777777777 0.3333333333333333 0.34652777777777777 0.3851851851851852 0.31875 0.3851851851851852
36 0.35347222222222224 0.3333333333333333 0.3631944444444445 0.3333333333333333 0.3631944444444445 0.37037037037037035 0.35347222222222224 0.37037037037037035
1 0.3770833333333333 0.3333333333333333 0.39375 0.3333333333333333 0.39375 0.38611111111111107 0.3770833333333333 0.38611111111111107
2 0.40208333333333335 0.3333333333333333 0.42986111111111114 0.3333333333333333 0.42986111111111114 0.3851851851851852 0.40208333333333335 0.3851851851851852
37 0.43680555555555556 0.3333333333333333 0.46458333333333335 0.3333333333333333 0.46458333333333335 0.3851851851851852 0.43680555555555556 0.3851851851851852
1 0.4756944444444444 0.3333333333333333 0.48680555555555555 0.3333333333333333 0.48680555555555555 0.38611111111111107 0.4756944444444444 0.38611111111111107
8 0.5006944444444444 0.3333333333333333 0.5201388888888889 0.3333333333333333 0.5201388888888889 0.38611111111111107 0.5006944444444444 0.38611111111111107
37 0.5291666666666667 0.3333333333333333 0.5569444444444445 0.3333333333333333 0.5569444444444445 0.3851851851851852 0.5291666666666667 0.3851851851851852
2 0.5659722222222222 0.3333333333333333 0.59375 0.3333333333333333 0.59375 0.3851851851851852 0.5659722222222222 0.3851851851851852
0 0.6048611111111111 0.3333333333333333 0.6326388888888889 0.3333333333333333 0.6326388888888889 0.38611111111111107 0.6048611111111111 0.38611111111111107
2 0.6465277777777778 0.3333333333333333 0.6659722222222223 0.3333333333333333 0.6659722222222223 0.38611111111111107 0.6465277777777778 0.38611111111111107
4 0.6756944444444445 0.3333333333333333 0.7034722222222223 0.3333333333333333 0.7034722222222223 0.38611111111111107 0.6756944444444445 0.38611111111111107
