33 0.25 0.3333333333333333 0.26944444444444443 0.3333333333333333 0.26944444444444443 0.38611111111111107 0.25 0.38611111111111107
15 0.2798611111111111 0.3333333333333333 0.3076388888888889 0.3333333333333333 0.3076388888888889 0.3851851851851852 0.2798611111111111 0.3851851851851852
10 0.3159722222222222 0.3333333333333333 0.33541666666666664 0.3333333333333333 0.33541666666666664 0.38611111111111107 0.3159722222222222 0.38611111111111107
36 0.34930555555555554 0.3333333333333333 0.3590277777777778 0.3333333333333333 0.3590277777777778 0.37037037037037035 0.34930555555555554 0.37037037037037035
0 0.3715277777777778 0.3333333333333333 0.3993055555555556 0.3333333333333333 0.3993055555555556 0.38611111111111107 0.3715277777777778 0.38611111111111107
2 0.40694444444444444 0.3333333333333333 0.43472222222222223 0.3333333333333333 0.43472222222222223 0.38611111111111107 0.40694444444444444 0.38611111111111107
37 0.4465277777777778 0.3333333333333333 0.4743055555555556 0.3333333333333333 0.4743055555555556 0.37037037037037035 0.4465277777777778 0.37037037037037035
2 0.48680555555555555 0.3333333333333333 0.5145833333333333 0.3333333333333333 0.5145833333333333 0.3851851851851852 0.48680555555555555 0.3851851851851852
4 0.5270833333333333 0.3333333333333333 0.5548611111111111 0.3333333333333333 0.5548611111111111 0.3851851851851852 0.5270833333333333 0.3851851851851852
37 0.5618055555555556 0.3333333333333333 0.5895833333333333 0.3333333333333333 0.5895833333333333 0.3694444444444444 0.5618055555555556 0.3694444444444444
2 0.6006944444444444 0.3333333333333333 0.6201388888888889 0.3333333333333333 0.6201388888888889 0.38611111111111107 0.6006944444444444 0.38611111111111107
0 0.6319444444444444 0.3333333333333333 0.6513888888888889 0.3333333333333333 0.6513888888888889 0.38611111111111107 0.6319444444444444 0.38611111111111107
2 0.6590277777777778 0.3333333333333333 0.6868055555555556 0.3333333333333333 0.6868055555555556 0.38611111111111107 0.6590277777777778 0.38611111111111107
5 0.6965277777777777 0.3333333333333333 0.7243055555555555 0.3333333333333333 0.7243055555555555 0.3851851851851852 0.6965277777777777 0.3851851851851852
