25 0.25 0.3333333333333333 0.26944444444444443 0.3333333333333333 0.26944444444444443 0.387037037037037 0.25 0.387037037037037
17 0.28125 0.3333333333333333 0.3090277777777778 0.3333333333333333 0.3090277777777778 0.3851851851851852 0.28125 0.3851851851851852
19 0.31666666666666665 0.3333333333333333 0.3361111111111111 0.3333333333333333 0.3361111111111111 0.38611111111111107 0.31666666666666665 0.38611111111111107
36 0.34305555555555556 0.3333333333333333 0.3541666666666667 0.3333333333333333 0.3541666666666667 0.3712962962962963 0.34305555555555556 0.3712962962962963
0 0.36666666666666664 0.3333333333333333 0.39444444444444443 0.3333333333333333 0.39444444444444443 0.3851851851851852 0.36666666666666664 0.3851851851851852
9 0.4083333333333333 0.3333333333333333 0.42777777777777776 0.3333333333333333 0.42777777777777776 0.38611111111111107 0.4083333333333333 0.38611111111111107
37 0.4388888888888889 0.3333333333333333 0.45 0.3333333333333333 0.45 0.3657407407407407 0.4388888888888889 0.3657407407407407
0 0.4597222222222222 0.3333333333333333 0.4875 0.3333333333333333 0.4875 0.3851851851851852 0.4597222222222222 0.3851851851851852
1 0.5 0.3333333333333333 0.5111111111111111 0.3333333333333333 0.5111111111111111 0.387037037037037 0.5 0.387037037037037
37 0.5194444444444445 0.3333333333333333 0.5472222222222223 0.3333333333333333 0.5472222222222223 0.3851851851851852 0.5194444444444445 0.3851851851851852
2 0.5548611111111111 0.3333333333333333 0.5826388888888889 0.3333333333333333 0.5826388888888889 0.3851851851851852 0.5548611111111111 0.3851851851851852
0 0.5951388888888889 0.3333333333333333 0.6229166666666667 0.3333333333333333 0.6229166666666667 0.3851851851851852 0.5951388888888889 0.3851851851851852
2 0.6354166666666666 0.3333333333333333 0.6631944444444444 0.3333333333333333 0.6631944444444444 0.3851851851851852 0.6354166666666666 0.3851851851851852
5 0.6756944444444445 0.3333333333333333 0.695138888888889 0.3333333333333333 0.695138888888889 0.387037037037037 0.6756944444444445 0.387037037037037
