33 0.25 0.3333333333333333 0.26944444444444443 0.3333333333333333 0.26944444444444443 0.38611111111111107 0.25 0.38611111111111107
10 0.28055555555555556 0.3333333333333333 0.30833333333333335 0.3333333333333333 0.30833333333333335 0.3851851851851852 0.28055555555555556 0.3851851851851852
28 0.3173611111111111 0.3333333333333333 0.3451388888888889 0.3333333333333333 0.3451388888888889 0.3851851851851852 0.3173611111111111 0.3851851851851852
36 0.35555555555555557 0.3333333333333333 0.3652777777777778 0.3333333333333333 0.3652777777777778 0.3712962962962963 0.35555555555555557 0.3712962962962963
0 0.3729166666666667 0.3333333333333333 0.40069444444444446 0.3333333333333333 0.40069444444444446 0.3851851851851852 0.3729166666666667 0.3851851851851852
3 0.4111111111111111 0.3333333333333333 0.4388888888888889 0.3333333333333333 0.4388888888888889 0.3851851851851852 0.4111111111111111 0.3851851851851852
37 0.45208333333333334 0.3333333333333333 0.4798611111111111 0.3333333333333333 0.4798611111111111 0.3712962962962963 0.45208333333333334 0.3712962962962963
1 0.4888888888888889 0.3333333333333333 0.5055555555555555 0.3333333333333333 0.5055555555555555 0.38611111111111107 0.4888888888888889 0.38611111111111107
2 0.5159722222222223 0.3333333333333333 0.5354166666666668 0.3333333333333333 0.5354166666666668 0.387037037037037 0.5159722222222223 0.387037037037037
37 0.5486111111111112 0.3333333333333333 0.576388888888889 0.3333333333333333 0.576388888888889 0.3851851851851852 0.5486111111111112 0.3851851851851852
2 0.5875 0.3333333333333333 0.6152777777777778 0.3333333333333333 0.6152777777777778 0.3851851851851852 0.5875 0.3851851851851852
0 0.6243055555555556 0.3333333333333333 0.64375 0.3333333333333333 0.64375 0.38611111111111107 0.6243055555555556 0.38611111111111107
2 0.6527777777777778 0.3333333333333333 0.6805555555555556 0.3333333333333333 0.6805555555555556 0.3851851851851852 0.6527777777777778 0.3851851851851852
5 0.6923611111111111 0.3333333333333333 0.7118055555555556 0.3333333333333333 0.7118055555555556 0.38611111111111107 0.6923611111111111 0.38611111111111107
