10 0.25 0.3333333333333333 0.26944444444444443 0.3333333333333333 0.26944444444444443 0.38611111111111107 0.25 0.38611111111111107
28 0.2798611111111111 0.3333333333333333 0.29930555555555555 0.3333333333333333 0.29930555555555555 0.38611111111111107 0.2798611111111111 0.38611111111111107
22 0.3076388888888889 0.3333333333333333 0.3354166666666667 0.3333333333333333 0.3354166666666667 0.38611111111111107 0.3076388888888889 0.38611111111111107
36 0.3486111111111111 0.3333333333333333 0.3597222222222222 0.3333333333333333 0.3597222222222222 0.37037037037037035 0.3486111111111111 0.37037037037037035
0 0.3701388888888889 0.3333333333333333 0.3979166666666667 0.3333333333333333 0.3979166666666667 0.38611111111111107 0.3701388888888889 0.38611111111111107
6 0.41041666666666665 0.3333333333333333 0.43819444444444444 0.3333333333333333 0.43819444444444444 0.3851851851851852 0.41041666666666665 0.3851851851851852
37 0.44930555555555557 0.3333333333333333 0.47708333333333336 0.3333333333333333 0.47708333333333336 0.37037037037037035 0.44930555555555557 0.37037037037037035
3 0.48541666666666666 0.3333333333333333 0.5131944444444444 0.3333333333333333 0.5131944444444444 0.3851851851851852 0.48541666666666666 0.3851851851851852
0 0.5263888888888889 0.3333333333333333 0.5541666666666667 0.3333333333333333 0.5541666666666667 0.3851851851851852 0.5263888888888889 0.3851851851851852
37 0.5666666666666667 0.3333333333333333 0.5944444444444444 0.3333333333333333 0.5944444444444444 0.3851851851851852 0.5666666666666667 0.3851851851851852
2 0.6027777777777777 0.3333333333333333 0.6305555555555555 0.3333333333333333 0.6305555555555555 0.3851851851851852 0.6027777777777777 0.3851851851851852
0 0.6388888888888888 0.3333333333333333 0.6666666666666666 0.3333333333333333 0.6666666666666666 0.38611111111111107 0.6388888888888888 0.38611111111111107
2 0.6798611111111111 0.3333333333333333 0.7076388888888889 0.3333333333333333 0.7076388888888889 0.3851851851851852 0.6798611111111111 0.3851851851851852
5 0.7208333333333333 0.3333333333333333 0.7402777777777778 0.3333333333333333 0.7402777777777778 0.387037037037037 0.7208333333333333 0.387037037037037
