17 0.25 0.3333333333333333 0.2777777777777778 0.3333333333333333 0.2777777777777778 0.3851851851851852 0.25 0.3851851851851852
29 0.28680555555555554 0.3333333333333333 0.30624999999999997 0.3333333333333333 0.30624999999999997 0.387037037037037 0.28680555555555554 0.387037037037037
30 0.31527777777777777 0.3333333333333333 0.34305555555555556 0.3333333333333333 0.34305555555555556 0.3851851851851852 0.31527777777777777 0.3851851851851852
36 0.35138888888888886 0.3333333333333333 0.3555555555555555 0.3333333333333333 0.3555555555555555 0.3648148148148148 0.35138888888888886 0.3648148148148148
0 0.36527777777777776 0.3333333333333333 0.39305555555555555 0.3333333333333333 0.39305555555555555 0.3851851851851852 0.36527777777777776 0.3851851851851852
9 0.40694444444444444 0.3333333333333333 0.43472222222222223 0.3333333333333333 0.43472222222222223 0.3851851851851852 0.40694444444444444 0.3851851851851852
37 0.44305555555555554 0.3333333333333333 0.4708333333333333 0.3333333333333333 0.4708333333333333 0.3851851851851852 0.44305555555555554 0.3851851851851852
1 0.4777777777777778 0.3333333333333333 0.48888888888888893 0.3333333333333333 0.48888888888888893 0.387037037037037 0.4777777777777778 0.387037037037037
2 0.49583333333333335 0.3333333333333333 0.5152777777777778 0.3333333333333333 0.5152777777777778 0.38611111111111107 0.49583333333333335 0.38611111111111107
37 0.5222222222222223 0.3333333333333333 0.55 0.3333333333333333 0.55 0.3851851851851852 0.5222222222222223 0.3851851851851852
2 0.5604166666666667 0.3333333333333333 0.5798611111111112 0.3333333333333333 0.5798611111111112 0.38611111111111107 0.5604166666666667 0.38611111111111107
0 0.59375 0.3333333333333333 0.6131944444444445 0.3333333333333333 0.6131944444444445 0.38611111111111107 0.59375 0.38611111111111107
2 0.6236111111111111 0.3333333333333333 0.6513888888888889 0.3333333333333333 0.6513888888888889 0.3851851851851852 0.6236111111111111 0.3851851851851852
5 0.6597222222222222 0.3333333333333333 0.6791666666666667 0.3333333333333333 0.6791666666666667 0.38611111111111107 0.6597222222222222 0.38611111111111107
