18 0.25 0.3333333333333333 0.26666666666666666 0.3333333333333333 0.26666666666666666 0.38611111111111107 0.25 0.38611111111111107
17 0.27847222222222223 0.3333333333333333 0.30625 0.3333333333333333 0.30625 0.38611111111111107 0.27847222222222223 0.38611111111111107
34 0.31875 0.3333333333333333 0.34652777777777777 0.3333333333333333 0.34652777777777777 0.3851851851851852 0.31875 0.3851851851851852
36 0.35347222222222224 0.3333333333333333 0.3576388888888889 0.3333333333333333 0.3576388888888889 0.3638888888888889 0.35347222222222224 0.3638888888888889
1 0.36875 0.3333333333333333 0.3854166666666667 0.3333333333333333 0.3854166666666667 0.3851851851851852 0.36875 0.3851851851851852
2 0.3958333333333333 0.3333333333333333 0.41527777777777775 0.3333333333333333 0.41527777777777775 0.387037037037037 0.3958333333333333 0.387037037037037
37 0.4263888888888889 0.3333333333333333 0.45416666666666666 0.3333333333333333 0.45416666666666666 0.37037037037037035 0.4263888888888889 0.37037037037037035
2 0.46805555555555556 0.3333333333333333 0.4875 0.3333333333333333 0.4875 0.38611111111111107 0.46805555555555556 0.38611111111111107
6 0.4986111111111111 0.3333333333333333 0.5263888888888889 0.3333333333333333 0.5263888888888889 0.3851851851851852 0.4986111111111111 0.3851851851851852
37 0.5381944444444444 0.3333333333333333 0.5659722222222222 0.3333333333333333 0.5659722222222222 0.38611111111111107 0.5381944444444444 0.38611111111111107
2 0.5736111111111111 0.3333333333333333 0.6013888888888889 0.3333333333333333 0.6013888888888889 0.3851851851851852 0.5736111111111111 0.3851851851851852
0 0.6090277777777777 0.3333333333333333 0.6368055555555555 0.3333333333333333 0.6368055555555555 0.38611111111111107 0.6090277777777777 0.38611111111111107
2 0.6472222222222223 0.3333333333333333 0.6666666666666667 0.3333333333333333 0.6666666666666667 0.38611111111111107 0.6472222222222223 0.38611111111111107
4 0.6805555555555556 0.3333333333333333 0.7000000000000001 0.3333333333333333 0.7000000000000001 0.38611111111111107 0.6805555555555556 0.38611111111111107
