23 0.25 0.3333333333333333 0.26944444444444443 0.3333333333333333 0.26944444444444443 0.38611111111111107 0.25 0.38611111111111107
16 0.2791666666666667 0.3333333333333333 0.30694444444444446 0.3333333333333333 0.30694444444444446 0.3851851851851852 0.2791666666666667 0.3851851851851852
27 0.31875 0.3333333333333333 0.3381944444444444 0.3333333333333333 0.3381944444444444 0.38611111111111107 0.31875 0.38611111111111107
36 0.34791666666666665 0.3333333333333333 0.3590277777777778 0.3333333333333333 0.3590277777777778 0.37037037037037035 0.34791666666666665 0.37037037037037035
1 0.36736111111111114 0.3333333333333333 0.3791666666666667 0.3333333333333333 0.3791666666666667 0.38611111111111107 0.36736111111111114 0.38611111111111107
2 0.3875 0.3333333333333333 0.40694444444444444 0.3333333333333333 0.40694444444444444 0.38611111111111107 0.3875 0.38611111111111107
37 0.41875 0.3333333333333333 0.4465277777777778 0.3333333333333333 0.4465277777777778 0.37037037037037035 0.41875 0.37037037037037035
0 0.46041666666666664 0.3333333333333333 0.47986111111111107 0.3333333333333333 0.47986111111111107 0.38611111111111107 0.46041666666666664 0.38611111111111107
5 0.4895833333333333 0.3333333333333333 0.5090277777777777 0.3333333333333333 0.5090277777777777 0.38611111111111107 0.4895833333333333 0.38611111111111107
37 0.5166666666666667 0.3333333333333333 0.538888888888889 0.3333333333333333 0.538888888888889 0.36296296296296293 0.5166666666666667 0.36296296296296293
2 0.5527777777777778 0.3333333333333333 0.5805555555555556 0.3333333333333333 0.5805555555555556 0.38611111111111107 0.5527777777777778 0.38611111111111107
0 0.5916666666666667 0.3333333333333333 0.6194444444444445 0.3333333333333333 0.6194444444444445 0.3851851851851852 0.5916666666666667 0.3851851851851852
2 0.6291666666666667 0.3333333333333333 0.6486111111111111 0.3333333333333333 0.6486111111111111 0.38611111111111107 0.6291666666666667 0.38611111111111107
4 0.6604166666666667 0.3333333333333333 0.6798611111111111 0.3333333333333333 0.6798611111111111 0.38611111111111107 0.6604166666666667 0.38611111111111107
