13 0.25 0.3333333333333333 0.2777777777777778 0.3333333333333333 0.2777777777777778 0.3851851851851852 0.25 0.3851851851851852
30 0.2847222222222222 0.3333333333333333 0.3125 0.3333333333333333 0.3125 0.38611111111111107 0.2847222222222222 0.38611111111111107
23 0.3194444444444444 0.3333333333333333 0.3472222222222222 0.3333333333333333 0.3472222222222222 0.3851851851851852 0.3194444444444444 0.3851851851851852
36 0.3597222222222222 0.3333333333333333 0.36944444444444446 0.3333333333333333 0.36944444444444446 0.37037037037037035 0.3597222222222222 0.37037037037037035
0 0.38333333333333336 0.3333333333333333 0.41111111111111115 0.3333333333333333 0.41111111111111115 0.3851851851851852 0.38333333333333336 0.3851851851851852
3 0.425 0.3333333333333333 0.4527777777777778 0.3333333333333333 0.4527777777777778 0.38611111111111107 0.425 0.38611111111111107
37 0.4652777777777778 0.3333333333333333 0.4930555555555556 0.3333333333333333 0.4930555555555556 0.37037037037037035 0.4652777777777778 0.37037037037037035
2 0.5055555555555555 0.3333333333333333 0.525 0.3333333333333333 0.525 0.38611111111111107 0.5055555555555555 0.38611111111111107
4 0.5388888888888889 0.3333333333333333 0.5666666666666667 0.3333333333333333 0.5666666666666667 0.3851851851851852 0.5388888888888889 0.3851851851851852
37 0.5770833333333333 0.3333333333333333 0.6048611111111111 0.3333333333333333 0.6048611111111111 0.37037037037037035 0.5770833333333333 0.37037037037037035
2 0.61875 0.3333333333333333 0.6465277777777778 0.3333333333333333 0.6465277777777778 0.3851851851851852 0.61875 0.3851851851851852
0 0.6583333333333333 0.3333333333333333 0.6861111111111111 0.3333333333333333 0.6861111111111111 0.38611111111111107 0.6583333333333333 0.38611111111111107
2 0.6930555555555555 0.3333333333333333 0.7125 0.3333333333333333 0.7125 0.387037037037037 0.6930555555555555 0.387037037037037
5 0.7201388888888889 0.3333333333333333 0.7479166666666667 0.3333333333333333 0.7479166666666667 0.3851851851851852 0.7201388888888889 0.3851851851851852
