27 0.25 0.3333333333333333 0.2777777777777778 0.3333333333333333 0.2777777777777778 0.3851851851851852 0.25 0.3851851851851852
13 0.28958333333333336 0.3333333333333333 0.31736111111111115 0.3333333333333333 0.31736111111111115 0.3851851851851852 0.28958333333333336 0.3851851851851852
33 0.3263888888888889 0.3333333333333333 0.3458333333333333 0.3333333333333333 0.3458333333333333 0.38611111111111107 0.3263888888888889 0.38611111111111107
36 0.35347222222222224 0.3333333333333333 0.3631944444444445 0.3333333333333333 0.3631944444444445 0.37037037037037035 0.35347222222222224 0.37037037037037035
0 0.3763888888888889 0.3333333333333333 0.3958333333333333 0.3333333333333333 0.3958333333333333 0.38611111111111107 0.3763888888888889 0.38611111111111107
6 0.4083333333333333 0.3333333333333333 0.42777777777777776 0.3333333333333333 0.42777777777777776 0.38611111111111107 0.4083333333333333 0.38611111111111107
37 0.43819444444444444 0.3333333333333333 0.46597222222222223 0.3333333333333333 0.46597222222222223 0.3712962962962963 0.43819444444444444 0.3712962962962963
0 0.4777777777777778 0.3333333333333333 0.49722222222222223 0.3333333333333333 0.49722222222222223 0.38611111111111107 0.4777777777777778 0.38611111111111107
5 0.5104166666666666 0.3333333333333333 0.5298611111111111 0.3333333333333333 0.5298611111111111 0.387037037037037 0.5104166666666666 0.387037037037037
37 0.5375 0.3333333333333333 0.5652777777777778 0.3333333333333333 0.5652777777777778 0.3851851851851852 0.5375 0.3851851851851852
2 0.5770833333333333 0.3333333333333333 0.5965277777777778 0.3333333333333333 0.5965277777777778 0.38611111111111107 0.5770833333333333 0.38611111111111107
0 0.6069444444444444 0.3333333333333333 0.6347222222222222 0.3333333333333333 0.6347222222222222 0.3851851851851852 0.6069444444444444 0.3851851851851852
2 0.6423611111111112 0.3333333333333333 0.670138888888889 0.3333333333333333 0.670138888888889 0.3851851851851852 0.6423611111111112 0.3851851851851852
5 0.6833333333333333 0.3333333333333333 0.7111111111111111 0.3333333333333333 0.7111111111111111 0.3851851851851852 0.6833333333333333 0.3851851851851852
