16 0.25 0.3333333333333333 0.2777777777777778 0.3333333333333333 0.2777777777777778 0.3851851851851852 0.25 0.3851851851851852
19 0.2847222222222222 0.3333333333333333 0.3125 0.3333333333333333 0.3125 0.3851851851851852 0.2847222222222222 0.3851851851851852
15 0.3236111111111111 0.3333333333333333 0.34305555555555556 0.3333333333333333 0.34305555555555556 0.38611111111111107 0.3236111111111111 0.38611111111111107
36 0.3527777777777778 0.3333333333333333 0.36388888888888893 0.3333333333333333 0.36388888888888893 0.37037037037037035 0.3527777777777778 0.37037037037037035
0 0.37222222222222223 0.3333333333333333 0.4 0.3333333333333333 0.4 0.3851851851851852 0.37222222222222223 0.3851851851851852
1 0.4076388888888889 0.3333333333333333 0.42430555555555555 0.3333333333333333 0.42430555555555555 0.3851851851851852 0.4076388888888889 0.3851851851851852
37 0.43472222222222223 0.3333333333333333 0.4625 0.3333333333333333 0.4625 0.3712962962962963 0.43472222222222223 0.3712962962962963
3 0.47152777777777777 0.3333333333333333 0.4909722222222222 0.3333333333333333 0.4909722222222222 0.38611111111111107 0.47152777777777777 0.38611111111111107
1 0.49930555555555556 0.3333333333333333 0.5159722222222223 0.3333333333333333 0.5159722222222223 0.3851851851851852 0.49930555555555556 0.3851851851851852
37 0.5277777777777778 0.3333333333333333 0.5555555555555556 0.3333333333333333 0.5555555555555556 0.37037037037037035 0.5277777777777778 0.37037037037037035
2 0.56875 0.3333333333333333 0.5965277777777778 0.3333333333333333 0.5965277777777778 0.38611111111111107 0.56875 0.38611111111111107
0 0.6048611111111111 0.3333333333333333 0.6326388888888889 0.3333333333333333 0.6326388888888889 0.3851851851851852 0.6048611111111111 0.3851851851851852
2 0.64375 0.3333333333333333 0.6715277777777778 0.3333333333333333 0.6715277777777778 0.3851851851851852 0.64375 0.3851851851851852
5 0.6798611111111111 0.3333333333333333 0.7076388888888889 0.3333333333333333 0.7076388888888889 0.3851851851851852 0.6798611111111111 0.3851851851851852
