34 0.25 0.3333333333333333 0.26944444444444443 0.3333333333333333 0.26944444444444443 0.38611111111111107 0.25 0.38611111111111107
15 0.2791666666666667 0.3333333333333333 0.30694444444444446 0.3333333333333333 0.30694444444444446 0.3851851851851852 0.2791666666666667 0.3851851851851852
32 0.32083333333333336 0.3333333333333333 0.34861111111111115 0.3333333333333333 0.34861111111111115 0.3851851851851852 0.32083333333333336 0.3851851851851852
36 0.3625 0.3333333333333333 0.37222222222222223 0.3333333333333333 0.37222222222222223 0.37037037037037035 0.3625 0.37037037037037035
0 0.3840277777777778 0.3333333333333333 0.4118055555555556 0.3333333333333333 0.4118055555555556 0.38611111111111107 0.3840277777777778 0.38611111111111107
1 0.42569444444444443 0.3333333333333333 0.4423611111111111 0.3333333333333333 0.4423611111111111 0.3851851851851852 0.42569444444444443 0.3851851851851852
37 0.45 0.3333333333333333 0.4777777777777778 0.3333333333333333 0.4777777777777778 0.3851851851851852 0.45 0.3851851851851852
1 0.4861111111111111 0.3333333333333333 0.49722222222222223 0.3333333333333333 0.49722222222222223 0.375 0.4861111111111111 0.375
0 0.5076388888888889 0.3333333333333333 0.5270833333333333 0.3333333333333333 0.5270833333333333 0.387037037037037 0.5076388888888889 0.387037037037037
37 0.5347222222222222 0.3333333333333333 0.5625 0.3333333333333333 0.5625 0.3851851851851852 0.5347222222222222 0.3851851851851852
2 0.5736111111111111 0.3333333333333333 0.5930555555555556 0.3333333333333333 0.5930555555555556 0.38611111111111107 0.5736111111111111 0.38611111111111107
0 0.6027777777777777 0.3333333333333333 0.6305555555555555 0.3333333333333333 0.6305555555555555 0.3851851851851852 0.6027777777777777 0.3851851851851852
2 0.6444444444444445 0.3333333333333333 0.6722222222222223 0.3333333333333333 0.6722222222222223 0.3851851851851852 0.6444444444444445 0.3851851851851852
5 0.68125 0.3333333333333333 0.7090277777777778 0.3333333333333333 0.7090277777777778 0.3851851851851852 0.68125 0.3851851851851852
