21 0.25 0.3333333333333333 0.26944444444444443 0.3333333333333333 0.26944444444444443 0.3851851851851852 0.25 0.3851851851851852
14 0.28055555555555556 0.3333333333333333 0.30833333333333335 0.3333333333333333 0.30833333333333335 0.3851851851851852 0.28055555555555556 0.3851851851851852
10 0.31805555555555554 0.3333333333333333 0.3458333333333333 0.3333333333333333 0.3458333333333333 0.3851851851851852 0.31805555555555554 0.3851851851851852
36 0.3576388888888889 0.3333333333333333 0.36875 0.3333333333333333 0.36875 0.37037037037037035 0.3576388888888889 0.37037037037037035
1 0.37569444444444444 0.3333333333333333 0.3923611111111111 0.3333333333333333 0.3923611111111111 0.3851851851851852 0.37569444444444444 0.3851851851851852
2 0.4041666666666667 0.3333333333333333 0.4236111111111111 0.3333333333333333 0.4236111111111111 0.387037037037037 0.4041666666666667 0.387037037037037
37 0.43125 0.3333333333333333 0.4590277777777778 0.3333333333333333 0.4590277777777778 0.3851851851851852 0.43125 0.3851851851851852
3 0.47291666666666665 0.3333333333333333 0.5006944444444444 0.3333333333333333 0.5006944444444444 0.38611111111111107 0.47291666666666665 0.38611111111111107
1 0.5138888888888888 0.3333333333333333 0.5305555555555556 0.3333333333333333 0.5305555555555556 0.3851851851851852 0.5138888888888888 0.3851851851851852
37 0.5430555555555555 0.3333333333333333 0.5708333333333333 0.3333333333333333 0.5708333333333333 0.37037037037037035 0.5430555555555555 0.37037037037037035
2 0.5819444444444445 0.3333333333333333 0.6097222222222223 0.3333333333333333 0.6097222222222223 0.3851851851851852 0.5819444444444445 0.3851851851851852
0 0.6222222222222222 0.3333333333333333 0.65 0.3333333333333333 0.65 0.3851851851851852 0.6222222222222222 0.3851851851851852
2 0.6604166666666667 0.3333333333333333 0.6881944444444444 0.3333333333333333 0.6881944444444444 0.3851851851851852 0.6604166666666667 0.3851851851851852
4 0.7020833333333333 0.3333333333333333 0.7215277777777778 0.3333333333333333 0.7215277777777778 0.3851851851851852 0.7020833333333333 0.3851851851851852
