14 0.25 0.3333333333333333 0.2777777777777778 0.3333333333333333 0.2777777777777778 0.3851851851851852 0.25 0.3851851851851852
35 0.28888888888888886 0.3333333333333333 0.3083333333333333 0.3333333333333333 0.3083333333333333 0.38611111111111107 0.28888888888888886 0.38611111111111107
11 0.3159722222222222 0.3333333333333333 0.33541666666666664 0.3333333333333333 0.33541666666666664 0.38611111111111107 0.3159722222222222 0.38611111111111107
36 0.34930555555555554 0.3333333333333333 0.3590277777777778 0.3333333333333333 0.3590277777777778 0.37037037037037035 0.34930555555555554 0.37037037037037035
1 0.36736111111111114 0.3333333333333333 0.3840277777777778 0.3333333333333333 0.3840277777777778 0.38611111111111107 0.36736111111111114 0.38611111111111107
2 0.39166666666666666 0.3333333333333333 0.41944444444444445 0.3333333333333333 0.41944444444444445 0.3851851851851852 0.39166666666666666 0.3851851851851852
37 0.42916666666666664 0.3333333333333333 0.44027777777777777 0.3333333333333333 0.44027777777777777 0.3638888888888889 0.42916666666666664 0.3638888888888889
0 0.4513888888888889 0.3333333333333333 0.4708333333333333 0.3333333333333333 0.4708333333333333 0.387037037037037 0.4513888888888889 0.387037037037037
8 0.4798611111111111 0.3333333333333333 0.5076388888888889 0.3333333333333333 0.5076388888888889 0.3851851851851852 0.4798611111111111 0.3851851851851852
37 0.5194444444444445 0.3333333333333333 0.5305555555555556 0.3333333333333333 0.5305555555555556 0.3638888888888889 0.5194444444444445 0.3638888888888889
2 0.5430555555555555 0.3333333333333333 0.5708333333333333 0.3333333333333333 0.5708333333333333 0.3851851851851852 0.5430555555555555 0.3851851851851852
0 0.5777777777777777 0.3333333333333333 0.6055555555555555 0.3333333333333333 0.6055555555555555 0.3851851851851852 0.5777777777777777 0.3851851851851852
2 0.6152777777777778 0.3333333333333333 0.6430555555555556 0.3333333333333333 0.6430555555555556 0.3851851851851852 0.6152777777777778 0.3851851851851852
4 0.6534722222222222 0.3333333333333333 0.68125 0.3333333333333333 0.68125 0.3851851851851852 0.6534722222222222 0.3851851851851852
