29 0.25 0.3333333333333333 0.2777777777777778 0.3333333333333333 0.2777777777777778 0.3851851851851852 0.25 0.3851851851851852
19 0.2881944444444444 0.3333333333333333 0.3159722222222222 0.3333333333333333 0.3159722222222222 0.38611111111111107 0.2881944444444444 0.38611111111111107
33 0.3229166666666667 0.3333333333333333 0.3423611111111111 0.3333333333333333 0.3423611111111111 0.387037037037037 0.3229166666666667 0.387037037037037
36 0.3548611111111111 0.3333333333333333 0.36458333333333337 0.3333333333333333 0.36458333333333337 0.3712962962962963 0.3548611111111111 0.3712962962962963
1 0.3763888888888889 0.3333333333333333 0.39305555555555555 0.3333333333333333 0.39305555555555555 0.38611111111111107 0.3763888888888889 0.38611111111111107
0 0.40069444444444446 0.3333333333333333 0.42847222222222225 0.3333333333333333 0.42847222222222225 0.3851851851851852 0.40069444444444446 0.3851851851851852
37 0.4423611111111111 0.3333333333333333 0.45416666666666666 0.3333333333333333 0.45416666666666666 0.36296296296296293 0.4423611111111111 0.36296296296296293
0 0.46597222222222223 0.3333333333333333 0.49375 0.3333333333333333 0.49375 0.38611111111111107 0.46597222222222223 0.38611111111111107
5 0.5055555555555555 0.3333333333333333 0.5333333333333333 0.3333333333333333 0.5333333333333333 0.3851851851851852 0.5055555555555555 0.3851851851851852
37 0.5465277777777777 0.3333333333333333 0.5743055555555555 0.3333333333333333 0.5743055555555555 0.37037037037037035 0.5465277777777777 0.37037037037037035
2 0.5833333333333334 0.3333333333333333 0.6111111111111112 0.3333333333333333 0.6111111111111112 0.3851851851851852 0.5833333333333334 0.3851851851851852
0 0.6180555555555556 0.3333333333333333 0.6458333333333334 0.3333333333333333 0.6458333333333334 0.3851851851851852 0.6180555555555556 0.3851851851851852
2 0.6534722222222222 0.3333333333333333 0.6729166666666667 0.3333333333333333 0.6729166666666667 0.38611111111111107 0.6534722222222222 0.38611111111111107
5 0.6854166666666667 0.3333333333333333 0.7048611111111112 0.3333333333333333 0.7048611111111112 0.387037037037037 0.6854166666666667 0.387037037037037
