12 0.25 0.3333333333333333 0.2777777777777778 0.3333333333333333 0.2777777777777778 0.3851851851851852 0.25 0.3851851851851852
27 0.2881944444444444 0.3333333333333333 0.3159722222222222 0.3333333333333333 0.3159722222222222 0.3851851851851852 0.2881944444444444 0.3851851851851852
16 0.32430555555555557 0.3333333333333333 0.35208333333333336 0.3333333333333333 0.35208333333333336 0.3851851851851852 0.32430555555555557 0.3851851851851852
36 0.3611111111111111 0.3333333333333333 0.37222222222222223 0.3333333333333333 0.37222222222222223 0.37037037037037035 0.3611111111111111 0.37037037037037035
0 0.38472222222222224 0.3333333333333333 0.41250000000000003 0.3333333333333333 0.41250000000000003 0.3851851851851852 0.38472222222222224 0.3851851851851852
6 0.42569444444444443 0.3333333333333333 0.44513888888888886 0.3333333333333333 0.44513888888888886 0.38611111111111107 0.42569444444444443 0.38611111111111107
37 0.45208333333333334 0.3333333333333333 0.4798611111111111 0.3333333333333333 0.4798611111111111 0.37777777777777777 0.45208333333333334 0.37777777777777777
0 0.4895833333333333 0.3333333333333333 0.517361111111111 0.3333333333333333 0.517361111111111 0.3851851851851852 0.4895833333333333 0.3851851851851852
5 0.5263888888888889 0.3333333333333333 0.5541666666666667 0.3333333333333333 0.5541666666666667 0.38611111111111107 0.5263888888888889 0.38611111111111107
37 0.5638888888888889 0.3333333333333333 0.5916666666666667 0.3333333333333333 0.5916666666666667 0.3851851851851852 0.5638888888888889 0.3851851851851852
2 0.6020833333333333 0.3333333333333333 0.6298611111111111 0.3333333333333333 0.6298611111111111 0.3851851851851852 0.6020833333333333 0.3851851851851852
0 0.6402777777777777 0.3333333333333333 0.6680555555555555 0.3333333333333333 0.6680555555555555 0.3851851851851852 0.6402777777777777 0.3851851851851852
2 0.6819444444444445 0.3333333333333333 0.7097222222222223 0.3333333333333333 0.7097222222222223 0.3851851851851852 0.6819444444444445 0.3851851851851852
5 0.71875 0.3333333333333333 0.7465277777777778 0.3333333333333333 0.7465277777777778 0.3851851851851852 0.71875 0.3851851851851852
