28 0.25 0.3333333333333333 0.2777777777777778 0.3333333333333333 0.2777777777777778 0.3851851851851852 0.25 0.3851851851851852
14 0.2847222222222222 0.3333333333333333 0.3125 0.3333333333333333 0.3125 0.3851851851851852 0.2847222222222222 0.3851851851851852
20 0.3194444444444444 0.3333333333333333 0.33888888888888885 0.3333333333333333 0.33888888888888885 0.38611111111111107 0.3194444444444444 0.38611111111111107
36 0.35208333333333336 0.3333333333333333 0.35625 0.3333333333333333 0.35625 0.3638888888888889 0.35208333333333336 0.3638888888888889
1 0.3680555555555556 0.3333333333333333 0.3791666666666667 0.3333333333333333 0.3791666666666667 0.38611111111111107 0.3680555555555556 0.38611111111111107
2 0.3923611111111111 0.3333333333333333 0.4201388888888889 0.3333333333333333 0.4201388888888889 0.3851851851851852 0.3923611111111111 0.3851851851851852
37 0.4326388888888889 0.3333333333333333 0.44375000000000003 0.3333333333333333 0.44375000000000003 0.3638888888888889 0.4326388888888889 0.3638888888888889
2 0.4513888888888889 0.3333333333333333 0.4791666666666667 0.3333333333333333 0.4791666666666667 0.3851851851851852 0.4513888888888889 0.3851851851851852
0 0.4909722222222222 0.3333333333333333 0.5187499999999999 0.3333333333333333 0.5187499999999999 0.3851851851851852 0.4909722222222222 0.3851851851851852
37 0.5277777777777778 0.3333333333333333 0.5555555555555556 0.3333333333333333 0.5555555555555556 0.37037037037037035 0.5277777777777778 0.37037037037037035
2 0.5666666666666667 0.3333333333333333 0.5944444444444444 0.3333333333333333 0.5944444444444444 0.3851851851851852 0.5666666666666667 0.3851851851851852
0 0.6055555555555555 0.3333333333333333 0.6333333333333333 0.3333333333333333 0.6333333333333333 0.3851851851851852 0.6055555555555555 0.3851851851851852
2 0.6416666666666667 0.3333333333333333 0.6611111111111112 0.3333333333333333 0.6611111111111112 0.38611111111111107 0.6416666666666667 0.38611111111111107
4 0.6694444444444444 0.3333333333333333 0.6972222222222222 0.3333333333333333 0.6972222222222222 0.3851851851851852 0.6694444444444444 0.3851851851851852
