27 0.25 0.3333333333333333 0.26944444444444443 0.3333333333333333 0.26944444444444443 0.38611111111111107 0.25 0.38611111111111107
19 0.28125 0.3333333333333333 0.3090277777777778 0.3333333333333333 0.3090277777777778 0.3851851851851852 0.28125 0.3851851851851852
23 0.31875 0.3333333333333333 0.3381944444444444 0.3333333333333333 0.3381944444444444 0.38611111111111107 0.31875 0.38611111111111107
36 0.3472222222222222 0.3333333333333333 0.35694444444444445 0.3333333333333333 0.35694444444444445 0.37037037037037035 0.3472222222222222 0.37037037037037035
0 0.36527777777777776 0.3333333333333333 0.39305555555555555 0.3333333333333333 0.39305555555555555 0.38611111111111107 0.36527777777777776 0.38611111111111107
6 0.4027777777777778 0.3333333333333333 0.4222222222222222 0.3333333333333333 0.4222222222222222 0.38611111111111107 0.4027777777777778 0.38611111111111107
37 0.4305555555555556 0.3333333333333333 0.45833333333333337 0.3333333333333333 0.45833333333333337 0.3851851851851852 0.4305555555555556 0.3851851851851852
0 0.4666666666666667 0.3333333333333333 0.4861111111111111 0.3333333333333333 0.4861111111111111 0.38611111111111107 0.4666666666666667 0.38611111111111107
4 0.49444444444444446 0.3333333333333333 0.5222222222222223 0.3333333333333333 0.5222222222222223 0.3851851851851852 0.49444444444444446 0.3851851851851852
37 0.5291666666666667 0.3333333333333333 0.5569444444444445 0.3333333333333333 0.5569444444444445 0.3851851851851852 0.5291666666666667 0.3851851851851852
2 0.5708333333333333 0.3333333333333333 0.5902777777777778 0.3333333333333333 0.5902777777777778 0.38611111111111107 0.5708333333333333 0.38611111111111107
0 0.6034722222222222 0.3333333333333333 0.63125 0.3333333333333333 0.63125 0.3851851851851852 0.6034722222222222 0.3851851851851852
2 0.6423611111111112 0.3333333333333333 0.670138888888889 0.3333333333333333 0.670138888888889 0.3851851851851852 0.6423611111111112 0.3851851851851852
5 0.6791666666666667 0.3333333333333333 0.6986111111111112 0.3333333333333333 0.6986111111111112 0.387037037037037 0.6791666666666667 0.387037037037037
