26 0.25 0.3333333333333333 0.2777777777777778 0.3333333333333333 0.2777777777777778 0.3851851851851852 0.25 0.3851851851851852
14 0.28680555555555554 0.3333333333333333 0.3145833333333333 0.3333333333333333 0.3145833333333333 0.3851851851851852 0.28680555555555554 0.3851851851851852
23 0.3229166666666667 0.3333333333333333 0.3423611111111111 0.3333333333333333 0.3423611111111111 0.38611111111111107 0.3229166666666667 0.38611111111111107
36 0.3527777777777778 0.3333333333333333 0.36250000000000004 0.3333333333333333 0.36250000000000004 0.37037037037037035 0.3527777777777778 0.37037037037037035
0 0.3736111111111111 0.3333333333333333 0.4013888888888889 0.3333333333333333 0.4013888888888889 0.3851851851851852 0.3736111111111111 0.3851851851851852
6 0.41388888888888886 0.3333333333333333 0.4333333333333333 0.3333333333333333 0.4333333333333333 0.38611111111111107 0.41388888888888886 0.38611111111111107
37 0.44305555555555554 0.3333333333333333 0.4708333333333333 0.3333333333333333 0.4708333333333333 0.3712962962962963 0.44305555555555554 0.3712962962962963
2 0.4791666666666667 0.3333333333333333 0.4986111111111111 0.3333333333333333 0.4986111111111111 0.38611111111111107 0.4791666666666667 0.38611111111111107
5 0.5111111111111111 0.3333333333333333 0.5305555555555556 0.3333333333333333 0.5305555555555556 0.387037037037037 0.5111111111111111 0.387037037037037
37 0.5395833333333333 0.3333333333333333 0.5673611111111111 0.3333333333333333 0.5673611111111111 0.3851851851851852 0.5395833333333333 0.3851851851851852
2 0.5770833333333333 0.3333333333333333 0.6048611111111111 0.3333333333333333 0.6048611111111111 0.3851851851851852 0.5770833333333333 0.3851851851851852
0 0.6131944444444445 0.3333333333333333 0.632638888888889 0.3333333333333333 0.632638888888889 0.38611111111111107 0.6131944444444445 0.38611111111111107
2 0.6451388888888889 0.3333333333333333 0.6729166666666667 0.3333333333333333 0.6729166666666667 0.3851851851851852 0.6451388888888889 0.3851851851851852
5 0.6798611111111111 0.3333333333333333 0.7076388888888889 0.3333333333333333 0.7076388888888889 0.38611111111111107 0.6798611111111111 0.38611111111111107
