22 0.25 0.3333333333333333 0.2777777777777778 0.3333333333333333 0.2777777777777778 0.3851851851851852 0.25 0.3851851851851852
15 0.29097222222222224 0.3333333333333333 0.31875000000000003 0.3333333333333333 0.31875000000000003 0.3851851851851852 0.29097222222222224 0.3851851851851852
23 0.3263888888888889 0.3333333333333333 0.3541666666666667 0.3333333333333333 0.3541666666666667 0.38611111111111107 0.3263888888888889 0.38611111111111107
36 0.3638888888888889 0.3333333333333333 0.3736111111111111 0.3333333333333333 0.3736111111111111 0.3712962962962963 0.3638888888888889 0.3712962962962963
0 0.3840277777777778 0.3333333333333333 0.4118055555555556 0.3333333333333333 0.4118055555555556 0.3851851851851852 0.3840277777777778 0.3851851851851852
8 0.4215277777777778 0.3333333333333333 0.4409722222222222 0.3333333333333333 0.4409722222222222 0.38611111111111107 0.4215277777777778 0.38611111111111107
37 0.45208333333333334 0.3333333333333333 0.4798611111111111 0.3333333333333333 0.4798611111111111 0.3851851851851852 0.45208333333333334 0.3851851851851852
3 0.4895833333333333 0.3333333333333333 0.517361111111111 0.3333333333333333 0.517361111111111 0.38611111111111107 0.4895833333333333 0.38611111111111107
1 0.5291666666666667 0.3333333333333333 0.5402777777777777 0.3333333333333333 0.5402777777777777 0.38611111111111107 0.5291666666666667 0.38611111111111107
37 0.5479166666666667 0.3333333333333333 0.5756944444444445 0.3333333333333333 0.5756944444444445 0.37037037037037035 0.5479166666666667 0.37037037037037035
2 0.5861111111111111 0.3333333333333333 0.6138888888888889 0.3333333333333333 0.6138888888888889 0.3851851851851852 0.5861111111111111 0.3851851851851852
0 0.6229166666666667 0.3333333333333333 0.6506944444444445 0.3333333333333333 0.6506944444444445 0.3851851851851852 0.6229166666666667 0.3851851851851852
2 0.6590277777777778 0.3333333333333333 0.6868055555555556 0.3333333333333333 0.6868055555555556 0.38611111111111107 0.6590277777777778 0.38611111111111107
5 0.6965277777777777 0.3333333333333333 0.7243055555555555 0.3333333333333333 0.7243055555555555 0.3851851851851852 0.6965277777777777 0.3851851851851852
