32 0.25 0.3333333333333333 0.2777777777777778 0.3333333333333333 0.2777777777777778 0.38611111111111107 0.25 0.38611111111111107
34 0.2847222222222222 0.3333333333333333 0.3125 0.3333333333333333 0.3125 0.38611111111111107 0.2847222222222222 0.38611111111111107
17 0.32430555555555557 0.3333333333333333 0.34375 0.3333333333333333 0.34375 0.38611111111111107 0.32430555555555557 0.38611111111111107
36 0.35347222222222224 0.3333333333333333 0.3631944444444445 0.3333333333333333 0.3631944444444445 0.37037037037037035 0.35347222222222224 0.37037037037037035
0 0.375 0.3333333333333333 0.4027777777777778 0.3333333333333333 0.4027777777777778 0.3851851851851852 0.375 0.3851851851851852
5 0.4125 0.3333333333333333 0.4319444444444444 0.3333333333333333 0.4319444444444444 0.38611111111111107 0.4125 0.38611111111111107
37 0.44027777777777777 0.3333333333333333 0.46805555555555556 0.3333333333333333 0.46805555555555556 0.3851851851851852 0.44027777777777777 0.3851851851851852
1 0.4798611111111111 0.3333333333333333 0.4965277777777778 0.3333333333333333 0.4965277777777778 0.3851851851851852 0.4798611111111111 0.3851851851851852
3 0.5048611111111111 0.3333333333333333 0.5326388888888889 0.3333333333333333 0.5326388888888889 0.3851851851851852 0.5048611111111111 0.3851851851851852
37 0.5451388888888888 0.3333333333333333 0.5729166666666666 0.3333333333333333 0.5729166666666666 0.3694444444444444 0.5451388888888888 0.3694444444444444
2 0.5833333333333334 0.3333333333333333 0.6027777777777779 0.3333333333333333 0.6027777777777779 0.38611111111111107 0.5833333333333334 0.38611111111111107
0 0.6111111111111112 0.3333333333333333 0.638888888888889 0.3333333333333333 0.638888888888889 0.3851851851851852 0.6111111111111112 0.3851851851851852
2 0.6506944444444445 0.3333333333333333 0.6784722222222223 0.3333333333333333 0.6784722222222223 0.38611111111111107 0.6506944444444445 0.38611111111111107
5 0.6888888888888889 0.3333333333333333 0.7166666666666667 0.3333333333333333 0.7166666666666667 0.3851851851851852 0.6888888888888889 0.3851851851851852
