21 0.25 0.3333333333333333 0.2777777777777778 0.3333333333333333 0.2777777777777778 0.3851851851851852 0.25 0.3851851851851852
29 0.2847222222222222 0.3333333333333333 0.3069444444444444 0.3333333333333333 0.3069444444444444 0.3851851851851852 0.2847222222222222 0.3851851851851852
19 0.32013888888888886 0.3333333333333333 0.34791666666666665 0.3333333333333333 0.34791666666666665 0.3851851851851852 0.32013888888888886 0.3851851851851852
36 0.3576388888888889 0.3333333333333333 0.36875 0.3333333333333333 0.36875 0.37037037037037035 0.3576388888888889 0.37037037037037035
0 0.3819444444444444 0.3333333333333333 0.4097222222222222 0.3333333333333333 0.4097222222222222 0.3851851851851852 0.3819444444444444 0.3851851851851852
4 0.42083333333333334 0.3333333333333333 0.44027777777777777 0.3333333333333333 0.44027777777777777 0.38611111111111107 0.42083333333333334 0.38611111111111107
37 0.45416666666666666 0.3333333333333333 0.4652777777777778 0.3333333333333333 0.4652777777777778 0.3648148148148148 0.45416666666666666 0.3648148148148148
1 0.4736111111111111 0.3333333333333333 0.49027777777777776 0.3333333333333333 0.49027777777777776 0.3851851851851852 0.4736111111111111 0.3851851851851852
2 0.5034722222222222 0.3333333333333333 0.53125 0.3333333333333333 0.53125 0.3851851851851852 0.5034722222222222 0.3851851851851852
37 0.5416666666666666 0.3333333333333333 0.5694444444444444 0.3333333333333333 0.5694444444444444 0.37037037037037035 0.5416666666666666 0.37037037037037035
2 0.5819444444444445 0.3333333333333333 0.601388888888889 0.3333333333333333 0.601388888888889 0.38611111111111107 0.5819444444444445 0.38611111111111107
0 0.6090277777777777 0.3333333333333333 0.6284722222222222 0.3333333333333333 0.6284722222222222 0.38611111111111107 0.6090277777777777 0.38611111111111107
2 0.6361111111111111 0.3333333333333333 0.6638888888888889 0.3333333333333333 0.6638888888888889 0.38611111111111107 0.6361111111111111 0.38611111111111107
5 0.6770833333333334 0.3333333333333333 0.7048611111111112 0.3333333333333333 0.7048611111111112 0.3851851851851852 0.6770833333333334 0.3851851851851852
