19 0.25 0.3333333333333333 0.26944444444444443 0.3333333333333333 0.26944444444444443 0.38611111111111107 0.25 0.38611111111111107
31 0.2791666666666667 0.3333333333333333 0.2986111111111111 0.3333333333333333 0.2986111111111111 0.38611111111111107 0.2791666666666667 0.38611111111111107
28 0.3111111111111111 0.3333333333333333 0.3388888888888889 0.3333333333333333 0.3388888888888889 0.38611111111111107 0.3111111111111111 0.38611111111111107
36 0.34791666666666665 0.3333333333333333 0.3590277777777778 0.3333333333333333 0.3590277777777778 0.37037037037037035 0.34791666666666665 0.37037037037037035
0 0.36875 0.3333333333333333 0.38819444444444445 0.3333333333333333 0.38819444444444445 0.38611111111111107 0.36875 0.38611111111111107
2 0.40069444444444446 0.3333333333333333 0.42847222222222225 0.3333333333333333 0.42847222222222225 0.3851851851851852 0.40069444444444446 0.3851851851851852
37 0.44166666666666665 0.3333333333333333 0.46944444444444444 0.3333333333333333 0.46944444444444444 0.3712962962962963 0.44166666666666665 0.3712962962962963
0 0.47638888888888886 0.3333333333333333 0.5041666666666667 0.3333333333333333 0.5041666666666667 0.38611111111111107 0.47638888888888886 0.38611111111111107
8 0.5131944444444444 0.3333333333333333 0.5409722222222222 0.3333333333333333 0.5409722222222222 0.3851851851851852 0.5131944444444444 0.3851851851851852
37 0.5493055555555556 0.3333333333333333 0.5770833333333334 0.3333333333333333 0.5770833333333334 0.37037037037037035 0.5493055555555556 0.37037037037037035
2 0.5888888888888889 0.3333333333333333 0.6083333333333334 0.3333333333333333 0.6083333333333334 0.38611111111111107 0.5888888888888889 0.38611111111111107
0 0.6180555555555556 0.3333333333333333 0.6375000000000001 0.3333333333333333 0.6375000000000001 0.38611111111111107 0.6180555555555556 0.38611111111111107
2 0.65 0.3333333333333333 0.6777777777777778 0.3333333333333333 0.6777777777777778 0.3851851851851852 0.65 0.3851851851851852
5 0.6847222222222222 0.3333333333333333 0.7125 0.3333333333333333 0.7125 0.3851851851851852 0.6847222222222222 0.3851851851851852
