32 0.25 0.3333333333333333 0.26944444444444443 0.3333333333333333 0.26944444444444443 0.38611111111111107 0.25 0.38611111111111107
13 0.2763888888888889 0.3333333333333333 0.29583333333333334 0.3333333333333333 0.29583333333333334 0.38611111111111107 0.2763888888888889 0.38611111111111107
35 0.30833333333333335 0.3333333333333333 0.3277777777777778 0.3333333333333333 0.3277777777777778 0.38611111111111107 0.30833333333333335 0.38611111111111107
36 0.3368055555555556 0.3333333333333333 0.33958333333333335 0.3333333333333333 0.33958333333333335 0.34259259259259256 0.3368055555555556 0.34259259259259256
0 0.34930555555555554 0.3333333333333333 0.36874999999999997 0.3333333333333333 0.36874999999999997 0.38611111111111107 0.34930555555555554 0.38611111111111107
8 0.3770833333333333 0.3333333333333333 0.39652777777777776 0.3333333333333333 0.39652777777777776 0.38611111111111107 0.3770833333333333 0.38611111111111107
37 0.40555555555555556 0.3333333333333333 0.4166666666666667 0.3333333333333333 0.4166666666666667 0.3638888888888889 0.40555555555555556 0.3638888888888889
3 0.42916666666666664 0.3333333333333333 0.45694444444444443 0.3333333333333333 0.45694444444444443 0.3851851851851852 0.42916666666666664 0.3851851851851852
0 0.46597222222222223 0.3333333333333333 0.49375 0.3333333333333333 0.49375 0.3851851851851852 0.46597222222222223 0.3851851851851852
37 0.5006944444444444 0.3333333333333333 0.5284722222222222 0.3333333333333333 0.5284722222222222 0.37037037037037035 0.5006944444444444 0.37037037037037035
2 0.5368055555555555 0.3333333333333333 0.55625 0.3333333333333333 0.55625 0.387037037037037 0.5368055555555555 0.387037037037037
0 0.5673611111111111 0.3333333333333333 0.5951388888888889 0.3333333333333333 0.5951388888888889 0.3851851851851852 0.5673611111111111 0.3851851851851852
2 0.6090277777777777 0.3333333333333333 0.6368055555555555 0.3333333333333333 0.6368055555555555 0.38611111111111107 0.6090277777777777 0.38611111111111107
5 0.6506944444444445 0.3333333333333333 0.6784722222222223 0.3333333333333333 0.6784722222222223 0.38611111111111107 0.6506944444444445 0.38611111111111107
