35 0.25 0.3333333333333333 0.2777777777777778 0.3333333333333333 0.2777777777777778 0.3851851851851852 0.25 0.3851851851851852
24 0.2861111111111111 0.3333333333333333 0.3055555555555555 0.3333333333333333 0.3055555555555555 0.387037037037037 0.2861111111111111 0.387037037037037
17 0.3173611111111111 0.3333333333333333 0.3368055555555555 0.3333333333333333 0.3368055555555555 0.38611111111111107 0.3173611111111111 0.38611111111111107
36 0.34375 0.3333333333333333 0.3548611111111111 0.3333333333333333 0.3548611111111111 0.37037037037037035 0.34375 0.37037037037037035
0 0.36180555555555555 0.3333333333333333 0.38958333333333334 0.3333333333333333 0.38958333333333334 0.3851851851851852 0.36180555555555555 0.3851851851851852
9 0.40069444444444446 0.3333333333333333 0.4201388888888889 0.3333333333333333 0.4201388888888889 0.38611111111111107 0.40069444444444446 0.38611111111111107
37 0.4284722222222222 0.3333333333333333 0.45625 0.3333333333333333 0.45625 0.3851851851851852 0.4284722222222222 0.3851851851851852
0 0.46597222222222223 0.3333333333333333 0.49375 0.3333333333333333 0.49375 0.3851851851851852 0.46597222222222223 0.3851851851851852
3 0.5048611111111111 0.3333333333333333 0.5326388888888889 0.3333333333333333 0.5326388888888889 0.3851851851851852 0.5048611111111111 0.3851851851851852
37 0.5409722222222222 0.3333333333333333 0.56875 0.3333333333333333 0.56875 0.3851851851851852 0.5409722222222222 0.3851851851851852
2 0.5777777777777777 0.3333333333333333 0.6055555555555555 0.3333333333333333 0.6055555555555555 0.3851851851851852 0.5777777777777777 0.3851851851851852
0 0.6125 0.3333333333333333 0.6402777777777778 0.3333333333333333 0.6402777777777778 0.3851851851851852 0.6125 0.3851851851851852
2 0.6513888888888889 0.3333333333333333 0.6791666666666667 0.3333333333333333 0.6791666666666667 0.38611111111111107 0.6513888888888889 0.38611111111111107
5 0.6909722222222222 0.3333333333333333 0.71875 0.3333333333333333 0.71875 0.3851851851851852 0.6909722222222222 0.3851851851851852
