30 0.25 0.3333333333333333 0.26944444444444443 0.3333333333333333 0.26944444444444443 0.38611111111111107 0.25 0.38611111111111107
12 0.2777777777777778 0.3333333333333333 0.3055555555555556 0.3333333333333333 0.3055555555555556 0.3851851851851852 0.2777777777777778 0.3851851851851852
11 0.3145833333333333 0.3333333333333333 0.33402777777777776 0.3333333333333333 0.33402777777777776 0.387037037037037 0.3145833333333333 0.387037037037037
36 0.34375 0.3333333333333333 0.3548611111111111 0.3333333333333333 0.3548611111111111 0.37037037037037035 0.34375 0.37037037037037035
0 0.36736111111111114 0.3333333333333333 0.38680555555555557 0.3333333333333333 0.38680555555555557 0.387037037037037 0.36736111111111114 0.387037037037037
6 0.3993055555555556 0.3333333333333333 0.42708333333333337 0.3333333333333333 0.42708333333333337 0.3851851851851852 0.3993055555555556 0.3851851851851852
37 0.43819444444444444 0.3333333333333333 0.46597222222222223 0.3333333333333333 0.46597222222222223 0.38611111111111107 0.43819444444444444 0.38611111111111107
2 0.4777777777777778 0.3333333333333333 0.49722222222222223 0.3333333333333333 0.49722222222222223 0.38611111111111107 0.4777777777777778 0.38611111111111107
6 0.5076388888888889 0.3333333333333333 0.5270833333333333 0.3333333333333333 0.5270833333333333 0.38611111111111107 0.5076388888888889 0.38611111111111107
37 0.5388888888888889 0.3333333333333333 0.5666666666666667 0.3333333333333333 0.5666666666666667 0.3712962962962963 0.5388888888888889 0.3712962962962963
2 0.5777777777777777 0.3333333333333333 0.6055555555555555 0.3333333333333333 0.6055555555555555 0.3851851851851852 0.5777777777777777 0.3851851851851852
0 0.6159722222222223 0.3333333333333333 0.64375 0.3333333333333333 0.64375 0.3851851851851852 0.6159722222222223 0.3851851851851852
2 0.6534722222222222 0.3333333333333333 0.68125 0.3333333333333333 0.68125 0.3851851851851852 0.6534722222222222 0.3851851851851852
5 0.6881944444444444 0.3333333333333333 0.7076388888888889 0.3333333333333333 0.7076388888888889 0.38611111111111107 0.6881944444444444 0.38611111111111107
