15 0.25 0.3333333333333333 0.2777777777777778 0.3333333333333333 0.2777777777777778 0.3851851851851852 0.25 0.3851851851851852
28 0.2847222222222222 0.3333333333333333 0.3125 0.3333333333333333 0.3125 0.3851851851851852 0.2847222222222222 0.3851851851851852
31 0.325 0.3333333333333333 0.3527777777777778 0.3333333333333333 0.3527777777777778 0.3851851851851852 0.325 0.3851851851851852
36 0.3638888888888889 0.3333333333333333 0.3736111111111111 0.3333333333333333 0.3736111111111111 0.37037037037037035 0.3638888888888889 0.37037037037037035
0 0.3861111111111111 0.3333333333333333 0.40555555555555556 0.3333333333333333 0.40555555555555556 0.38611111111111107 0.3861111111111111 0.38611111111111107
7 0.41458333333333336 0.3333333333333333 0.44236111111111115 0.3333333333333333 0.44236111111111115 0.3851851851851852 0.41458333333333336 0.3851851851851852
37 0.4534722222222222 0.3333333333333333 0.46458333333333335 0.3333333333333333 0.46458333333333335 0.3648148148148148 0.4534722222222222 0.3648148148148148
1 0.47152777777777777 0.3333333333333333 0.4826388888888889 0.3333333333333333 0.4826388888888889 0.38611111111111107 0.47152777777777777 0.38611111111111107
0 0.4895833333333333 0.3333333333333333 0.517361111111111 0.3333333333333333 0.517361111111111 0.38611111111111107 0.4895833333333333 0.38611111111111107
37 0.5263888888888889 0.3333333333333333 0.5541666666666667 0.3333333333333333 0.5541666666666667 0.3851851851851852 0.5263888888888889 0.3851851851851852
2 0.5638888888888889 0.3333333333333333 0.5916666666666667 0.3333333333333333 0.5916666666666667 0.3851851851851852 0.5638888888888889 0.3851851851851852
0 0.6006944444444444 0.3333333333333333 0.6284722222222222 0.3333333333333333 0.6284722222222222 0.3851851851851852 0.6006944444444444 0.3851851851851852
2 0.6416666666666667 0.3333333333333333 0.6611111111111112 0.3333333333333333 0.6611111111111112 0.38611111111111107 0.6416666666666667 0.38611111111111107
5 0.675 0.3333333333333333 0.6944444444444445 0.3333333333333333 0.6944444444444445 0.387037037037037 0.675 0.387037037037037
