22 0.25 0.3333333333333333 0.2777777777777778 0.3333333333333333 0.2777777777777778 0.38611111111111107 0.25 0.38611111111111107
31 0.28541666666666665 0.3333333333333333 0.31319444444444444 0.3333333333333333 0.31319444444444444 0.3851851851851852 0.28541666666666665 0.3851851851851852
18 0.32430555555555557 0.3333333333333333 0.3354166666666667 0.3333333333333333 0.3354166666666667 0.38611111111111107 0.32430555555555557 0.38611111111111107
36 0.3423611111111111 0.3333333333333333 0.35347222222222224 0.3333333333333333 0.35347222222222224 0.37037037037037035 0.3423611111111111 0.37037037037037035
0 0.3625 0.3333333333333333 0.3902777777777778 0.3333333333333333 0.3902777777777778 0.3851851851851852 0.3625 0.3851851851851852
2 0.3972222222222222 0.3333333333333333 0.425 0.3333333333333333 0.425 0.3851851851851852 0.3972222222222222 0.3851851851851852
37 0.4340277777777778 0.3333333333333333 0.4618055555555556 0.3333333333333333 0.4618055555555556 0.3851851851851852 0.4340277777777778 0.3851851851851852
1 0.46944444444444444 0.3333333333333333 0.4861111111111111 0.3333333333333333 0.4861111111111111 0.38611111111111107 0.46944444444444444 0.38611111111111107
1 0.4951388888888889 0.3333333333333333 0.5118055555555556 0.3333333333333333 0.5118055555555556 0.38611111111111107 0.4951388888888889 0.38611111111111107
37 0.5194444444444445 0.3333333333333333 0.5472222222222223 0.3333333333333333 0.5472222222222223 0.3851851851851852 0.5194444444444445 0.3851851851851852
2 0.5604166666666667 0.3333333333333333 0.5798611111111112 0.3333333333333333 0.5798611111111112 0.38611111111111107 0.5604166666666667 0.38611111111111107
0 0.5868055555555556 0.3333333333333333 0.6145833333333334 0.3333333333333333 0.6145833333333334 0.3851851851851852 0.5868055555555556 0.3851851851851852
2 0.6243055555555556 0.3333333333333333 0.6520833333333333 0.3333333333333333 0.6520833333333333 0.38611111111111107 0.6243055555555556 0.38611111111111107
5 0.6611111111111111 0.3333333333333333 0.6888888888888889 0.3333333333333333 0.6888888888888889 0.3851851851851852 0.6611111111111111 0.3851851851851852
