11 0.25 0.3333333333333333 0.26944444444444443 0.3333333333333333 0.26944444444444443 0.38611111111111107 0.25 0.38611111111111107
27 0.27847222222222223 0.3333333333333333 0.30625 0.3333333333333333 0.30625 0.3851851851851852 0.27847222222222223 0.3851851851851852
12 0.3194444444444444 0.3333333333333333 0.3472222222222222 0.3333333333333333 0.3472222222222222 0.3851851851851852 0.3194444444444444 0.3851851851851852
36 0.35555555555555557 0.3333333333333333 0.3666666666666667 0.3333333333333333 0.3666666666666667 0.37037037037037035 0.35555555555555557 0.37037037037037035
0 0.3736111111111111 0.3333333333333333 0.4013888888888889 0.3333333333333333 0.4013888888888889 0.3851851851851852 0.3736111111111111 0.3851851851851852
8 0.41180555555555554 0.3333333333333333 0.4395833333333333 0.3333333333333333 0.4395833333333333 0.3851851851851852 0.41180555555555554 0.3851851851851852
37 0.4465277777777778 0.3333333333333333 0.4743055555555556 0.3333333333333333 0.4743055555555556 0.3694444444444444 0.4465277777777778 0.3694444444444444
0 0.48333333333333334 0.3333333333333333 0.5111111111111111 0.3333333333333333 0.5111111111111111 0.3851851851851852 0.48333333333333334 0.3851851851851852
8 0.5180555555555556 0.3333333333333333 0.5458333333333334 0.3333333333333333 0.5458333333333334 0.3851851851851852 0.5180555555555556 0.3851851851851852
37 0.5541666666666667 0.3333333333333333 0.5652777777777778 0.3333333333333333 0.5652777777777778 0.36296296296296293 0.5541666666666667 0.36296296296296293
2 0.5729166666666666 0.3333333333333333 0.6006944444444444 0.3333333333333333 0.6006944444444444 0.38611111111111107 0.5729166666666666 0.38611111111111107
0 0.6104166666666667 0.3333333333333333 0.6298611111111112 0.3333333333333333 0.6298611111111112 0.38611111111111107 0.6104166666666667 0.38611111111111107
2 0.6430555555555556 0.3333333333333333 0.6708333333333334 0.3333333333333333 0.6708333333333334 0.3851851851851852 0.6430555555555556 0.3851851851851852
5 0.6819444444444445 0.3333333333333333 0.7097222222222223 0.3333333333333333 0.7097222222222223 0.3851851851851852 0.6819444444444445 0.3851851851851852
