32 0.25 0.3333333333333333 0.2777777777777778 0.3333333333333333 0.2777777777777778 0.3851851851851852 0.25 0.3851851851851852
22 0.2881944444444444 0.3333333333333333 0.3159722222222222 0.3333333333333333 0.3159722222222222 0.3851851851851852 0.2881944444444444 0.3851851851851852
17 0.32430555555555557 0.3333333333333333 0.34375 0.3333333333333333 0.34375 0.38611111111111107 0.32430555555555557 0.38611111111111107
36 0.3527777777777778 0.3333333333333333 0.36250000000000004 0.3333333333333333 0.36250000000000004 0.37037037037037035 0.3527777777777778 0.37037037037037035
0 0.3736111111111111 0.3333333333333333 0.4013888888888889 0.3333333333333333 0.4013888888888889 0.3851851851851852 0.3736111111111111 0.3851851851851852
2 0.41458333333333336 0.3333333333333333 0.4340277777777778 0.3333333333333333 0.4340277777777778 0.387037037037037 0.41458333333333336 0.387037037037037
37 0.44722222222222224 0.3333333333333333 0.45833333333333337 0.3333333333333333 0.45833333333333337 0.3638888888888889 0.44722222222222224 0.3638888888888889
1 0.4708333333333333 0.3333333333333333 0.48194444444444445 0.3333333333333333 0.48194444444444445 0.38611111111111107 0.4708333333333333 0.38611111111111107
8 0.49444444444444446 0.3333333333333333 0.5222222222222223 0.3333333333333333 0.5222222222222223 0.3851851851851852 0.49444444444444446 0.3851851851851852
37 0.5347222222222222 0.3333333333333333 0.5625 0.3333333333333333 0.5625 0.37037037037037035 0.5347222222222222 0.37037037037037035
2 0.575 0.3333333333333333 0.6027777777777777 0.3333333333333333 0.6027777777777777 0.3851851851851852 0.575 0.3851851851851852
0 0.6152777777777778 0.3333333333333333 0.6347222222222223 0.3333333333333333 0.6347222222222223 0.387037037037037 0.6152777777777778 0.387037037037037
2 0.6416666666666667 0.3333333333333333 0.6694444444444445 0.3333333333333333 0.6694444444444445 0.3851851851851852 0.6416666666666667 0.3851851851851852
5 0.6784722222222223 0.3333333333333333 0.70625 0.3333333333333333 0.70625 0.3851851851851852 0.6784722222222223 0.3851851851851852
