25 0.25 0.3333333333333333 0.26944444444444443 0.3333333333333333 0.26944444444444443 0.38611111111111107 0.25 0.38611111111111107
33 0.2777777777777778 0.3333333333333333 0.3055555555555556 0.3333333333333333 0.3055555555555556 0.3851851851851852 0.2777777777777778 0.3851851851851852
14 0.3159722222222222 0.3333333333333333 0.33541666666666664 0.3333333333333333 0.33541666666666664 0.387037037037037 0.3159722222222222 0.387037037037037
36 0.3486111111111111 0.3333333333333333 0.35833333333333334 0.3333333333333333 0.35833333333333334 0.37037037037037035 0.3486111111111111 0.37037037037037035
0 0.36944444444444446 0.3333333333333333 0.3888888888888889 0.3333333333333333 0.3888888888888889 0.38611111111111107 0.36944444444444446 0.38611111111111107
6 0.40208333333333335 0.3333333333333333 0.4215277777777778 0.3333333333333333 0.4215277777777778 0.38611111111111107 0.40208333333333335 0.38611111111111107
37 0.42986111111111114 0.3333333333333333 0.45763888888888893 0.3333333333333333 0.45763888888888893 0.3851851851851852 0.42986111111111114 0.3851851851851852
0 0.46944444444444444 0.3333333333333333 0.49722222222222223 0.3333333333333333 0.49722222222222223 0.3851851851851852 0.46944444444444444 0.3851851851851852
2 0.5111111111111111 0.3333333333333333 0.5388888888888889 0.3333333333333333 0.5388888888888889 0.3851851851851852 0.5111111111111111 0.3851851851851852
37 0.5520833333333334 0.3333333333333333 0.5798611111111112 0.3333333333333333 0.5798611111111112 0.3694444444444444 0.5520833333333334 0.3694444444444444
2 0.5923611111111111 0.3333333333333333 0.6201388888888889 0.3333333333333333 0.6201388888888889 0.3851851851851852 0.5923611111111111 0.3851851851851852
0 0.6333333333333333 0.3333333333333333 0.6611111111111111 0.3333333333333333 0.6611111111111111 0.3851851851851852 0.6333333333333333 0.3851851851851852
2 0.6729166666666667 0.3333333333333333 0.7006944444444445 0.3333333333333333 0.7006944444444445 0.38611111111111107 0.6729166666666667 0.38611111111111107
5 0.7111111111111111 0.3333333333333333 0.7388888888888889 0.3333333333333333 0.7388888888888889 0.3851851851851852 0.7111111111111111 0.3851851851851852
