25 0.25 0.3333333333333333 0.26944444444444443 0.3333333333333333 0.26944444444444443 0.387037037037037 0.25 0.387037037037037
22 0.2798611111111111 0.3333333333333333 0.3076388888888889 0.3333333333333333 0.3076388888888889 0.3851851851851852 0.2798611111111111 0.3851851851851852
15 0.3145833333333333 0.3333333333333333 0.3423611111111111 0.3333333333333333 0.3423611111111111 0.3851851851851852 0.3145833333333333 0.3851851851851852
36 0.3541666666666667 0.3333333333333333 0.3652777777777778 0.3333333333333333 0.3652777777777778 0.37037037037037035 0.3541666666666667 0.37037037037037035
0 0.375 0.3333333333333333 0.4027777777777778 0.3333333333333333 0.4027777777777778 0.38611111111111107 0.375 0.38611111111111107
8 0.41458333333333336 0.3333333333333333 0.44236111111111115 0.3333333333333333 0.44236111111111115 0.3851851851851852 0.41458333333333336 0.3851851851851852
37 0.44930555555555557 0.3333333333333333 0.4604166666666667 0.3333333333333333 0.4604166666666667 0.3638888888888889 0.44930555555555557 0.3638888888888889
0 0.46805555555555556 0.3333333333333333 0.49583333333333335 0.3333333333333333 0.49583333333333335 0.3851851851851852 0.46805555555555556 0.3851851851851852
7 0.5090277777777777 0.3333333333333333 0.5284722222222222 0.3333333333333333 0.5284722222222222 0.387037037037037 0.5090277777777777 0.387037037037037
37 0.5409722222222222 0.3333333333333333 0.56875 0.3333333333333333 0.56875 0.37037037037037035 0.5409722222222222 0.37037037037037035
2 0.5763888888888888 0.3333333333333333 0.6041666666666666 0.3333333333333333 0.6041666666666666 0.38611111111111107 0.5763888888888888 0.38611111111111107
0 0.6138888888888889 0.3333333333333333 0.6333333333333334 0.3333333333333333 0.6333333333333334 0.38611111111111107 0.6138888888888889 0.38611111111111107
2 0.6409722222222223 0.3333333333333333 0.6604166666666668 0.3333333333333333 0.6604166666666668 0.38611111111111107 0.6409722222222223 0.38611111111111107
5 0.66875 0.3333333333333333 0.6881944444444444 0.3333333333333333 0.6881944444444444 0.38611111111111107 0.66875 0.38611111111111107
