27 0.25 0.3333333333333333 0.26944444444444443 0.3333333333333333 0.26944444444444443 0.38611111111111107 0.25 0.38611111111111107
17 0.27847222222222223 0.3333333333333333 0.30625 0.3333333333333333 0.30625 0.3851851851851852 0.27847222222222223 0.3851851851851852
20 0.3194444444444444 0.3333333333333333 0.3472222222222222 0.3333333333333333 0.3472222222222222 0.3851851851851852 0.3194444444444444 0.3851851851851852
36 0.35694444444444445 0.3333333333333333 0.3611111111111111 0.3333333333333333 0.3611111111111111 0.3648148148148148 0.35694444444444445 0.3648148148148148
0 0.3736111111111111 0.3333333333333333 0.4013888888888889 0.3333333333333333 0.4013888888888889 0.3851851851851852 0.3736111111111111 0.3851851851851852
8 0.4152777777777778 0.3333333333333333 0.43472222222222223 0.3333333333333333 0.43472222222222223 0.38611111111111107 0.4152777777777778 0.38611111111111107
37 0.44583333333333336 0.3333333333333333 0.4569444444444445 0.3333333333333333 0.4569444444444445 0.3638888888888889 0.44583333333333336 0.3638888888888889
2 0.4673611111111111 0.3333333333333333 0.4951388888888889 0.3333333333333333 0.4951388888888889 0.3851851851851852 0.4673611111111111 0.3851851851851852
0 0.5090277777777777 0.3333333333333333 0.5368055555555555 0.3333333333333333 0.5368055555555555 0.3851851851851852 0.5090277777777777 0.3851851851851852
37 0.5458333333333333 0.3333333333333333 0.5736111111111111 0.3333333333333333 0.5736111111111111 0.3851851851851852 0.5458333333333333 0.3851851851851852
2 0.5840277777777778 0.3333333333333333 0.6118055555555556 0.3333333333333333 0.6118055555555556 0.3851851851851852 0.5840277777777778 0.3851851851851852
0 0.6256944444444444 0.3333333333333333 0.6534722222222222 0.3333333333333333 0.6534722222222222 0.3851851851851852 0.6256944444444444 0.3851851851851852
2 0.6611111111111111 0.3333333333333333 0.6805555555555556 0.3333333333333333 0.6805555555555556 0.38611111111111107 0.6611111111111111 0.38611111111111107
5 0.6930555555555555 0.3333333333333333 0.7125 0.3333333333333333 0.7125 0.38611111111111107 0.6930555555555555 0.38611111111111107
