35 0.25 0.3333333333333333 0.26944444444444443 0.3333333333333333 0.26944444444444443 0.387037037037037 0.25 0.387037037037037
13 0.27847222222222223 0.3333333333333333 0.29791666666666666 0.3333333333333333 0.29791666666666666 0.38611111111111107 0.27847222222222223 0.38611111111111107
19 0.3090277777777778 0.3333333333333333 0.3368055555555556 0.3333333333333333 0.3368055555555556 0.3851851851851852 0.3090277777777778 0.3851851851851852
36 0.3458333333333333 0.3333333333333333 0.35 0.3333333333333333 0.35 0.3648148148148148 0.3458333333333333 0.3648148148148148
0 0.35833333333333334 0.3333333333333333 0.3861111111111111 0.3333333333333333 0.3861111111111111 0.3851851851851852 0.35833333333333334 0.3851851851851852
3 0.4 0.3333333333333333 0.4277777777777778 0.3333333333333333 0.4277777777777778 0.3851851851851852 0.4 0.3851851851851852
37 0.4361111111111111 0.3333333333333333 0.4638888888888889 0.3333333333333333 0.4638888888888889 0.38611111111111107 0.4361111111111111 0.38611111111111107
2 0.47152777777777777 0.3333333333333333 0.4909722222222222 0.3333333333333333 0.4909722222222222 0.38611111111111107 0.47152777777777777 0.38611111111111107
8 0.5020833333333333 0.3333333333333333 0.5298611111111111 0.3333333333333333 0.5298611111111111 0.3851851851851852 0.5020833333333333 0.3851851851851852
37 0.54375 0.3333333333333333 0.5715277777777777 0.3333333333333333 0.5715277777777777 0.3851851851851852 0.54375 0.3851851851851852
2 0.5833333333333334 0.3333333333333333 0.6111111111111112 0.3333333333333333 0.6111111111111112 0.3851851851851852 0.5833333333333334 0.3851851851851852
0 0.6215277777777778 0.3333333333333333 0.6493055555555556 0.3333333333333333 0.6493055555555556 0.3851851851851852 0.6215277777777778 0.3851851851851852
2 0.6631944444444444 0.3333333333333333 0.6909722222222222 0.3333333333333333 0.6909722222222222 0.3851851851851852 0.6631944444444444 0.3851851851851852
5 0.7027777777777777 0.3333333333333333 0.7222222222222222 0.3333333333333333 0.7222222222222222 0.387037037037037 0.7027777777777777 0.387037037037037
