31 0.25 0.3333333333333333 0.26944444444444443 0.3333333333333333 0.26944444444444443 0.38611111111111107 0.25 0.38611111111111107
35 0.28125 0.3333333333333333 0.3090277777777778 0.3333333333333333 0.3090277777777778 0.3851851851851852 0.28125 0.3851851851851852
28 0.3159722222222222 0.3333333333333333 0.34375 0.3333333333333333 0.34375 0.3851851851851852 0.3159722222222222 0.3851851851851852
36 0.3548611111111111 0.3333333333333333 0.36597222222222225 0.3333333333333333 0.36597222222222225 0.37037037037037035 0.3548611111111111 0.37037037037037035
1 0.37916666666666665 0.3333333333333333 0.3902777777777778 0.3333333333333333 0.3902777777777778 0.387037037037037 0.37916666666666665 0.387037037037037
2 0.40208333333333335 0.3333333333333333 0.4215277777777778 0.3333333333333333 0.4215277777777778 0.38611111111111107 0.40208333333333335 0.38611111111111107
37 0.42916666666666664 0.3333333333333333 0.45694444444444443 0.3333333333333333 0.45694444444444443 0.3851851851851852 0.42916666666666664 0.3851851851851852
1 0.46875 0.3333333333333333 0.48541666666666666 0.3333333333333333 0.48541666666666666 0.3851851851851852 0.46875 0.3851851851851852
2 0.4951388888888889 0.3333333333333333 0.5229166666666667 0.3333333333333333 0.5229166666666667 0.38611111111111107 0.4951388888888889 0.38611111111111107
37 0.5319444444444444 0.3333333333333333 0.5597222222222222 0.3333333333333333 0.5597222222222222 0.3851851851851852 0.5319444444444444 0.3851851851851852
2 0.5708333333333333 0.3333333333333333 0.5986111111111111 0.3333333333333333 0.5986111111111111 0.3851851851851852 0.5708333333333333 0.3851851851851852
0 0.60625 0.3333333333333333 0.6340277777777777 0.3333333333333333 0.6340277777777777 0.3851851851851852 0.60625 0.3851851851851852
2 0.6409722222222223 0.3333333333333333 0.6687500000000001 0.3333333333333333 0.6687500000000001 0.3851851851851852 0.6409722222222223 0.3851851851851852
4 0.6826388888888889 0.3333333333333333 0.7104166666666667 0.3333333333333333 0.7104166666666667 0.3851851851851852 0.6826388888888889 0.3851851851851852
