11 0.25 0.3333333333333333 0.2777777777777778 0.3333333333333333 0.2777777777777778 0.3851851851851852 0.25 0.3851851851851852
18 0.2902777777777778 0.3333333333333333 0.30694444444444446 0.3333333333333333 0.30694444444444446 0.3851851851851852 0.2902777777777778 0.3851851851851852
11 0.31666666666666665 0.3333333333333333 0.3361111111111111 0.3333333333333333 0.3361111111111111 0.38611111111111107 0.31666666666666665 0.38611111111111107
36 0.34652777777777777 0.3333333333333333 0.35625 0.3333333333333333 0.35625 0.37037037037037035 0.34652777777777777 0.37037037037037035
0 0.3645833333333333 0.3333333333333333 0.3923611111111111 0.3333333333333333 0.3923611111111111 0.3851851851851852 0.3645833333333333 0.3851851851851852
4 0.4027777777777778 0.3333333333333333 0.4222222222222222 0.3333333333333333 0.4222222222222222 0.38611111111111107 0.4027777777777778 0.38611111111111107
37 0.43472222222222223 0.3333333333333333 0.4625 0.3333333333333333 0.4625 0.38611111111111107 0.43472222222222223 0.38611111111111107
1 0.46944444444444444 0.3333333333333333 0.48055555555555557 0.3333333333333333 0.48055555555555557 0.38611111111111107 0.46944444444444444 0.38611111111111107
3 0.4895833333333333 0.3333333333333333 0.517361111111111 0.3333333333333333 0.517361111111111 0.38611111111111107 0.4895833333333333 0.38611111111111107
37 0.53125 0.3333333333333333 0.5590277777777778 0.3333333333333333 0.5590277777777778 0.3851851851851852 0.53125 0.3851851851851852
2 0.5680555555555555 0.3333333333333333 0.5875 0.3333333333333333 0.5875 0.387037037037037 0.5680555555555555 0.387037037037037
0 0.5986111111111111 0.3333333333333333 0.6180555555555556 0.3333333333333333 0.6180555555555556 0.38611111111111107 0.5986111111111111 0.38611111111111107
2 0.6270833333333333 0.3333333333333333 0.6548611111111111 0.3333333333333333 0.6548611111111111 0.3851851851851852 0.6270833333333333 0.3851851851851852
5 0.6631944444444444 0.3333333333333333 0.6826388888888889 0.3333333333333333 0.6826388888888889 0.38611111111111107 0.6631944444444444 0.38611111111111107
