31 0.25 0.3333333333333333 0.2777777777777778 0.3333333333333333 0.2777777777777778 0.3851851851851852 0.25 0.3851851851851852
12 0.2902777777777778 0.3333333333333333 0.3180555555555556 0.3333333333333333 0.3180555555555556 0.38611111111111107 0.2902777777777778 0.38611111111111107
27 0.32708333333333334 0.3333333333333333 0.3548611111111111 0.3333333333333333 0.3548611111111111 0.3851851851851852 0.32708333333333334 0.3851851851851852
36 0.36180555555555555 0.3333333333333333 0.3729166666666667 0.3333333333333333 0.3729166666666667 0.37037037037037035 0.36180555555555555 0.37037037037037035
0 0.3854166666666667 0.3333333333333333 0.4131944444444445 0.3333333333333333 0.4131944444444445 0.38611111111111107 0.3854166666666667 0.38611111111111107
1 0.4222222222222222 0.3333333333333333 0.4388888888888889 0.3333333333333333 0.4388888888888889 0.3851851851851852 0.4222222222222222 0.3851851851851852
37 0.44583333333333336 0.3333333333333333 0.4569444444444445 0.3333333333333333 0.4569444444444445 0.3638888888888889 0.44583333333333336 0.3638888888888889
2 0.4652777777777778 0.3333333333333333 0.4930555555555556 0.3333333333333333 0.4930555555555556 0.38611111111111107 0.4652777777777778 0.38611111111111107
1 0.5041666666666667 0.3333333333333333 0.5152777777777777 0.3333333333333333 0.5152777777777777 0.38611111111111107 0.5041666666666667 0.38611111111111107
37 0.5236111111111111 0.3333333333333333 0.5513888888888889 0.3333333333333333 0.5513888888888889 0.3851851851851852 0.5236111111111111 0.3851851851851852
2 0.5631944444444444 0.3333333333333333 0.5909722222222222 0.3333333333333333 0.5909722222222222 0.38611111111111107 0.5631944444444444 0.38611111111111107
0 0.6020833333333333 0.3333333333333333 0.6298611111111111 0.3333333333333333 0.6298611111111111 0.3851851851851852 0.6020833333333333 0.3851851851851852
2 0.6430555555555556 0.3333333333333333 0.6625000000000001 0.3333333333333333 0.6625000000000001 0.38611111111111107 0.6430555555555556 0.38611111111111107
5 0.6694444444444444 0.3333333333333333 0.6972222222222222 0.3333333333333333 0.6972222222222222 0.38611111111111107 0.6694444444444444 0.38611111111111107
