0 0.439453125 0.107421875 0.4482421875 0.107421875 0.4482421875 0.123046875 0.439453125 0.123046875
3 0.44970703125 0.107421875 0.45849609375 0.107421875 0.45849609375 0.12369791666666667 0.44970703125 0.12369791666666667
37 0.4599609375 0.107421875 0.46875 0.107421875 0.46875 0.119140625 0.4599609375 0.119140625
0 0.47021484375 0.107421875 0.47900390625 0.107421875 0.47900390625 0.123046875 0.47021484375 0.123046875
7 0.48046875 0.107421875 0.48681640625 0.107421875 0.48681640625 0.12369791666666667 0.48046875 0.12369791666666667
37 0.48828125 0.107421875 0.4970703125 0.107421875 0.4970703125 0.119140625 0.48828125 0.119140625
2 0.49853515625 0.107421875 0.5048828125 0.107421875 0.5048828125 0.12369791666666667 0.49853515625 0.12369791666666667
0 0.50634765625 0.107421875 0.5126953125 0.107421875 0.5126953125 0.12369791666666667 0.50634765625 0.12369791666666667
2 0.51416015625 0.107421875 0.5205078125 0.107421875 0.5205078125 0.12369791666666667 0.51416015625 0.12369791666666667
5 0.52197265625 0.107421875 0.53076171875 0.107421875 0.53076171875 0.123046875 0.52197265625 0.123046875
1 0.5419921875 0.107421875 0.5478515625 0.107421875 0.5478515625 0.123046875 0.5419921875 0.123046875
6 0.55029296875 0.107421875 0.556640625 0.107421875 0.556640625 0.12369791666666667 0.55029296875 0.12369791666666667
36 0.55859375 0.107421875 0.5625 0.107421875 0.5625 0.119140625 0.55859375 0.119140625
2 0.56396484375 0.107421875 0.5703125 0.107421875 0.5703125 0.12369791666666667 0.56396484375 0.12369791666666667
3 0.57275390625 0.107421875 0.5791015625 0.107421875 0.5791015625 0.12369791666666667 0.57275390625 0.12369791666666667
3 0.439453125 0.126953125 0.4482421875 0.126953125 0.4482421875 0.142578125 0.439453125 0.142578125
9 0.44970703125 0.126953125 0.4560546875 0.126953125 0.4560546875 0.14322916666666666 0.44970703125 0.14322916666666666
1 0.4580078125 0.126953125 0.4619140625 0.126953125 0.4619140625 0.14322916666666666 0.4580078125 0.14322916666666666
3 0.4638671875 0.126953125 0.47265625 0.126953125 0.47265625 0.142578125 0.4638671875 0.142578125
5 0.474609375 0.126953125 0.48095703125 0.126953125 0.48095703125 0.14322916666666666 0.474609375 0.14322916666666666
1 0.4833984375 0.126953125 0.4892578125 0.126953125 0.4892578125 0.142578125 0.4833984375 0.142578125
7 0.4912109375 0.126953125 0.49755859375 0.126953125 0.49755859375 0.14322916666666666 0.4912109375 0.14322916666666666
6 0.49951171875 0.126953125 0.50830078125 0.126953125 0.50830078125 0.142578125 0.49951171875 0.142578125
13 0.5107421875 0.126953125 0.51953125 0.126953125 0.51953125 0.142578125 0.5107421875 0.142578125
27 0.521484375 0.126953125 0.5302734375 0.126953125 0.5302734375 0.142578125 0.521484375 0.142578125
