1 0.439453125 0.107421875 0.4453125 0.107421875 0.4453125 0.123046875 0.439453125 0.123046875
9 0.44677734375 0.107421875 0.45556640625 0.107421875 0.45556640625 0.123046875 0.44677734375 0.123046875
37 0.45703125 0.107421875 0.4658203125 0.107421875 0.4658203125 0.119140625 0.45703125 0.119140625
0 0.46728515625 0.107421875 0.4736328125 0.107421875 0.4736328125 0.12369791666666667 0.46728515625 0.12369791666666667
8 0.47509765625 0.107421875 0.48388671875 0.107421875 0.48388671875 0.123046875 0.47509765625 0.123046875
37 0.4853515625 0.107421875 0.494140625 0.107421875 0.494140625 0.119140625 0.4853515625 0.119140625
2 0.49560546875 0.107421875 0.50439453125 0.107421875 0.50439453125 0.123046875 0.49560546875 0.123046875
0 0.505859375 0.107421875 0.5146484375 0.107421875 0.5146484375 0.12369791666666667 0.505859375 0.12369791666666667
2 0.51611328125 0.107421875 0.52490234375 0.107421875 0.52490234375 0.123046875 0.51611328125 0.123046875
5 0.5263671875 0.107421875 0.53515625 0.107421875 0.53515625 0.123046875 0.5263671875 0.123046875
1 0.54638671875 0.107421875 0.55224609375 0.107421875 0.55224609375 0.12369791666666667 0.54638671875 0.12369791666666667
6 0.5546875 0.107421875 0.56103515625 0.107421875 0.56103515625 0.12369791666666667 0.5546875 0.12369791666666667
36 0.56298828125 0.107421875 0.56689453125 0.107421875 0.56689453125 0.119140625 0.56298828125 0.119140625
2 0.568359375 0.107421875 0.57470703125 0.107421875 0.57470703125 0.12369791666666667 0.568359375 0.12369791666666667
3 0.5771484375 0.107421875 0.5859375 0.107421875 0.5859375 0.123046875 0.5771484375 0.123046875
0 0.439453125 0.126953125 0.4482421875 0.126953125 0.4482421875 0.142578125 0.439453125 0.142578125
0 0.4501953125 0.126953125 0.458984375 0.126953125 0.458984375 0.142578125 0.4501953125 0.142578125
2 0.4609375 0.126953125 0.46728515625 0.126953125 0.46728515625 0.14322916666666666 0.4609375 0.14322916666666666
9 0.46875 0.126953125 0.4775390625 0.126953125 0.4775390625 0.142578125 0.46875 0.142578125
2 0.47900390625 0.126953125 0.48779296875 0.126953125 0.48779296875 0.14322916666666666 0.47900390625 0.14322916666666666
6 0.48974609375 0.126953125 0.49853515625 0.126953125 0.49853515625 0.14322916666666666 0.48974609375 0.14322916666666666
9 0.5 0.126953125 0.5087890625 0.126953125 0.5087890625 0.142578125 0.5 0.142578125
5 0.51025390625 0.126953125 0.5166015625 0.126953125 0.5166015625 0.14322916666666666 0.51025390625 0.14322916666666666
25 0.5185546875 0.126953125 0.52734375 0.126953125 0.52734375 0.142578125 0.5185546875 0.142578125
18 0.529296875 0.126953125 0.533203125 0.126953125 0.533203125 0.14322916666666666 0.529296875 0.14322916666666666
