1 0.439453125 0.107421875 0.443359375 0.107421875 0.443359375 0.12369791666666667 0.439453125 0.12369791666666667
9 0.44482421875 0.107421875 0.45361328125 0.107421875 0.45361328125 0.123046875 0.44482421875 0.123046875
37 0.455078125 0.107421875 0.4638671875 0.107421875 0.4638671875 0.119140625 0.455078125 0.119140625
0 0.46533203125 0.107421875 0.47412109375 0.107421875 0.47412109375 0.12369791666666667 0.46533203125 0.12369791666666667
7 0.4755859375 0.107421875 0.484375 0.107421875 0.484375 0.12369791666666667 0.4755859375 0.12369791666666667
37 0.48583984375 0.107421875 0.4931640625 0.107421875 0.4931640625 0.1171875 0.48583984375 0.1171875
2 0.49462890625 0.107421875 0.50341796875 0.107421875 0.50341796875 0.123046875 0.49462890625 0.123046875
0 0.5048828125 0.107421875 0.513671875 0.107421875 0.513671875 0.123046875 0.5048828125 0.123046875
2 0.51513671875 0.107421875 0.521484375 0.107421875 0.521484375 0.12369791666666667 0.51513671875 0.12369791666666667
5 0.52294921875 0.107421875 0.53173828125 0.107421875 0.53173828125 0.12369791666666667 0.52294921875 0.12369791666666667
1 0.54296875 0.107421875 0.548828125 0.107421875 0.548828125 0.123046875 0.54296875 0.123046875
6 0.55126953125 0.107421875 0.5576171875 0.107421875 0.5576171875 0.12369791666666667 0.55126953125 0.12369791666666667
36 0.55908203125 0.107421875 0.56298828125 0.107421875 0.56298828125 0.119140625 0.55908203125 0.119140625
2 0.56494140625 0.107421875 0.57373046875 0.107421875 0.57373046875 0.12369791666666667 0.56494140625 0.12369791666666667
3 0.576171875 0.107421875 0.5849609375 0.107421875 0.5849609375 0.12369791666666667 0.576171875 0.12369791666666667
5 0.439453125 0.126953125 0.4482421875 0.126953125 0.4482421875 0.14322916666666666 0.439453125 0.14322916666666666
4 0.44970703125 0.126953125 0.45849609375 0.126953125 0.45849609375 0.142578125 0.44970703125 0.142578125
6 0.46044921875 0.126953125 0.466796875 0.126953125 0.466796875 0.14322916666666666 0.46044921875 0.14322916666666666
6 0.46826171875 0.126953125 0.474609375 0.126953125 0.474609375 0.14322916666666666 0.46826171875 0.14322916666666666
8 0.47607421875 0.126953125 0.482421875 0.126953125 0.482421875 0.14322916666666666 0.47607421875 0.14322916666666666
0 0.48388671875 0.126953125 0.49267578125 0.126953125 0.49267578125 0.14322916666666666 0.48388671875 0.14322916666666666
7 0.4951171875 0.126953125 0.50390625 0.126953125 0.50390625 0.14322916666666666 0.4951171875 0.14322916666666666
4 0.50634765625 0.126953125 0.5126953125 0.126953125 0.5126953125 0.14322916666666666 0.50634765625 0.14322916666666666
13 0.51513671875 0.126953125 0.52392578125 0.126953125 0.52392578125 0.14322916666666666 0.51513671875 0.14322916666666666
13 0.525390625 0.126953125 0.53173828125 0.126953125 0.53173828125 0.14322916666666666 0.525390625 0.14322916666666666
