1 0.439453125 0.107421875 0.443359375 0.107421875 0.443359375 0.12369791666666667 0.439453125 0.12369791666666667
7 0.44482421875 0.107421875 0.45361328125 0.107421875 0.45361328125 0.123046875 0.44482421875 0.123046875
37 0.455078125 0.107421875 0.4638671875 0.107421875 0.4638671875 0.119140625 0.455078125 0.119140625
0 0.46533203125 0.107421875 0.4716796875 0.107421875 0.4716796875 0.12369791666666667 0.46533203125 0.12369791666666667
4 0.47314453125 0.107421875 0.4794921875 0.107421875 0.4794921875 0.12369791666666667 0.47314453125 0.12369791666666667
37 0.48095703125 0.107421875 0.48974609375 0.107421875 0.48974609375 0.119140625 0.48095703125 0.119140625
2 0.4912109375 0.107421875 0.49755859375 0.107421875 0.49755859375 0.12369791666666667 0.4912109375 0.12369791666666667
0 0.4990234375 0.107421875 0.50537109375 0.107421875 0.50537109375 0.12369791666666667 0.4990234375 0.12369791666666667
2 0.5068359375 0.107421875 0.51318359375 0.107421875 0.51318359375 0.12369791666666667 0.5068359375 0.12369791666666667
5 0.5146484375 0.107421875 0.5234375 0.107421875 0.5234375 0.12369791666666667 0.5146484375 0.12369791666666667
1 0.53466796875 0.107421875 0.53857421875 0.107421875 0.53857421875 0.12369791666666667 0.53466796875 0.12369791666666667
6 0.541015625 0.107421875 0.54736328125 0.107421875 0.54736328125 0.12369791666666667 0.541015625 0.12369791666666667
36 0.54931640625 0.107421875 0.55322265625 0.107421875 0.55322265625 0.119140625 0.54931640625 0.119140625
2 0.5556640625 0.107421875 0.56201171875 0.107421875 0.56201171875 0.12369791666666667 0.5556640625 0.12369791666666667
3 0.5634765625 0.107421875 0.572265625 0.107421875 0.572265625 0.123046875 0.5634765625 0.123046875
1 0.439453125 0.126953125 0.4453125 0.126953125 0.4453125 0.14322916666666666 0.439453125 0.14322916666666666
1 0.447265625 0.126953125 0.453125 0.126953125 0.453125 0.14322916666666666 0.447265625 0.14322916666666666
6 0.45556640625 0.126953125 0.46435546875 0.126953125 0.46435546875 0.14322916666666666 0.45556640625 0.14322916666666666
3 0.46630859375 0.126953125 0.47509765625 0.126953125 0.47509765625 0.142578125 0.46630859375 0.142578125
6 0.47705078125 0.126953125 0.4833984375 0.126953125 0.4833984375 0.14322916666666666 0.47705078125 0.14322916666666666
9 0.4853515625 0.126953125 0.494140625 0.126953125 0.494140625 0.142578125 0.4853515625 0.142578125
3 0.49658203125 0.126953125 0.50537109375 0.126953125 0.50537109375 0.142578125 0.49658203125 0.142578125
4 0.5078125 0.126953125 0.5166015625 0.126953125 0.5166015625 0.142578125 0.5078125 0.142578125
28 0.5185546875 0.126953125 0.52734375 0.126953125 0.52734375 0.142578125 0.5185546875 0.142578125
32 0.52978515625 0.126953125 0.53857421875 0.126953125 0.53857421875 0.142578125 0.52978515625 0.142578125
