1 0.439453125 0.107421875 0.4453125 0.107421875 0.4453125 0.12109375 0.439453125 0.12109375
8 0.44677734375 0.107421875 0.45556640625 0.107421875 0.45556640625 0.123046875 0.44677734375 0.123046875
37 0.45703125 0.107421875 0.4658203125 0.107421875 0.4658203125 0.119140625 0.45703125 0.119140625
0 0.46728515625 0.107421875 0.4736328125 0.107421875 0.4736328125 0.12369791666666667 0.46728515625 0.12369791666666667
1 0.47509765625 0.107421875 0.48095703125 0.107421875 0.48095703125 0.12369791666666667 0.47509765625 0.12369791666666667
37 0.482421875 0.107421875 0.4912109375 0.107421875 0.4912109375 0.119140625 0.482421875 0.119140625
2 0.49267578125 0.107421875 0.50146484375 0.107421875 0.50146484375 0.123046875 0.49267578125 0.123046875
0 0.5029296875 0.107421875 0.51171875 0.107421875 0.51171875 0.123046875 0.5029296875 0.123046875
2 0.51318359375 0.107421875 0.52197265625 0.107421875 0.52197265625 0.123046875 0.51318359375 0.123046875
5 0.5234375 0.107421875 0.5322265625 0.107421875 0.5322265625 0.12369791666666667 0.5234375 0.12369791666666667
1 0.54345703125 0.107421875 0.54931640625 0.107421875 0.54931640625 0.123046875 0.54345703125 0.123046875
6 0.55126953125 0.107421875 0.56005859375 0.107421875 0.56005859375 0.123046875 0.55126953125 0.123046875
36 0.5625 0.107421875 0.56640625 0.107421875 0.56640625 0.119140625 0.5625 0.119140625
2 0.56787109375 0.107421875 0.57666015625 0.107421875 0.57666015625 0.12369791666666667 0.56787109375 0.12369791666666667
3 0.5791015625 0.107421875 0.587890625 0.107421875 0.587890625 0.123046875 0.5791015625 0.123046875
5 0.439453125 0.126953125 0.4482421875 0.126953125 0.4482421875 0.142578125 0.439453125 0.142578125
6 0.45068359375 0.126953125 0.45703125 0.126953125 0.45703125 0.14322916666666666 0.45068359375 0.14322916666666666
8 0.45849609375 0.126953125 0.46728515625 0.126953125 0.46728515625 0.142578125 0.45849609375 0.142578125
0 0.46923828125 0.126953125 0.47802734375 0.126953125 0.47802734375 0.142578125 0.46923828125 0.142578125
4 0.47998046875 0.126953125 0.486328125 0.126953125 0.486328125 0.14322916666666666 0.47998046875 0.14322916666666666
8 0.48779296875 0.126953125 0.49658203125 0.126953125 0.49658203125 0.142578125 0.48779296875 0.142578125
4 0.4990234375 0.126953125 0.5078125 0.126953125 0.5078125 0.142578125 0.4990234375 0.142578125
7 0.51025390625 0.126953125 0.5166015625 0.126953125 0.5166015625 0.14322916666666666 0.51025390625 0.14322916666666666
18 0.5185546875 0.126953125 0.5244140625 0.126953125 0.5244140625 0.142578125 0.5185546875 0.142578125
26 0.52685546875 0.126953125 0.53564453125 0.126953125 0.53564453125 0.142578125 0.52685546875 0.142578125
