1 0.439453125 0.107421875 0.443359375 0.107421875 0.443359375 0.12369791666666667 0.439453125 0.12369791666666667
4 0.44482421875 0.107421875 0.45361328125 0.107421875 0.45361328125 0.123046875 0.44482421875 0.123046875
37 0.455078125 0.107421875 0.4638671875 0.107421875 0.4638671875 0.119140625 0.455078125 0.119140625
1 0.46533203125 0.107421875 0.470703125 0.107421875 0.470703125 0.123046875 0.46533203125 0.123046875
0 0.47216796875 0.107421875 0.48095703125 0.107421875 0.48095703125 0.123046875 0.47216796875 0.123046875
37 0.482421875 0.107421875 0.4912109375 0.107421875 0.4912109375 0.119140625 0.482421875 0.119140625
2 0.49267578125 0.107421875 0.4990234375 0.107421875 0.4990234375 0.12369791666666667 0.49267578125 0.12369791666666667
0 0.50048828125 0.107421875 0.5068359375 0.107421875 0.5068359375 0.12369791666666667 0.50048828125 0.12369791666666667
2 0.50830078125 0.107421875 0.51708984375 0.107421875 0.51708984375 0.123046875 0.50830078125 0.123046875
5 0.5185546875 0.107421875 0.52490234375 0.107421875 0.52490234375 0.12369791666666667 0.5185546875 0.12369791666666667
1 0.5361328125 0.107421875 0.5419921875 0.107421875 0.5419921875 0.123046875 0.5361328125 0.123046875
6 0.54443359375 0.107421875 0.55322265625 0.107421875 0.55322265625 0.123046875 0.54443359375 0.123046875
36 0.5546875 0.107421875 0.55859375 0.107421875 0.55859375 0.119140625 0.5546875 0.119140625
2 0.56103515625 0.107421875 0.5673828125 0.107421875 0.5673828125 0.12369791666666667 0.56103515625 0.12369791666666667
2 0.5693359375 0.107421875 0.578125 0.107421875 0.578125 0.123046875 0.5693359375 0.123046875
8 0.439453125 0.126953125 0.44580078125 0.126953125 0.44580078125 0.14322916666666666 0.439453125 0.14322916666666666
8 0.44775390625 0.126953125 0.4541015625 0.126953125 0.4541015625 0.14322916666666666 0.44775390625 0.14322916666666666
6 0.45654296875 0.126953125 0.46533203125 0.126953125 0.46533203125 0.142578125 0.45654296875 0.142578125
8 0.466796875 0.126953125 0.47314453125 0.126953125 0.47314453125 0.14322916666666666 0.466796875 0.14322916666666666
2 0.4755859375 0.126953125 0.48193359375 0.126953125 0.48193359375 0.14322916666666666 0.4755859375 0.14322916666666666
5 0.484375 0.126953125 0.4931640625 0.126953125 0.4931640625 0.142578125 0.484375 0.142578125
4 0.49560546875 0.126953125 0.50439453125 0.126953125 0.50439453125 0.142578125 0.49560546875 0.142578125
4 0.50634765625 0.126953125 0.5126953125 0.126953125 0.5126953125 0.14322916666666666 0.50634765625 0.14322916666666666
31 0.51513671875 0.126953125 0.52392578125 0.126953125 0.52392578125 0.142578125 0.51513671875 0.142578125
35 0.5263671875 0.126953125 0.53515625 0.126953125 0.53515625 0.142578125 0.5263671875 0.142578125
