2 0.439453125 0.107421875 0.44580078125 0.107421875 0.44580078125 0.12369791666666667 0.439453125 0.12369791666666667
0 0.447265625 0.107421875 0.4560546875 0.107421875 0.4560546875 0.12369791666666667 0.447265625 0.12369791666666667
37 0.45751953125 0.107421875 0.46630859375 0.107421875 0.46630859375 0.119140625 0.45751953125 0.119140625
1 0.4677734375 0.107421875 0.4716796875 0.107421875 0.4716796875 0.12369791666666667 0.4677734375 0.12369791666666667
2 0.47314453125 0.107421875 0.48193359375 0.107421875 0.48193359375 0.123046875 0.47314453125 0.123046875
37 0.4833984375 0.107421875 0.4921875 0.107421875 0.4921875 0.119140625 0.4833984375 0.119140625
2 0.49365234375 0.107421875 0.50244140625 0.107421875 0.50244140625 0.123046875 0.49365234375 0.123046875
0 0.50390625 0.107421875 0.5126953125 0.107421875 0.5126953125 0.123046875 0.50390625 0.123046875
2 0.51416015625 0.107421875 0.5205078125 0.107421875 0.5205078125 0.12369791666666667 0.51416015625 0.12369791666666667
4 0.52197265625 0.107421875 0.53076171875 0.107421875 0.53076171875 0.123046875 0.52197265625 0.123046875
1 0.5419921875 0.107421875 0.54736328125 0.107421875 0.54736328125 0.12369791666666667 0.5419921875 0.12369791666666667
6 0.54931640625 0.107421875 0.5556640625 0.107421875 0.5556640625 0.12369791666666667 0.54931640625 0.12369791666666667
36 0.5576171875 0.107421875 0.5595703125 0.107421875 0.5595703125 0.1171875 0.5576171875 0.1171875
2 0.56201171875 0.107421875 0.57080078125 0.107421875 0.57080078125 0.123046875 0.56201171875 0.123046875
3 0.572265625 0.107421875 0.5810546875 0.107421875 0.5810546875 0.12369791666666667 0.572265625 0.12369791666666667
3 0.439453125 0.126953125 0.44580078125 0.126953125 0.44580078125 0.14322916666666666 0.439453125 0.14322916666666666
8 0.4482421875 0.126953125 0.45458984375 0.126953125 0.45458984375 0.14322916666666666 0.4482421875 0.14322916666666666
3 0.4560546875 0.126953125 0.46240234375 0.126953125 0.46240234375 0.14322916666666666 0.4560546875 0.14322916666666666
8 0.46484375 0.126953125 0.4736328125 0.126953125 0.4736328125 0.14322916666666666 0.46484375 0.14322916666666666
4 0.47607421875 0.126953125 0.48486328125 0.126953125 0.48486328125 0.142578125 0.47607421875 0.142578125
8 0.486328125 0.126953125 0.4951171875 0.126953125 0.4951171875 0.142578125 0.486328125 0.142578125
5 0.49755859375 0.126953125 0.50634765625 0.126953125 0.50634765625 0.142578125 0.49755859375 0.142578125
2 0.5087890625 0.126953125 0.517578125 0.126953125 0.517578125 0.14322916666666666 0.5087890625 0.14322916666666666
20 0.51953125 0.126953125 0.5283203125 0.126953125 0.5283203125 0.142578125 0.51953125 0.142578125
22 0.5302734375 0.126953125 0.5390625 0.126953125 0.5390625 0.142578125 0.5302734375 0.142578125
