0 0.439453125 0.107421875 0.4482421875 0.107421875 0.4482421875 0.123046875 0.439453125 0.123046875
7 0.44970703125 0.107421875 0.4560546875 0.107421875 0.4560546875 0.12369791666666667 0.44970703125 0.12369791666666667
37 0.45751953125 0.107421875 0.46630859375 0.107421875 0.46630859375 0.119140625 0.45751953125 0.119140625
0 0.4677734375 0.107421875 0.47412109375 0.107421875 0.47412109375 0.12369791666666667 0.4677734375 0.12369791666666667
4 0.4755859375 0.107421875 0.484375 0.107421875 0.484375 0.123046875 0.4755859375 0.123046875
37 0.48583984375 0.107421875 0.49462890625 0.107421875 0.49462890625 0.119140625 0.48583984375 0.119140625
2 0.49609375 0.107421875 0.5048828125 0.107421875 0.5048828125 0.12369791666666667 0.49609375 0.12369791666666667
0 0.50634765625 0.107421875 0.51513671875 0.107421875 0.51513671875 0.123046875 0.50634765625 0.123046875
2 0.5166015625 0.107421875 0.52294921875 0.107421875 0.52294921875 0.12369791666666667 0.5166015625 0.12369791666666667
5 0.5244140625 0.107421875 0.533203125 0.107421875 0.533203125 0.123046875 0.5244140625 0.123046875
1 0.54443359375 0.107421875 0.54833984375 0.107421875 0.54833984375 0.12369791666666667 0.54443359375 0.12369791666666667
6 0.5498046875 0.107421875 0.55615234375 0.107421875 0.55615234375 0.12369791666666667 0.5498046875 0.12369791666666667
36 0.5576171875 0.107421875 0.5615234375 0.107421875 0.5615234375 0.119140625 0.5576171875 0.119140625
2 0.56298828125 0.107421875 0.57177734375 0.107421875 0.57177734375 0.123046875 0.56298828125 0.123046875
3 0.57421875 0.107421875 0.5830078125 0.107421875 0.5830078125 0.123046875 0.57421875 0.123046875
7 0.439453125 0.126953125 0.4482421875 0.126953125 0.4482421875 0.142578125 0.439453125 0.142578125
6 0.45068359375 0.126953125 0.45703125 0.126953125 0.45703125 0.14322916666666666 0.45068359375 0.14322916666666666
0 0.45849609375 0.126953125 0.46484375 0.126953125 0.46484375 0.14322916666666666 0.45849609375 0.14322916666666666
3 0.46728515625 0.126953125 0.47607421875 0.126953125 0.47607421875 0.14322916666666666 0.46728515625 0.14322916666666666
7 0.478515625 0.126953125 0.4873046875 0.126953125 0.4873046875 0.142578125 0.478515625 0.142578125
7 0.48974609375 0.126953125 0.49853515625 0.126953125 0.49853515625 0.142578125 0.48974609375 0.142578125
0 0.5 0.126953125 0.5087890625 0.126953125 0.5087890625 0.142578125 0.5 0.142578125
9 0.51123046875 0.126953125 0.517578125 0.126953125 0.517578125 0.14322916666666666 0.51123046875 0.14322916666666666
14 0.51904296875 0.126953125 0.52783203125 0.126953125 0.52783203125 0.142578125 0.51904296875 0.142578125
30 0.52978515625 0.126953125 0.53857421875 0.126953125 0.53857421875 0.142578125 0.52978515625 0.142578125
