3 0.439453125 0.107421875 0.4482421875 0.107421875 0.4482421875 0.12369791666666667 0.439453125 0.12369791666666667
1 0.44970703125 0.107421875 0.45263671875 0.107421875 0.45263671875 0.12369791666666667 0.44970703125 0.12369791666666667
37 0.4541015625 0.107421875 0.462890625 0.107421875 0.462890625 0.119140625 0.4541015625 0.119140625
1 0.46435546875 0.107421875 0.46826171875 0.107421875 0.46826171875 0.12369791666666667 0.46435546875 0.12369791666666667
2 0.4697265625 0.107421875 0.47607421875 0.107421875 0.47607421875 0.12369791666666667 0.4697265625 0.12369791666666667
37 0.4775390625 0.107421875 0.486328125 0.107421875 0.486328125 0.119140625 0.4775390625 0.119140625
2 0.48779296875 0.107421875 0.494140625 0.107421875 0.494140625 0.12369791666666667 0.48779296875 0.12369791666666667
0 0.49560546875 0.107421875 0.50439453125 0.107421875 0.50439453125 0.12369791666666667 0.49560546875 0.12369791666666667
2 0.505859375 0.107421875 0.5146484375 0.107421875 0.5146484375 0.123046875 0.505859375 0.123046875
4 0.51611328125 0.107421875 0.52490234375 0.107421875 0.52490234375 0.123046875 0.51611328125 0.123046875
1 0.5361328125 0.107421875 0.54052734375 0.107421875 0.54052734375 0.12369791666666667 0.5361328125 0.12369791666666667
6 0.54296875 0.107421875 0.54931640625 0.107421875 0.54931640625 0.12369791666666667 0.54296875 0.12369791666666667
36 0.5517578125 0.107421875 0.5556640625 0.107421875 0.5556640625 0.119140625 0.5517578125 0.119140625
2 0.55810546875 0.107421875 0.56689453125 0.107421875 0.56689453125 0.123046875 0.55810546875 0.123046875
2 0.568359375 0.107421875 0.5771484375 0.107421875 0.5771484375 0.12369791666666667 0.568359375 0.12369791666666667
4 0.439453125 0.126953125 0.44580078125 0.126953125 0.44580078125 0.14322916666666666 0.439453125 0.14322916666666666
8 0.447265625 0.126953125 0.45361328125 0.126953125 0.45361328125 0.14322916666666666 0.447265625 0.14322916666666666
0 0.45556640625 0.126953125 0.4619140625 0.126953125 0.4619140625 0.14322916666666666 0.45556640625 0.14322916666666666
4 0.46435546875 0.126953125 0.470703125 0.126953125 0.470703125 0.14322916666666666 0.46435546875 0.14322916666666666
5 0.47216796875 0.126953125 0.48095703125 0.126953125 0.48095703125 0.142578125 0.47216796875 0.142578125
6 0.4833984375 0.126953125 0.48974609375 0.126953125 0.48974609375 0.14322916666666666 0.4833984375 0.14322916666666666
7 0.49169921875 0.126953125 0.50048828125 0.126953125 0.50048828125 0.142578125 0.49169921875 0.142578125
3 0.5029296875 0.126953125 0.50927734375 0.126953125 0.50927734375 0.14322916666666666 0.5029296875 0.14322916666666666
21 0.5107421875 0.126953125 0.51708984375 0.126953125 0.51708984375 0.14322916666666666 0.5107421875 0.14322916666666666
14 0.51953125 0.126953125 0.5283203125 0.126953125 0.5283203125 0.142578125 0.51953125 0.142578125
