1 0.439453125 0.107421875 0.443359375 0.107421875 0.443359375 0.12369791666666667 0.439453125 0.12369791666666667
7 0.44482421875 0.107421875 0.45361328125 0.107421875 0.45361328125 0.12369791666666667 0.44482421875 0.12369791666666667
37 0.455078125 0.107421875 0.4638671875 0.107421875 0.4638671875 0.119140625 0.455078125 0.119140625
0 0.46533203125 0.107421875 0.47412109375 0.107421875 0.47412109375 0.123046875 0.46533203125 0.123046875
4 0.4755859375 0.107421875 0.48193359375 0.107421875 0.48193359375 0.12369791666666667 0.4755859375 0.12369791666666667
37 0.4833984375 0.107421875 0.4921875 0.107421875 0.4921875 0.119140625 0.4833984375 0.119140625
2 0.49365234375 0.107421875 0.5 0.107421875 0.5 0.12369791666666667 0.49365234375 0.12369791666666667
0 0.50146484375 0.107421875 0.51025390625 0.107421875 0.51025390625 0.123046875 0.50146484375 0.123046875
2 0.51171875 0.107421875 0.5205078125 0.107421875 0.5205078125 0.123046875 0.51171875 0.123046875
5 0.52197265625 0.107421875 0.53076171875 0.107421875 0.53076171875 0.123046875 0.52197265625 0.123046875
1 0.5419921875 0.107421875 0.5458984375 0.107421875 0.5458984375 0.12369791666666667 0.5419921875 0.12369791666666667
6 0.54736328125 0.107421875 0.55615234375 0.107421875 0.55615234375 0.123046875 0.54736328125 0.123046875
36 0.55859375 0.107421875 0.5625 0.107421875 0.5625 0.119140625 0.55859375 0.119140625
2 0.56494140625 0.107421875 0.57373046875 0.107421875 0.57373046875 0.123046875 0.56494140625 0.123046875
3 0.57568359375 0.107421875 0.58447265625 0.107421875 0.58447265625 0.12369791666666667 0.57568359375 0.12369791666666667
4 0.439453125 0.126953125 0.4482421875 0.126953125 0.4482421875 0.142578125 0.439453125 0.142578125
0 0.45068359375 0.126953125 0.45947265625 0.126953125 0.45947265625 0.142578125 0.45068359375 0.142578125
7 0.46142578125 0.126953125 0.47021484375 0.126953125 0.47021484375 0.142578125 0.46142578125 0.142578125
1 0.47216796875 0.126953125 0.47802734375 0.126953125 0.47802734375 0.142578125 0.47216796875 0.142578125
7 0.47998046875 0.126953125 0.48876953125 0.126953125 0.48876953125 0.14322916666666666 0.47998046875 0.14322916666666666
9 0.4912109375 0.126953125 0.5 0.126953125 0.5 0.142578125 0.4912109375 0.142578125
3 0.50146484375 0.126953125 0.5078125 0.126953125 0.5078125 0.14322916666666666 0.50146484375 0.14322916666666666
2 0.51025390625 0.126953125 0.5166015625 0.126953125 0.5166015625 0.14322916666666666 0.51025390625 0.14322916666666666
31 0.5185546875 0.126953125 0.52490234375 0.126953125 0.52490234375 0.14322916666666666 0.5185546875 0.14322916666666666
15 0.52685546875 0.126953125 0.533203125 0.126953125 0.533203125 0.14322916666666666 0.52685546875 0.14322916666666666
