2 0.439453125 0.107421875 0.44580078125 0.107421875 0.44580078125 0.12369791666666667 0.439453125 0.12369791666666667
3 0.447265625 0.107421875 0.45361328125 0.107421875 0.45361328125 0.12369791666666667 0.447265625 0.12369791666666667
37 0.455078125 0.107421875 0.4638671875 0.107421875 0.4638671875 0.119140625 0.455078125 0.119140625
0 0.46533203125 0.107421875 0.47412109375 0.107421875 0.47412109375 0.123046875 0.46533203125 0.123046875
8 0.4755859375 0.107421875 0.48193359375 0.107421875 0.48193359375 0.12369791666666667 0.4755859375 0.12369791666666667
37 0.4833984375 0.107421875 0.4921875 0.107421875 0.4921875 0.119140625 0.4833984375 0.119140625
2 0.49365234375 0.107421875 0.50244140625 0.107421875 0.50244140625 0.123046875 0.49365234375 0.123046875
0 0.50390625 0.107421875 0.51025390625 0.107421875 0.51025390625 0.12369791666666667 0.50390625 0.12369791666666667
2 0.51171875 0.107421875 0.5205078125 0.107421875 0.5205078125 0.123046875 0.51171875 0.123046875
5 0.52197265625 0.107421875 0.53076171875 0.107421875 0.53076171875 0.123046875 0.52197265625 0.123046875
1 0.5419921875 0.107421875 0.5458984375 0.107421875 0.5458984375 0.12369791666666667 0.5419921875 0.12369791666666667
6 0.5478515625 0.107421875 0.55419921875 0.107421875 0.55419921875 0.12369791666666667 0.5478515625 0.12369791666666667
36 0.5556640625 0.107421875 0.5595703125 0.107421875 0.5595703125 0.119140625 0.5556640625 0.119140625
2 0.56103515625 0.107421875 0.56982421875 0.107421875 0.56982421875 0.123046875 0.56103515625 0.123046875
3 0.572265625 0.107421875 0.57861328125 0.107421875 0.57861328125 0.12369791666666667 0.572265625 0.12369791666666667
6 0.439453125 0.126953125 0.44580078125 0.126953125 0.44580078125 0.14322916666666666 0.439453125 0.14322916666666666
2 0.4482421875 0.126953125 0.45703125 0.126953125 0.45703125 0.142578125 0.4482421875 0.142578125
5 0.45849609375 0.126953125 0.46728515625 0.126953125 0.46728515625 0.14322916666666666 0.45849609375 0.14322916666666666
0 0.46875 0.126953125 0.4775390625 0.126953125 0.4775390625 0.142578125 0.46875 0.142578125
3 0.47998046875 0.126953125 0.486328125 0.126953125 0.486328125 0.14322916666666666 0.47998046875 0.14322916666666666
1 0.48828125 0.126953125 0.494140625 0.126953125 0.494140625 0.14322916666666666 0.48828125 0.14322916666666666
4 0.49658203125 0.126953125 0.5029296875 0.126953125 0.5029296875 0.14322916666666666 0.49658203125 0.14322916666666666
2 0.5048828125 0.126953125 0.513671875 0.126953125 0.513671875 0.142578125 0.5048828125 0.142578125
16 0.51513671875 0.126953125 0.52392578125 0.126953125 0.52392578125 0.142578125 0.51513671875 0.142578125
26 0.525390625 0.126953125 0.5341796875 0.126953125 0.5341796875 0.14322916666666666 0.525390625 0.14322916666666666
