0 0.439453125 0.107421875 0.4482421875 0.107421875 0.4482421875 0.123046875 0.439453125 0.123046875
9 0.44970703125 0.107421875 0.4560546875 0.107421875 0.4560546875 0.12369791666666667 0.44970703125 0.12369791666666667
37 0.45751953125 0.107421875 0.46484375 0.107421875 0.46484375 0.1171875 0.45751953125 0.1171875
0 0.46630859375 0.107421875 0.47509765625 0.107421875 0.47509765625 0.123046875 0.46630859375 0.123046875
1 0.4765625 0.107421875 0.48046875 0.107421875 0.48046875 0.12369791666666667 0.4765625 0.12369791666666667
37 0.48193359375 0.107421875 0.49072265625 0.107421875 0.49072265625 0.119140625 0.48193359375 0.119140625
2 0.4921875 0.107421875 0.49853515625 0.107421875 0.49853515625 0.12369791666666667 0.4921875 0.12369791666666667
0 0.5 0.107421875 0.5087890625 0.107421875 0.5087890625 0.123046875 0.5 0.123046875
2 0.51025390625 0.107421875 0.51904296875 0.107421875 0.51904296875 0.123046875 0.51025390625 0.123046875
5 0.5205078125 0.107421875 0.529296875 0.107421875 0.529296875 0.123046875 0.5205078125 0.123046875
1 0.54052734375 0.107421875 0.54443359375 0.107421875 0.54443359375 0.12369791666666667 0.54052734375 0.12369791666666667
6 0.5458984375 0.107421875 0.5546875 0.107421875 0.5546875 0.123046875 0.5458984375 0.123046875
36 0.55615234375 0.107421875 0.55810546875 0.107421875 0.55810546875 0.11783854166666667 0.55615234375 0.11783854166666667
2 0.5595703125 0.107421875 0.568359375 0.107421875 0.568359375 0.123046875 0.5595703125 0.123046875
3 0.5703125 0.107421875 0.5791015625 0.107421875 0.5791015625 0.123046875 0.5703125 0.123046875
9 0.439453125 0.126953125 0.44580078125 0.126953125 0.44580078125 0.14322916666666666 0.439453125 0.14322916666666666
8 0.44775390625 0.126953125 0.45654296875 0.126953125 0.45654296875 0.142578125 0.44775390625 0.142578125
4 0.45849609375 0.126953125 0.46728515625 0.126953125 0.46728515625 0.142578125 0.45849609375 0.142578125
8 0.4697265625 0.126953125 0.478515625 0.126953125 0.478515625 0.142578125 0.4697265625 0.142578125
6 0.47998046875 0.126953125 0.48876953125 0.126953125 0.48876953125 0.142578125 0.47998046875 0.142578125
9 0.490234375 0.126953125 0.49658203125 0.126953125 0.49658203125 0.14322916666666666 0.490234375 0.14322916666666666
6 0.498046875 0.126953125 0.50439453125 0.126953125 0.50439453125 0.14322916666666666 0.498046875 0.14322916666666666
8 0.50634765625 0.126953125 0.51513671875 0.126953125 0.51513671875 0.142578125 0.50634765625 0.142578125
27 0.51708984375 0.126953125 0.52587890625 0.126953125 0.52587890625 0.142578125 0.51708984375 0.142578125
26 0.52783203125 0.126953125 0.5341796875 0.126953125 0.5341796875 0.14322916666666666 0.52783203125 0.14322916666666666
