2 0.439453125 0.107421875 0.4482421875 0.107421875 0.4482421875 0.123046875 0.439453125 0.123046875
7 0.44970703125 0.107421875 0.4560546875 0.107421875 0.4560546875 0.12369791666666667 0.44970703125 0.12369791666666667
37 0.45751953125 0.107421875 0.46630859375 0.107421875 0.46630859375 0.119140625 0.45751953125 0.119140625
1 0.4677734375 0.107421875 0.4716796875 0.107421875 0.4716796875 0.12369791666666667 0.4677734375 0.12369791666666667
2 0.47314453125 0.107421875 0.48193359375 0.107421875 0.48193359375 0.12369791666666667 0.47314453125 0.12369791666666667
37 0.4833984375 0.107421875 0.4921875 0.107421875 0.4921875 0.119140625 0.4833984375 0.119140625
2 0.49365234375 0.107421875 0.50244140625 0.107421875 0.50244140625 0.123046875 0.49365234375 0.123046875
0 0.50390625 0.107421875 0.5126953125 0.107421875 0.5126953125 0.12369791666666667 0.50390625 0.12369791666666667
2 0.51416015625 0.107421875 0.52294921875 0.107421875 0.52294921875 0.12369791666666667 0.51416015625 0.12369791666666667
4 0.5244140625 0.107421875 0.53076171875 0.107421875 0.53076171875 0.123046875 0.5244140625 0.123046875
1 0.5419921875 0.107421875 0.5478515625 0.107421875 0.5478515625 0.123046875 0.5419921875 0.123046875
6 0.55029296875 0.107421875 0.55908203125 0.107421875 0.55908203125 0.12369791666666667 0.55029296875 0.12369791666666667
36 0.5615234375 0.107421875 0.5654296875 0.107421875 0.5654296875 0.119140625 0.5615234375 0.119140625
2 0.5673828125 0.107421875 0.576171875 0.107421875 0.576171875 0.12369791666666667 0.5673828125 0.12369791666666667
3 0.578125 0.107421875 0.5869140625 0.107421875 0.5869140625 0.123046875 0.578125 0.123046875
2 0.439453125 0.126953125 0.4482421875 0.126953125 0.4482421875 0.142578125 0.439453125 0.142578125
8 0.4501953125 0.126953125 0.458984375 0.126953125 0.458984375 0.142578125 0.4501953125 0.142578125
1 0.4609375 0.126953125 0.466796875 0.126953125 0.466796875 0.142578125 0.4609375 0.142578125
5 0.46826171875 0.126953125 0.47705078125 0.126953125 0.47705078125 0.142578125 0.46826171875 0.142578125
3 0.478515625 0.126953125 0.48486328125 0.126953125 0.48486328125 0.14322916666666666 0.478515625 0.14322916666666666
6 0.486328125 0.126953125 0.4951171875 0.126953125 0.4951171875 0.142578125 0.486328125 0.142578125
1 0.49755859375 0.126953125 0.5029296875 0.126953125 0.5029296875 0.14322916666666666 0.49755859375 0.14322916666666666
8 0.50537109375 0.126953125 0.51416015625 0.126953125 0.51416015625 0.142578125 0.50537109375 0.142578125
30 0.51611328125 0.126953125 0.5224609375 0.126953125 0.5224609375 0.14322916666666666 0.51611328125 0.14322916666666666
17 0.52392578125 0.126953125 0.5302734375 0.126953125 0.5302734375 0.14322916666666666 0.52392578125 0.14322916666666666
