2 0.439453125 0.107421875 0.4482421875 0.107421875 0.4482421875 0.123046875 0.439453125 0.123046875
2 0.44970703125 0.107421875 0.4560546875 0.107421875 0.4560546875 0.12369791666666667 0.44970703125 0.12369791666666667
37 0.45751953125 0.107421875 0.46630859375 0.107421875 0.46630859375 0.119140625 0.45751953125 0.119140625
0 0.4677734375 0.107421875 0.4765625 0.107421875 0.4765625 0.123046875 0.4677734375 0.123046875
9 0.47802734375 0.107421875 0.484375 0.107421875 0.484375 0.12369791666666667 0.47802734375 0.12369791666666667
37 0.48583984375 0.107421875 0.49462890625 0.107421875 0.49462890625 0.119140625 0.48583984375 0.119140625
2 0.49609375 0.107421875 0.5048828125 0.107421875 0.5048828125 0.123046875 0.49609375 0.123046875
0 0.50634765625 0.107421875 0.51513671875 0.107421875 0.51513671875 0.123046875 0.50634765625 0.123046875
2 0.5166015625 0.107421875 0.525390625 0.107421875 0.525390625 0.123046875 0.5166015625 0.123046875
5 0.52685546875 0.107421875 0.53564453125 0.107421875 0.53564453125 0.123046875 0.52685546875 0.123046875
1 0.546875 0.107421875 0.55078125 0.107421875 0.55078125 0.12369791666666667 0.546875 0.12369791666666667
6 0.55224609375 0.107421875 0.55859375 0.107421875 0.55859375 0.12369791666666667 0.55224609375 0.12369791666666667
36 0.56005859375 0.107421875 0.56396484375 0.107421875 0.56396484375 0.119140625 0.56005859375 0.119140625
2 0.56640625 0.107421875 0.57275390625 0.107421875 0.57275390625 0.12369791666666667 0.56640625 0.12369791666666667
3 0.57421875 0.107421875 0.58056640625 0.107421875 0.58056640625 0.12369791666666667 0.57421875 0.12369791666666667
0 0.439453125 0.126953125 0.44580078125 0.126953125 0.44580078125 0.14322916666666666 0.439453125 0.14322916666666666
1 0.447265625 0.126953125 0.453125 0.126953125 0.453125 0.142578125 0.447265625 0.142578125
4 0.45458984375 0.126953125 0.46337890625 0.126953125 0.46337890625 0.142578125 0.45458984375 0.142578125
9 0.46533203125 0.126953125 0.4716796875 0.126953125 0.4716796875 0.14322916666666666 0.46533203125 0.14322916666666666
2 0.4736328125 0.126953125 0.482421875 0.126953125 0.482421875 0.142578125 0.4736328125 0.142578125
0 0.48388671875 0.126953125 0.49267578125 0.126953125 0.49267578125 0.142578125 0.48388671875 0.142578125
8 0.49462890625 0.126953125 0.50341796875 0.126953125 0.50341796875 0.142578125 0.49462890625 0.142578125
0 0.50537109375 0.126953125 0.51416015625 0.126953125 0.51416015625 0.142578125 0.50537109375 0.142578125
29 0.51611328125 0.126953125 0.52490234375 0.126953125 0.52490234375 0.14322916666666666 0.51611328125 0.14322916666666666
34 0.52734375 0.126953125 0.53369140625 0.126953125 0.53369140625 0.14322916666666666 0.52734375 0.14322916666666666
