1 0.439453125 0.107421875 0.4453125 0.107421875 0.4453125 0.123046875 0.439453125 0.123046875
7 0.44677734375 0.107421875 0.453125 0.107421875 0.453125 0.12369791666666667 0.44677734375 0.12369791666666667
37 0.45458984375 0.107421875 0.46337890625 0.107421875 0.46337890625 0.119140625 0.45458984375 0.119140625
0 0.46484375 0.107421875 0.47119140625 0.107421875 0.47119140625 0.12369791666666667 0.46484375 0.12369791666666667
3 0.47265625 0.107421875 0.4814453125 0.107421875 0.4814453125 0.123046875 0.47265625 0.123046875
37 0.48291015625 0.107421875 0.49169921875 0.107421875 0.49169921875 0.119140625 0.48291015625 0.119140625
2 0.4931640625 0.107421875 0.49951171875 0.107421875 0.49951171875 0.12369791666666667 0.4931640625 0.12369791666666667
0 0.5009765625 0.107421875 0.509765625 0.107421875 0.509765625 0.123046875 0.5009765625 0.123046875
2 0.51123046875 0.107421875 0.517578125 0.107421875 0.517578125 0.12369791666666667 0.51123046875 0.12369791666666667
5 0.51904296875 0.107421875 0.52783203125 0.107421875 0.52783203125 0.123046875 0.51904296875 0.123046875
1 0.5390625 0.107421875 0.54296875 0.107421875 0.54296875 0.12369791666666667 0.5390625 0.12369791666666667
6 0.544921875 0.107421875 0.55126953125 0.107421875 0.55126953125 0.12369791666666667 0.544921875 0.12369791666666667
36 0.55322265625 0.107421875 0.55712890625 0.107421875 0.55712890625 0.119140625 0.55322265625 0.119140625
2 0.55908203125 0.107421875 0.5654296875 0.107421875 0.5654296875 0.12369791666666667 0.55908203125 0.12369791666666667
3 0.56689453125 0.107421875 0.57568359375 0.107421875 0.57568359375 0.123046875 0.56689453125 0.123046875
0 0.439453125 0.126953125 0.4482421875 0.126953125 0.4482421875 0.142578125 0.439453125 0.142578125
9 0.45068359375 0.126953125 0.45703125 0.126953125 0.45703125 0.14322916666666666 0.45068359375 0.14322916666666666
8 0.458984375 0.126953125 0.4677734375 0.126953125 0.4677734375 0.142578125 0.458984375 0.142578125
0 0.46923828125 0.126953125 0.47802734375 0.126953125 0.47802734375 0.142578125 0.46923828125 0.142578125
3 0.48046875 0.126953125 0.4892578125 0.126953125 0.4892578125 0.142578125 0.48046875 0.142578125
0 0.49169921875 0.126953125 0.498046875 0.126953125 0.498046875 0.14322916666666666 0.49169921875 0.14322916666666666
1 0.5 0.126953125 0.50390625 0.126953125 0.50390625 0.14322916666666666 0.5 0.14322916666666666
2 0.50537109375 0.126953125 0.51171875 0.126953125 0.51171875 0.14322916666666666 0.50537109375 0.14322916666666666
12 0.513671875 0.126953125 0.52001953125 0.126953125 0.52001953125 0.14322916666666666 0.513671875 0.14322916666666666
29 0.52197265625 0.126953125 0.53076171875 0.126953125 0.53076171875 0.142578125 0.52197265625 0.142578125
