3 0.439453125 0.107421875 0.4482421875 0.107421875 0.4482421875 0.123046875 0.439453125 0.123046875
1 0.44970703125 0.107421875 0.45361328125 0.107421875 0.45361328125 0.12369791666666667 0.44970703125 0.12369791666666667
37 0.455078125 0.107421875 0.4638671875 0.107421875 0.4638671875 0.119140625 0.455078125 0.119140625
0 0.46533203125 0.107421875 0.47412109375 0.107421875 0.47412109375 0.123046875 0.46533203125 0.123046875
1 0.4755859375 0.107421875 0.4794921875 0.107421875 0.4794921875 0.12369791666666667 0.4755859375 0.12369791666666667
37 0.48095703125 0.107421875 0.48974609375 0.107421875 0.48974609375 0.119140625 0.48095703125 0.119140625
2 0.4912109375 0.107421875 0.5 0.107421875 0.5 0.123046875 0.4912109375 0.123046875
0 0.50146484375 0.107421875 0.51025390625 0.107421875 0.51025390625 0.123046875 0.50146484375 0.123046875
2 0.51171875 0.107421875 0.5205078125 0.107421875 0.5205078125 0.123046875 0.51171875 0.123046875
5 0.52197265625 0.107421875 0.53076171875 0.107421875 0.53076171875 0.123046875 0.52197265625 0.123046875
1 0.5419921875 0.107421875 0.5458984375 0.107421875 0.5458984375 0.12369791666666667 0.5419921875 0.12369791666666667
6 0.54736328125 0.107421875 0.55615234375 0.107421875 0.55615234375 0.123046875 0.54736328125 0.123046875
36 0.55810546875 0.107421875 0.56201171875 0.107421875 0.56201171875 0.119140625 0.55810546875 0.119140625
2 0.5634765625 0.107421875 0.572265625 0.107421875 0.572265625 0.123046875 0.5634765625 0.123046875
3 0.57373046875 0.107421875 0.580078125 0.107421875 0.580078125 0.12369791666666667 0.57373046875 0.12369791666666667
6 0.439453125 0.126953125 0.44580078125 0.126953125 0.44580078125 0.14322916666666666 0.439453125 0.14322916666666666
3 0.447265625 0.126953125 0.4560546875 0.126953125 0.4560546875 0.142578125 0.447265625 0.142578125
8 0.45849609375 0.126953125 0.46728515625 0.126953125 0.46728515625 0.142578125 0.45849609375 0.142578125
7 0.46923828125 0.126953125 0.47802734375 0.126953125 0.47802734375 0.142578125 0.46923828125 0.142578125
0 0.4794921875 0.126953125 0.48828125 0.126953125 0.48828125 0.142578125 0.4794921875 0.142578125
7 0.49072265625 0.126953125 0.4970703125 0.126953125 0.4970703125 0.14322916666666666 0.49072265625 0.14322916666666666
6 0.49853515625 0.126953125 0.50732421875 0.126953125 0.50732421875 0.142578125 0.49853515625 0.142578125
5 0.5087890625 0.126953125 0.51513671875 0.126953125 0.51513671875 0.14322916666666666 0.5087890625 0.14322916666666666
14 0.51708984375 0.126953125 0.52587890625 0.126953125 0.52587890625 0.142578125 0.51708984375 0.142578125
10 0.52783203125 0.126953125 0.5341796875 0.126953125 0.5341796875 0.14322916666666666 0.52783203125 0.14322916666666666
