2 0.439453125 0.107421875 0.4482421875 0.107421875 0.4482421875 0.123046875 0.439453125 0.123046875
8 0.44970703125 0.107421875 0.45849609375 0.107421875 0.45849609375 0.12369791666666667 0.44970703125 0.12369791666666667
37 0.4599609375 0.107421875 0.46875 0.107421875 0.46875 0.119140625 0.4599609375 0.119140625
0 0.47021484375 0.107421875 0.47900390625 0.107421875 0.47900390625 0.123046875 0.47021484375 0.123046875
6 0.48046875 0.107421875 0.48681640625 0.107421875 0.48681640625 0.12369791666666667 0.48046875 0.12369791666666667
37 0.48828125 0.107421875 0.4970703125 0.107421875 0.4970703125 0.119140625 0.48828125 0.119140625
2 0.49853515625 0.107421875 0.5048828125 0.107421875 0.5048828125 0.12369791666666667 0.49853515625 0.12369791666666667
0 0.50634765625 0.107421875 0.51513671875 0.107421875 0.51513671875 0.123046875 0.50634765625 0.123046875
2 0.5166015625 0.107421875 0.525390625 0.107421875 0.525390625 0.123046875 0.5166015625 0.123046875
5 0.52685546875 0.107421875 0.53564453125 0.107421875 0.53564453125 0.123046875 0.52685546875 0.123046875
1 0.546875 0.107421875 0.552734375 0.107421875 0.552734375 0.123046875 0.546875 0.123046875
6 0.55517578125 0.107421875 0.56396484375 0.107421875 0.56396484375 0.12369791666666667 0.55517578125 0.12369791666666667
36 0.56591796875 0.107421875 0.56982421875 0.107421875 0.56982421875 0.119140625 0.56591796875 0.119140625
2 0.572265625 0.107421875 0.5810546875 0.107421875 0.5810546875 0.123046875 0.572265625 0.123046875
3 0.5830078125 0.107421875 0.591796875 0.107421875 0.591796875 0.123046875 0.5830078125 0.123046875
0 0.439453125 0.126953125 0.44580078125 0.126953125 0.44580078125 0.14322916666666666 0.439453125 0.14322916666666666
3 0.4482421875 0.126953125 0.45703125 0.126953125 0.45703125 0.142578125 0.4482421875 0.142578125
9 0.458984375 0.126953125 0.4677734375 0.126953125 0.4677734375 0.14322916666666666 0.458984375 0.14322916666666666
2 0.47021484375 0.126953125 0.47900390625 0.126953125 0.47900390625 0.14322916666666666 0.47021484375 0.14322916666666666
8 0.4814453125 0.126953125 0.48779296875 0.126953125 0.48779296875 0.14322916666666666 0.4814453125 0.14322916666666666
0 0.48974609375 0.126953125 0.49853515625 0.126953125 0.49853515625 0.142578125 0.48974609375 0.142578125
0 0.5009765625 0.126953125 0.509765625 0.126953125 0.509765625 0.142578125 0.5009765625 0.142578125
1 0.51220703125 0.126953125 0.51806640625 0.126953125 0.51806640625 0.142578125 0.51220703125 0.142578125
18 0.52001953125 0.126953125 0.52587890625 0.126953125 0.52587890625 0.142578125 0.52001953125 0.142578125
31 0.5283203125 0.126953125 0.537109375 0.126953125 0.537109375 0.142578125 0.5283203125 0.142578125
