1 0.439453125 0.107421875 0.4453125 0.107421875 0.4453125 0.12369791666666667 0.439453125 0.12369791666666667
9 0.44677734375 0.107421875 0.45556640625 0.107421875 0.45556640625 0.123046875 0.44677734375 0.123046875
37 0.45703125 0.107421875 0.46435546875 0.107421875 0.46435546875 0.1171875 0.45703125 0.1171875
1 0.4658203125 0.107421875 0.4697265625 0.107421875 0.4697265625 0.12369791666666667 0.4658203125 0.12369791666666667
0 0.47119140625 0.107421875 0.4775390625 0.107421875 0.4775390625 0.12369791666666667 0.47119140625 0.12369791666666667
37 0.47900390625 0.107421875 0.48779296875 0.107421875 0.48779296875 0.119140625 0.47900390625 0.119140625
2 0.4892578125 0.107421875 0.498046875 0.107421875 0.498046875 0.123046875 0.4892578125 0.123046875
0 0.49951171875 0.107421875 0.50830078125 0.107421875 0.50830078125 0.123046875 0.49951171875 0.123046875
2 0.509765625 0.107421875 0.5185546875 0.107421875 0.5185546875 0.123046875 0.509765625 0.123046875
5 0.52001953125 0.107421875 0.52880859375 0.107421875 0.52880859375 0.123046875 0.52001953125 0.123046875
1 0.5400390625 0.107421875 0.5439453125 0.107421875 0.5439453125 0.12369791666666667 0.5400390625 0.12369791666666667
6 0.5458984375 0.107421875 0.5546875 0.107421875 0.5546875 0.123046875 0.5458984375 0.123046875
36 0.556640625 0.107421875 0.55859375 0.107421875 0.55859375 0.1171875 0.556640625 0.1171875
2 0.56005859375 0.107421875 0.56640625 0.107421875 0.56640625 0.12369791666666667 0.56005859375 0.12369791666666667
3 0.568359375 0.107421875 0.57470703125 0.107421875 0.57470703125 0.12369791666666667 0.568359375 0.12369791666666667
3 0.439453125 0.126953125 0.4482421875 0.126953125 0.4482421875 0.142578125 0.439453125 0.142578125
6 0.4501953125 0.126953125 0.458984375 0.126953125 0.458984375 0.142578125 0.4501953125 0.142578125
5 0.4609375 0.126953125 0.4697265625 0.126953125 0.4697265625 0.142578125 0.4609375 0.142578125
7 0.47119140625 0.126953125 0.47998046875 0.126953125 0.47998046875 0.142578125 0.47119140625 0.142578125
9 0.482421875 0.126953125 0.4912109375 0.126953125 0.4912109375 0.142578125 0.482421875 0.142578125
1 0.49267578125 0.126953125 0.49853515625 0.126953125 0.49853515625 0.14322916666666666 0.49267578125 0.14322916666666666
5 0.5 0.126953125 0.50634765625 0.126953125 0.50634765625 0.14322916666666666 0.5 0.14322916666666666
8 0.50830078125 0.126953125 0.5146484375 0.126953125 0.5146484375 0.14322916666666666 0.50830078125 0.14322916666666666
15 0.5166015625 0.126953125 0.52294921875 0.126953125 0.52294921875 0.14322916666666666 0.5166015625 0.14322916666666666
20 0.5244140625 0.126953125 0.533203125 0.126953125 0.533203125 0.142578125 0.5244140625 0.142578125
