0 0.439453125 0.107421875 0.4482421875 0.107421875 0.4482421875 0.123046875 0.439453125 0.123046875
1 0.44970703125 0.107421875 0.45556640625 0.107421875 0.45556640625 0.123046875 0.44970703125 0.123046875
37 0.45703125 0.107421875 0.4658203125 0.107421875 0.4658203125 0.119140625 0.45703125 0.119140625
0 0.46728515625 0.107421875 0.47607421875 0.107421875 0.47607421875 0.123046875 0.46728515625 0.123046875
2 0.4775390625 0.107421875 0.48388671875 0.107421875 0.48388671875 0.12369791666666667 0.4775390625 0.12369791666666667
37 0.4853515625 0.107421875 0.494140625 0.107421875 0.494140625 0.119140625 0.4853515625 0.119140625
2 0.49560546875 0.107421875 0.50439453125 0.107421875 0.50439453125 0.123046875 0.49560546875 0.123046875
0 0.505859375 0.107421875 0.51220703125 0.107421875 0.51220703125 0.12369791666666667 0.505859375 0.12369791666666667
2 0.513671875 0.107421875 0.52001953125 0.107421875 0.52001953125 0.12369791666666667 0.513671875 0.12369791666666667
5 0.521484375 0.107421875 0.5302734375 0.107421875 0.5302734375 0.12369791666666667 0.521484375 0.12369791666666667
1 0.54150390625 0.107421875 0.54736328125 0.107421875 0.54736328125 0.123046875 0.54150390625 0.123046875
6 0.54931640625 0.107421875 0.5556640625 0.107421875 0.5556640625 0.12369791666666667 0.54931640625 0.12369791666666667
36 0.55712890625 0.107421875 0.56103515625 0.107421875 0.56103515625 0.119140625 0.55712890625 0.119140625
2 0.56298828125 0.107421875 0.57177734375 0.107421875 0.57177734375 0.123046875 0.56298828125 0.123046875
3 0.57373046875 0.107421875 0.58251953125 0.107421875 0.58251953125 0.123046875 0.57373046875 0.123046875
5 0.439453125 0.126953125 0.4482421875 0.126953125 0.4482421875 0.14322916666666666 0.439453125 0.14322916666666666
0 0.44970703125 0.126953125 0.45849609375 0.126953125 0.45849609375 0.142578125 0.44970703125 0.142578125
7 0.46044921875 0.126953125 0.46923828125 0.126953125 0.46923828125 0.142578125 0.46044921875 0.142578125
2 0.4716796875 0.126953125 0.48046875 0.126953125 0.48046875 0.142578125 0.4716796875 0.142578125
8 0.482421875 0.126953125 0.4912109375 0.126953125 0.4912109375 0.142578125 0.482421875 0.142578125
9 0.4931640625 0.126953125 0.501953125 0.126953125 0.501953125 0.14322916666666666 0.4931640625 0.14322916666666666
7 0.50341796875 0.126953125 0.509765625 0.126953125 0.509765625 0.14322916666666666 0.50341796875 0.14322916666666666
7 0.51171875 0.126953125 0.5205078125 0.126953125 0.5205078125 0.14322916666666666 0.51171875 0.14322916666666666
15 0.52294921875 0.126953125 0.529296875 0.126953125 0.529296875 0.142578125 0.52294921875 0.142578125
22 0.53173828125 0.126953125 0.5380859375 0.126953125 0.5380859375 0.14322916666666666 0.53173828125 0.14322916666666666
