3 0.439453125 0.107421875 0.44580078125 0.107421875 0.44580078125 0.12369791666666667 0.439453125 0.12369791666666667
0 0.447265625 0.107421875 0.4560546875 0.107421875 0.4560546875 0.123046875 0.447265625 0.123046875
37 0.45751953125 0.107421875 0.46630859375 0.107421875 0.46630859375 0.119140625 0.45751953125 0.119140625
0 0.4677734375 0.107421875 0.47412109375 0.107421875 0.47412109375 0.12369791666666667 0.4677734375 0.12369791666666667
5 0.4755859375 0.107421875 0.484375 0.107421875 0.484375 0.123046875 0.4755859375 0.123046875
37 0.48583984375 0.107421875 0.49462890625 0.107421875 0.49462890625 0.119140625 0.48583984375 0.119140625
2 0.49609375 0.107421875 0.5048828125 0.107421875 0.5048828125 0.12369791666666667 0.49609375 0.12369791666666667
0 0.50634765625 0.107421875 0.51513671875 0.107421875 0.51513671875 0.123046875 0.50634765625 0.123046875
2 0.5166015625 0.107421875 0.52294921875 0.107421875 0.52294921875 0.12369791666666667 0.5166015625 0.12369791666666667
5 0.5244140625 0.107421875 0.533203125 0.107421875 0.533203125 0.123046875 0.5244140625 0.123046875
1 0.54443359375 0.107421875 0.54833984375 0.107421875 0.54833984375 0.12369791666666667 0.54443359375 0.12369791666666667
6 0.5498046875 0.107421875 0.55859375 0.107421875 0.55859375 0.123046875 0.5498046875 0.123046875
36 0.56005859375 0.107421875 0.56201171875 0.107421875 0.56201171875 0.11783854166666667 0.56005859375 0.11783854166666667
2 0.56396484375 0.107421875 0.5703125 0.107421875 0.5703125 0.12369791666666667 0.56396484375 0.12369791666666667
3 0.57275390625 0.107421875 0.58154296875 0.107421875 0.58154296875 0.123046875 0.57275390625 0.123046875
1 0.439453125 0.126953125 0.4453125 0.126953125 0.4453125 0.14322916666666666 0.439453125 0.14322916666666666
5 0.44775390625 0.126953125 0.45654296875 0.126953125 0.45654296875 0.142578125 0.44775390625 0.142578125
5 0.45849609375 0.126953125 0.46728515625 0.126953125 0.46728515625 0.14322916666666666 0.45849609375 0.14322916666666666
0 0.46875 0.126953125 0.4775390625 0.126953125 0.4775390625 0.142578125 0.46875 0.142578125
9 0.4794921875 0.126953125 0.48583984375 0.126953125 0.48583984375 0.14322916666666666 0.4794921875 0.14322916666666666
1 0.48779296875 0.126953125 0.49365234375 0.126953125 0.49365234375 0.142578125 0.48779296875 0.142578125
7 0.4951171875 0.126953125 0.50146484375 0.126953125 0.50146484375 0.14322916666666666 0.4951171875 0.14322916666666666
7 0.5029296875 0.126953125 0.51171875 0.126953125 0.51171875 0.142578125 0.5029296875 0.142578125
12 0.51318359375 0.126953125 0.51953125 0.126953125 0.51953125 0.14322916666666666 0.51318359375 0.14322916666666666
24 0.521484375 0.126953125 0.5302734375 0.126953125 0.5302734375 0.142578125 0.521484375 0.142578125
