0 0.439453125 0.107421875 0.4482421875 0.107421875 0.4482421875 0.123046875 0.439453125 0.123046875
5 0.44970703125 0.107421875 0.4560546875 0.107421875 0.4560546875 0.12369791666666667 0.44970703125 0.12369791666666667
37 0.45751953125 0.107421875 0.46630859375 0.107421875 0.46630859375 0.119140625 0.45751953125 0.119140625
1 0.4677734375 0.107421875 0.470703125 0.107421875 0.470703125 0.12369791666666667 0.4677734375 0.12369791666666667
2 0.47216796875 0.107421875 0.48095703125 0.107421875 0.48095703125 0.123046875 0.47216796875 0.123046875
37 0.482421875 0.107421875 0.4912109375 0.107421875 0.4912109375 0.119140625 0.482421875 0.119140625
2 0.49267578125 0.107421875 0.50146484375 0.107421875 0.50146484375 0.123046875 0.49267578125 0.123046875
0 0.5029296875 0.107421875 0.51171875 0.107421875 0.51171875 0.123046875 0.5029296875 0.123046875
2 0.51318359375 0.107421875 0.52197265625 0.107421875 0.52197265625 0.123046875 0.51318359375 0.123046875
4 0.5234375 0.107421875 0.5322265625 0.107421875 0.5322265625 0.123046875 0.5234375 0.123046875
1 0.54345703125 0.107421875 0.54931640625 0.107421875 0.54931640625 0.123046875 0.54345703125 0.123046875
6 0.55078125 0.107421875 0.55712890625 0.107421875 0.55712890625 0.12369791666666667 0.55078125 0.12369791666666667
36 0.55859375 0.107421875 0.5625 0.107421875 0.5625 0.119140625 0.55859375 0.119140625
2 0.564453125 0.107421875 0.5732421875 0.107421875 0.5732421875 0.12369791666666667 0.564453125 0.12369791666666667
3 0.5751953125 0.107421875 0.583984375 0.107421875 0.583984375 0.12369791666666667 0.5751953125 0.12369791666666667
5 0.439453125 0.126953125 0.4482421875 0.126953125 0.4482421875 0.142578125 0.439453125 0.142578125
4 0.4501953125 0.126953125 0.45654296875 0.126953125 0.45654296875 0.14322916666666666 0.4501953125 0.14322916666666666
7 0.45849609375 0.126953125 0.46484375 0.126953125 0.46484375 0.14322916666666666 0.45849609375 0.14322916666666666
2 0.46630859375 0.126953125 0.47509765625 0.126953125 0.47509765625 0.142578125 0.46630859375 0.142578125
5 0.4765625 0.126953125 0.48291015625 0.126953125 0.48291015625 0.14322916666666666 0.4765625 0.14322916666666666
8 0.48486328125 0.126953125 0.4912109375 0.126953125 0.4912109375 0.14322916666666666 0.48486328125 0.14322916666666666
2 0.4931640625 0.126953125 0.501953125 0.126953125 0.501953125 0.142578125 0.4931640625 0.142578125
8 0.50341796875 0.126953125 0.51220703125 0.126953125 0.51220703125 0.142578125 0.50341796875 0.142578125
22 0.5146484375 0.126953125 0.5234375 0.126953125 0.5234375 0.142578125 0.5146484375 0.142578125
19 0.525390625 0.126953125 0.5341796875 0.126953125 0.5341796875 0.142578125 0.525390625 0.142578125
