3 0.439453125 0.107421875 0.4482421875 0.107421875 0.4482421875 0.123046875 0.439453125 0.123046875
0 0.44970703125 0.107421875 0.45849609375 0.107421875 0.45849609375 0.123046875 0.44970703125 0.123046875
37 0.4599609375 0.107421875 0.46875 0.107421875 0.46875 0.119140625 0.4599609375 0.119140625
0 0.47021484375 0.107421875 0.47900390625 0.107421875 0.47900390625 0.12369791666666667 0.47021484375 0.12369791666666667
8 0.48046875 0.107421875 0.4892578125 0.107421875 0.4892578125 0.12369791666666667 0.48046875 0.12369791666666667
37 0.49072265625 0.107421875 0.49951171875 0.107421875 0.49951171875 0.119140625 0.49072265625 0.119140625
2 0.5009765625 0.107421875 0.509765625 0.107421875 0.509765625 0.123046875 0.5009765625 0.123046875
0 0.51123046875 0.107421875 0.52001953125 0.107421875 0.52001953125 0.123046875 0.51123046875 0.123046875
2 0.521484375 0.107421875 0.5302734375 0.107421875 0.5302734375 0.12369791666666667 0.521484375 0.12369791666666667
5 0.53173828125 0.107421875 0.54052734375 0.107421875 0.54052734375 0.12369791666666667 0.53173828125 0.12369791666666667
1 0.5517578125 0.107421875 0.5556640625 0.107421875 0.5556640625 0.12369791666666667 0.5517578125 0.12369791666666667
6 0.5576171875 0.107421875 0.56640625 0.107421875 0.56640625 0.123046875 0.5576171875 0.123046875
36 0.56884765625 0.107421875 0.57275390625 0.107421875 0.57275390625 0.119140625 0.56884765625 0.119140625
2 0.57470703125 0.107421875 0.58349609375 0.107421875 0.58349609375 0.123046875 0.57470703125 0.123046875
3 0.58544921875 0.107421875 0.59423828125 0.107421875 0.59423828125 0.123046875 0.58544921875 0.123046875
5 0.439453125 0.126953125 0.4482421875 0.126953125 0.4482421875 0.14322916666666666 0.439453125 0.14322916666666666
6 0.45068359375 0.126953125 0.45947265625 0.126953125 0.45947265625 0.142578125 0.45068359375 0.142578125
8 0.4619140625 0.126953125 0.470703125 0.126953125 0.470703125 0.142578125 0.4619140625 0.142578125
8 0.47314453125 0.126953125 0.48193359375 0.126953125 0.48193359375 0.142578125 0.47314453125 0.142578125
2 0.484375 0.126953125 0.4931640625 0.126953125 0.4931640625 0.142578125 0.484375 0.142578125
8 0.49462890625 0.126953125 0.50341796875 0.126953125 0.50341796875 0.142578125 0.49462890625 0.142578125
7 0.50537109375 0.126953125 0.51171875 0.126953125 0.51171875 0.14322916666666666 0.50537109375 0.14322916666666666
5 0.513671875 0.126953125 0.5224609375 0.126953125 0.5224609375 0.142578125 0.513671875 0.142578125
32 0.52392578125 0.126953125 0.5302734375 0.126953125 0.5302734375 0.14322916666666666 0.52392578125 0.14322916666666666
13 0.53271484375 0.126953125 0.54150390625 0.126953125 0.54150390625 0.142578125 0.53271484375 0.142578125
