1 0.439453125 0.107421875 0.443359375 0.107421875 0.443359375 0.12369791666666667 0.439453125 0.12369791666666667
6 0.44482421875 0.107421875 0.451171875 0.107421875 0.451171875 0.12369791666666667 0.44482421875 0.12369791666666667
37 0.45263671875 0.107421875 0.46142578125 0.107421875 0.46142578125 0.119140625 0.45263671875 0.119140625
0 0.462890625 0.107421875 0.4716796875 0.107421875 0.4716796875 0.123046875 0.462890625 0.123046875
3 0.47314453125 0.107421875 0.48193359375 0.107421875 0.48193359375 0.12369791666666667 0.47314453125 0.12369791666666667
37 0.4833984375 0.107421875 0.4921875 0.107421875 0.4921875 0.119140625 0.4833984375 0.119140625
2 0.49365234375 0.107421875 0.50244140625 0.107421875 0.50244140625 0.12369791666666667 0.49365234375 0.12369791666666667
0 0.50390625 0.107421875 0.5126953125 0.107421875 0.5126953125 0.123046875 0.50390625 0.123046875
2 0.51416015625 0.107421875 0.5205078125 0.107421875 0.5205078125 0.12369791666666667 0.51416015625 0.12369791666666667
5 0.52197265625 0.107421875 0.53076171875 0.107421875 0.53076171875 0.123046875 0.52197265625 0.123046875
1 0.5419921875 0.107421875 0.5478515625 0.107421875 0.5478515625 0.123046875 0.5419921875 0.123046875
6 0.54931640625 0.107421875 0.55810546875 0.107421875 0.55810546875 0.123046875 0.54931640625 0.123046875
36 0.5595703125 0.107421875 0.5634765625 0.107421875 0.5634765625 0.119140625 0.5595703125 0.119140625
2 0.5654296875 0.107421875 0.57421875 0.107421875 0.57421875 0.123046875 0.5654296875 0.123046875
3 0.57666015625 0.107421875 0.58544921875 0.107421875 0.58544921875 0.123046875 0.57666015625 0.123046875
3 0.439453125 0.126953125 0.4482421875 0.126953125 0.4482421875 0.14322916666666666 0.439453125 0.14322916666666666
4 0.4501953125 0.126953125 0.45654296875 0.126953125 0.45654296875 0.14322916666666666 0.4501953125 0.14322916666666666
4 0.458984375 0.126953125 0.4677734375 0.126953125 0.4677734375 0.142578125 0.458984375 0.142578125
0 0.46923828125 0.126953125 0.47802734375 0.126953125 0.47802734375 0.142578125 0.46923828125 0.142578125
2 0.4794921875 0.126953125 0.48828125 0.126953125 0.48828125 0.14322916666666666 0.4794921875 0.14322916666666666
1 0.48974609375 0.126953125 0.49560546875 0.126953125 0.49560546875 0.14322916666666666 0.48974609375 0.14322916666666666
2 0.498046875 0.126953125 0.5068359375 0.126953125 0.5068359375 0.142578125 0.498046875 0.142578125
8 0.50830078125 0.126953125 0.5146484375 0.126953125 0.5146484375 0.14322916666666666 0.50830078125 0.14322916666666666
22 0.51611328125 0.126953125 0.52490234375 0.126953125 0.52490234375 0.142578125 0.51611328125 0.142578125
25 0.52685546875 0.126953125 0.53564453125 0.126953125 0.53564453125 0.142578125 0.52685546875 0.142578125
