2 0.439453125 0.107421875 0.4482421875 0.107421875 0.4482421875 0.123046875 0.439453125 0.123046875
0 0.44970703125 0.107421875 0.45849609375 0.107421875 0.45849609375 0.12369791666666667 0.44970703125 0.12369791666666667
37 0.4599609375 0.107421875 0.46875 0.107421875 0.46875 0.119140625 0.4599609375 0.119140625
0 0.47021484375 0.107421875 0.47900390625 0.107421875 0.47900390625 0.123046875 0.47021484375 0.123046875
6 0.48046875 0.107421875 0.48681640625 0.107421875 0.48681640625 0.12369791666666667 0.48046875 0.12369791666666667
37 0.48828125 0.107421875 0.4970703125 0.107421875 0.4970703125 0.119140625 0.48828125 0.119140625
2 0.49853515625 0.107421875 0.50732421875 0.107421875 0.50732421875 0.12369791666666667 0.49853515625 0.12369791666666667
0 0.5087890625 0.107421875 0.517578125 0.107421875 0.517578125 0.123046875 0.5087890625 0.123046875
2 0.51904296875 0.107421875 0.525390625 0.107421875 0.525390625 0.12369791666666667 0.51904296875 0.12369791666666667
5 0.52685546875 0.107421875 0.53564453125 0.107421875 0.53564453125 0.123046875 0.52685546875 0.123046875
1 0.546875 0.107421875 0.55078125 0.107421875 0.55078125 0.12369791666666667 0.546875 0.12369791666666667
6 0.55224609375 0.107421875 0.55859375 0.107421875 0.55859375 0.12369791666666667 0.55224609375 0.12369791666666667
36 0.56005859375 0.107421875 0.56396484375 0.107421875 0.56396484375 0.119140625 0.56005859375 0.119140625
2 0.5654296875 0.107421875 0.57421875 0.107421875 0.57421875 0.12369791666666667 0.5654296875 0.12369791666666667
3 0.57568359375 0.107421875 0.58203125 0.107421875 0.58203125 0.12369791666666667 0.57568359375 0.12369791666666667
5 0.439453125 0.126953125 0.44580078125 0.126953125 0.44580078125 0.14322916666666666 0.439453125 0.14322916666666666
9 0.447265625 0.126953125 0.45361328125 0.126953125 0.45361328125 0.14322916666666666 0.447265625 0.14322916666666666
4 0.4560546875 0.126953125 0.46240234375 0.126953125 0.46240234375 0.14322916666666666 0.4560546875 0.14322916666666666
0 0.46435546875 0.126953125 0.470703125 0.126953125 0.470703125 0.14322916666666666 0.46435546875 0.14322916666666666
0 0.47216796875 0.126953125 0.48095703125 0.126953125 0.48095703125 0.142578125 0.47216796875 0.142578125
9 0.4833984375 0.126953125 0.4921875 0.126953125 0.4921875 0.142578125 0.4833984375 0.142578125
3 0.49365234375 0.126953125 0.50244140625 0.126953125 0.50244140625 0.142578125 0.49365234375 0.142578125
4 0.5048828125 0.126953125 0.513671875 0.126953125 0.513671875 0.142578125 0.5048828125 0.142578125
34 0.515625 0.126953125 0.5244140625 0.126953125 0.5244140625 0.142578125 0.515625 0.142578125
33 0.52685546875 0.126953125 0.53564453125 0.126953125 0.53564453125 0.142578125 0.52685546875 0.142578125
