1 0.439453125 0.107421875 0.4423828125 0.107421875 0.4423828125 0.12369791666666667 0.439453125 0.12369791666666667
8 0.44384765625 0.107421875 0.4501953125 0.107421875 0.4501953125 0.12369791666666667 0.44384765625 0.12369791666666667
37 0.45166015625 0.107421875 0.46044921875 0.107421875 0.46044921875 0.119140625 0.45166015625 0.119140625
1 0.4619140625 0.107421875 0.4677734375 0.107421875 0.4677734375 0.12109375 0.4619140625 0.12109375
0 0.46923828125 0.107421875 0.47802734375 0.107421875 0.47802734375 0.12369791666666667 0.46923828125 0.12369791666666667
37 0.4794921875 0.107421875 0.48828125 0.107421875 0.48828125 0.119140625 0.4794921875 0.119140625
2 0.48974609375 0.107421875 0.49853515625 0.107421875 0.49853515625 0.123046875 0.48974609375 0.123046875
0 0.5 0.107421875 0.5087890625 0.107421875 0.5087890625 0.123046875 0.5 0.123046875
2 0.51025390625 0.107421875 0.51904296875 0.107421875 0.51904296875 0.123046875 0.51025390625 0.123046875
5 0.5205078125 0.107421875 0.529296875 0.107421875 0.529296875 0.123046875 0.5205078125 0.123046875
1 0.54052734375 0.107421875 0.54638671875 0.107421875 0.54638671875 0.123046875 0.54052734375 0.123046875
6 0.54833984375 0.107421875 0.55712890625 0.107421875 0.55712890625 0.123046875 0.54833984375 0.123046875
36 0.55859375 0.107421875 0.560546875 0.107421875 0.560546875 0.11783854166666667 0.55859375 0.11783854166666667
2 0.56201171875 0.107421875 0.57080078125 0.107421875 0.57080078125 0.123046875 0.56201171875 0.123046875
3 0.5732421875 0.107421875 0.58203125 0.107421875 0.58203125 0.12369791666666667 0.5732421875 0.12369791666666667
5 0.439453125 0.126953125 0.4482421875 0.126953125 0.4482421875 0.142578125 0.439453125 0.142578125
1 0.45068359375 0.126953125 0.45458984375 0.126953125 0.45458984375 0.14322916666666666 0.45068359375 0.14322916666666666
9 0.4560546875 0.126953125 0.46240234375 0.126953125 0.46240234375 0.14322916666666666 0.4560546875 0.14322916666666666
9 0.46435546875 0.126953125 0.47314453125 0.126953125 0.47314453125 0.142578125 0.46435546875 0.142578125
6 0.47509765625 0.126953125 0.4814453125 0.126953125 0.4814453125 0.14322916666666666 0.47509765625 0.14322916666666666
8 0.48291015625 0.126953125 0.4892578125 0.126953125 0.4892578125 0.14322916666666666 0.48291015625 0.14322916666666666
0 0.4912109375 0.126953125 0.49755859375 0.126953125 0.49755859375 0.14322916666666666 0.4912109375 0.14322916666666666
7 0.4990234375 0.126953125 0.50537109375 0.126953125 0.50537109375 0.14322916666666666 0.4990234375 0.14322916666666666
15 0.50732421875 0.126953125 0.513671875 0.126953125 0.513671875 0.14322916666666666 0.50732421875 0.14322916666666666
28 0.51611328125 0.126953125 0.5224609375 0.126953125 0.5224609375 0.14322916666666666 0.51611328125 0.14322916666666666
