2 0.439453125 0.107421875 0.4482421875 0.107421875 0.4482421875 0.123046875 0.439453125 0.123046875
1 0.44970703125 0.107421875 0.45556640625 0.107421875 0.45556640625 0.123046875 0.44970703125 0.123046875
37 0.45703125 0.107421875 0.4658203125 0.107421875 0.4658203125 0.119140625 0.45703125 0.119140625
1 0.46728515625 0.107421875 0.47314453125 0.107421875 0.47314453125 0.123046875 0.46728515625 0.123046875
2 0.474609375 0.107421875 0.4833984375 0.107421875 0.4833984375 0.123046875 0.474609375 0.123046875
37 0.48486328125 0.107421875 0.49365234375 0.107421875 0.49365234375 0.119140625 0.48486328125 0.119140625
2 0.4951171875 0.107421875 0.50390625 0.107421875 0.50390625 0.123046875 0.4951171875 0.123046875
0 0.50537109375 0.107421875 0.51171875 0.107421875 0.51171875 0.12369791666666667 0.50537109375 0.12369791666666667
2 0.51318359375 0.107421875 0.52197265625 0.107421875 0.52197265625 0.123046875 0.51318359375 0.123046875
4 0.5234375 0.107421875 0.5322265625 0.107421875 0.5322265625 0.123046875 0.5234375 0.123046875
1 0.54345703125 0.107421875 0.54931640625 0.107421875 0.54931640625 0.12369791666666667 0.54345703125 0.12369791666666667
6 0.55126953125 0.107421875 0.5576171875 0.107421875 0.5576171875 0.12369791666666667 0.55126953125 0.12369791666666667
36 0.56005859375 0.107421875 0.56396484375 0.107421875 0.56396484375 0.119140625 0.56005859375 0.119140625
2 0.56640625 0.107421875 0.5751953125 0.107421875 0.5751953125 0.123046875 0.56640625 0.123046875
3 0.57666015625 0.107421875 0.58544921875 0.107421875 0.58544921875 0.123046875 0.57666015625 0.123046875
3 0.439453125 0.126953125 0.4482421875 0.126953125 0.4482421875 0.142578125 0.439453125 0.142578125
2 0.4501953125 0.126953125 0.45654296875 0.126953125 0.45654296875 0.14322916666666666 0.4501953125 0.14322916666666666
8 0.458984375 0.126953125 0.46533203125 0.126953125 0.46533203125 0.14322916666666666 0.458984375 0.14322916666666666
9 0.46728515625 0.126953125 0.47607421875 0.126953125 0.47607421875 0.142578125 0.46728515625 0.142578125
0 0.478515625 0.126953125 0.4873046875 0.126953125 0.4873046875 0.142578125 0.478515625 0.142578125
2 0.48974609375 0.126953125 0.49609375 0.126953125 0.49609375 0.14322916666666666 0.48974609375 0.14322916666666666
6 0.498046875 0.126953125 0.50439453125 0.126953125 0.50439453125 0.14322916666666666 0.498046875 0.14322916666666666
4 0.50634765625 0.126953125 0.51513671875 0.126953125 0.51513671875 0.142578125 0.50634765625 0.142578125
26 0.5166015625 0.126953125 0.525390625 0.126953125 0.525390625 0.142578125 0.5166015625 0.142578125
26 0.52783203125 0.126953125 0.53662109375 0.126953125 0.53662109375 0.142578125 0.52783203125 0.142578125
