3 0.439453125 0.107421875 0.44580078125 0.107421875 0.44580078125 0.12369791666666667 0.439453125 0.12369791666666667
1 0.447265625 0.107421875 0.453125 0.107421875 0.453125 0.123046875 0.447265625 0.123046875
37 0.45458984375 0.107421875 0.46337890625 0.107421875 0.46337890625 0.119140625 0.45458984375 0.119140625
0 0.46484375 0.107421875 0.4736328125 0.107421875 0.4736328125 0.123046875 0.46484375 0.123046875
7 0.47509765625 0.107421875 0.48388671875 0.107421875 0.48388671875 0.123046875 0.47509765625 0.123046875
37 0.4853515625 0.107421875 0.494140625 0.107421875 0.494140625 0.119140625 0.4853515625 0.119140625
2 0.49560546875 0.107421875 0.501953125 0.107421875 0.501953125 0.12369791666666667 0.49560546875 0.12369791666666667
0 0.50341796875 0.107421875 0.51220703125 0.107421875 0.51220703125 0.12369791666666667 0.50341796875 0.12369791666666667
2 0.513671875 0.107421875 0.5224609375 0.107421875 0.5224609375 0.123046875 0.513671875 0.123046875
5 0.52392578125 0.107421875 0.53271484375 0.107421875 0.53271484375 0.123046875 0.52392578125 0.123046875
1 0.5439453125 0.107421875 0.5498046875 0.107421875 0.5498046875 0.123046875 0.5439453125 0.123046875
6 0.55224609375 0.107421875 0.55859375 0.107421875 0.55859375 0.12369791666666667 0.55224609375 0.12369791666666667
36 0.56005859375 0.107421875 0.56396484375 0.107421875 0.56396484375 0.119140625 0.56005859375 0.119140625
2 0.56640625 0.107421875 0.5751953125 0.107421875 0.5751953125 0.123046875 0.56640625 0.123046875
3 0.57666015625 0.107421875 0.58544921875 0.107421875 0.58544921875 0.123046875 0.57666015625 0.123046875
7 0.439453125 0.126953125 0.44580078125 0.126953125 0.44580078125 0.14322916666666666 0.439453125 0.14322916666666666
2 0.44775390625 0.126953125 0.45654296875 0.126953125 0.45654296875 0.14322916666666666 0.44775390625 0.14322916666666666
7 0.458984375 0.126953125 0.4677734375 0.126953125 0.4677734375 0.14322916666666666 0.458984375 0.14322916666666666
3 0.4697265625 0.126953125 0.47607421875 0.126953125 0.47607421875 0.14322916666666666 0.4697265625 0.14322916666666666
4 0.4775390625 0.126953125 0.486328125 0.126953125 0.486328125 0.142578125 0.4775390625 0.142578125
4 0.48779296875 0.126953125 0.49658203125 0.126953125 0.49658203125 0.142578125 0.48779296875 0.142578125
7 0.498046875 0.126953125 0.50439453125 0.126953125 0.50439453125 0.14322916666666666 0.498046875 0.14322916666666666
1 0.505859375 0.126953125 0.509765625 0.126953125 0.509765625 0.14322916666666666 0.505859375 0.14322916666666666
23 0.51123046875 0.126953125 0.52001953125 0.126953125 0.52001953125 0.142578125 0.51123046875 0.142578125
26 0.52197265625 0.126953125 0.5283203125 0.126953125 0.5283203125 0.14322916666666666 0.52197265625 0.14322916666666666
