1 0.439453125 0.107421875 0.443359375 0.107421875 0.443359375 0.12369791666666667 0.439453125 0.12369791666666667
2 0.44482421875 0.107421875 0.45361328125 0.107421875 0.45361328125 0.12369791666666667 0.44482421875 0.12369791666666667
37 0.455078125 0.107421875 0.4638671875 0.107421875 0.4638671875 0.119140625 0.455078125 0.119140625
0 0.46533203125 0.107421875 0.4716796875 0.107421875 0.4716796875 0.12369791666666667 0.46533203125 0.12369791666666667
9 0.47314453125 0.107421875 0.48193359375 0.107421875 0.48193359375 0.123046875 0.47314453125 0.123046875
37 0.4833984375 0.107421875 0.4921875 0.107421875 0.4921875 0.119140625 0.4833984375 0.119140625
2 0.49365234375 0.107421875 0.5 0.107421875 0.5 0.12369791666666667 0.49365234375 0.12369791666666667
0 0.50146484375 0.107421875 0.51025390625 0.107421875 0.51025390625 0.123046875 0.50146484375 0.123046875
2 0.51171875 0.107421875 0.5205078125 0.107421875 0.5205078125 0.123046875 0.51171875 0.123046875
5 0.52197265625 0.107421875 0.5283203125 0.107421875 0.5283203125 0.12369791666666667 0.52197265625 0.12369791666666667
1 0.53955078125 0.107421875 0.5439453125 0.107421875 0.5439453125 0.12369791666666667 0.53955078125 0.12369791666666667
6 0.54638671875 0.107421875 0.552734375 0.107421875 0.552734375 0.12369791666666667 0.54638671875 0.12369791666666667
36 0.5546875 0.107421875 0.55859375 0.107421875 0.55859375 0.119140625 0.5546875 0.119140625
2 0.560546875 0.107421875 0.5693359375 0.107421875 0.5693359375 0.123046875 0.560546875 0.123046875
3 0.5712890625 0.107421875 0.580078125 0.107421875 0.580078125 0.123046875 0.5712890625 0.123046875
5 0.439453125 0.126953125 0.4482421875 0.126953125 0.4482421875 0.142578125 0.439453125 0.142578125
8 0.44970703125 0.126953125 0.4560546875 0.126953125 0.4560546875 0.14322916666666666 0.44970703125 0.14322916666666666
7 0.45751953125 0.126953125 0.4638671875 0.126953125 0.4638671875 0.14322916666666666 0.45751953125 0.14322916666666666
9 0.4658203125 0.126953125 0.47216796875 0.126953125 0.47216796875 0.14322916666666666 0.4658203125 0.14322916666666666
5 0.474609375 0.126953125 0.4833984375 0.126953125 0.4833984375 0.142578125 0.474609375 0.142578125
5 0.48583984375 0.126953125 0.49462890625 0.126953125 0.49462890625 0.142578125 0.48583984375 0.142578125
0 0.49658203125 0.126953125 0.50537109375 0.126953125 0.50537109375 0.142578125 0.49658203125 0.142578125
1 0.5078125 0.126953125 0.51171875 0.126953125 0.51171875 0.14322916666666666 0.5078125 0.14322916666666666
11 0.513671875 0.126953125 0.5224609375 0.126953125 0.5224609375 0.142578125 0.513671875 0.142578125
12 0.52490234375 0.126953125 0.53369140625 0.126953125 0.53369140625 0.142578125 0.52490234375 0.142578125
