1 0.439453125 0.107421875 0.4453125 0.107421875 0.4453125 0.123046875 0.439453125 0.123046875
1 0.44677734375 0.107421875 0.45068359375 0.107421875 0.45068359375 0.12369791666666667 0.44677734375 0.12369791666666667
37 0.4521484375 0.107421875 0.4609375 0.107421875 0.4609375 0.119140625 0.4521484375 0.119140625
0 0.46240234375 0.107421875 0.47119140625 0.107421875 0.47119140625 0.123046875 0.46240234375 0.123046875
5 0.47265625 0.107421875 0.47900390625 0.107421875 0.47900390625 0.12369791666666667 0.47265625 0.12369791666666667
37 0.48046875 0.107421875 0.4892578125 0.107421875 0.4892578125 0.119140625 0.48046875 0.119140625
2 0.49072265625 0.107421875 0.4970703125 0.107421875 0.4970703125 0.12369791666666667 0.49072265625 0.12369791666666667
0 0.49853515625 0.107421875 0.5048828125 0.107421875 0.5048828125 0.12369791666666667 0.49853515625 0.12369791666666667
2 0.50634765625 0.107421875 0.5126953125 0.107421875 0.5126953125 0.12369791666666667 0.50634765625 0.12369791666666667
5 0.51416015625 0.107421875 0.52294921875 0.107421875 0.52294921875 0.12369791666666667 0.51416015625 0.12369791666666667
1 0.5341796875 0.107421875 0.5400390625 0.107421875 0.5400390625 0.123046875 0.5341796875 0.123046875
6 0.54150390625 0.107421875 0.5478515625 0.107421875 0.5478515625 0.12369791666666667 0.54150390625 0.12369791666666667
36 0.55029296875 0.107421875 0.55419921875 0.107421875 0.55419921875 0.119140625 0.55029296875 0.119140625
2 0.556640625 0.107421875 0.56298828125 0.107421875 0.56298828125 0.12369791666666667 0.556640625 0.12369791666666667
3 0.5654296875 0.107421875 0.57177734375 0.107421875 0.57177734375 0.12369791666666667 0.5654296875 0.12369791666666667
0 0.439453125 0.126953125 0.4482421875 0.126953125 0.4482421875 0.142578125 0.439453125 0.142578125
6 0.4501953125 0.126953125 0.45654296875 0.126953125 0.45654296875 0.14322916666666666 0.4501953125 0.14322916666666666
4 0.45849609375 0.126953125 0.46484375 0.126953125 0.46484375 0.14322916666666666 0.45849609375 0.14322916666666666
0 0.466796875 0.126953125 0.4755859375 0.126953125 0.4755859375 0.142578125 0.466796875 0.142578125
7 0.4775390625 0.126953125 0.48388671875 0.126953125 0.48388671875 0.14322916666666666 0.4775390625 0.14322916666666666
7 0.4853515625 0.126953125 0.49169921875 0.126953125 0.49169921875 0.14322916666666666 0.4853515625 0.14322916666666666
3 0.4931640625 0.126953125 0.49951171875 0.126953125 0.49951171875 0.14322916666666666 0.4931640625 0.14322916666666666
6 0.5009765625 0.126953125 0.50732421875 0.126953125 0.50732421875 0.14322916666666666 0.5009765625 0.14322916666666666
22 0.50927734375 0.126953125 0.515625 0.126953125 0.515625 0.14322916666666666 0.50927734375 0.14322916666666666
28 0.51708984375 0.126953125 0.52587890625 0.126953125 0.52587890625 0.142578125 0.51708984375 0.142578125
