0 0.439453125 0.107421875 0.44580078125 0.107421875 0.44580078125 0.12369791666666667 0.439453125 0.12369791666666667
7 0.447265625 0.107421875 0.45361328125 0.107421875 0.45361328125 0.12369791666666667 0.447265625 0.12369791666666667
37 0.455078125 0.107421875 0.4638671875 0.107421875 0.4638671875 0.119140625 0.455078125 0.119140625
0 0.46533203125 0.107421875 0.4716796875 0.107421875 0.4716796875 0.12369791666666667 0.46533203125 0.12369791666666667
3 0.47314453125 0.107421875 0.48193359375 0.107421875 0.48193359375 0.123046875 0.47314453125 0.123046875
37 0.4833984375 0.107421875 0.4921875 0.107421875 0.4921875 0.119140625 0.4833984375 0.119140625
2 0.49365234375 0.107421875 0.50244140625 0.107421875 0.50244140625 0.12369791666666667 0.49365234375 0.12369791666666667
0 0.50390625 0.107421875 0.5126953125 0.107421875 0.5126953125 0.123046875 0.50390625 0.123046875
2 0.51416015625 0.107421875 0.52294921875 0.107421875 0.52294921875 0.123046875 0.51416015625 0.123046875
5 0.5244140625 0.107421875 0.533203125 0.107421875 0.533203125 0.123046875 0.5244140625 0.123046875
1 0.54443359375 0.107421875 0.54833984375 0.107421875 0.54833984375 0.12369791666666667 0.54443359375 0.12369791666666667
6 0.5498046875 0.107421875 0.55615234375 0.107421875 0.55615234375 0.12369791666666667 0.5498046875 0.12369791666666667
36 0.55859375 0.107421875 0.5625 0.107421875 0.5625 0.119140625 0.55859375 0.119140625
2 0.564453125 0.107421875 0.5732421875 0.107421875 0.5732421875 0.123046875 0.564453125 0.123046875
3 0.57470703125 0.107421875 0.58349609375 0.107421875 0.58349609375 0.123046875 0.57470703125 0.123046875
3 0.439453125 0.126953125 0.4482421875 0.126953125 0.4482421875 0.142578125 0.439453125 0.142578125
0 0.44970703125 0.126953125 0.45849609375 0.126953125 0.45849609375 0.142578125 0.44970703125 0.142578125
9 0.4599609375 0.126953125 0.46875 0.126953125 0.46875 0.142578125 0.4599609375 0.142578125
2 0.470703125 0.126953125 0.47705078125 0.126953125 0.47705078125 0.14322916666666666 0.470703125 0.14322916666666666
7 0.478515625 0.126953125 0.48486328125 0.126953125 0.48486328125 0.14322916666666666 0.478515625 0.14322916666666666
8 0.4873046875 0.126953125 0.49365234375 0.126953125 0.49365234375 0.14322916666666666 0.4873046875 0.14322916666666666
4 0.49560546875 0.126953125 0.50439453125 0.126953125 0.50439453125 0.142578125 0.49560546875 0.142578125
5 0.505859375 0.126953125 0.5146484375 0.126953125 0.5146484375 0.142578125 0.505859375 0.142578125
11 0.51611328125 0.126953125 0.5224609375 0.126953125 0.5224609375 0.14322916666666666 0.51611328125 0.14322916666666666
35 0.52490234375 0.126953125 0.53125 0.126953125 0.53125 0.14322916666666666 0.52490234375 0.14322916666666666
