1 0.439453125 0.107421875 0.4453125 0.107421875 0.4453125 0.12369791666666667 0.439453125 0.12369791666666667
6 0.44677734375 0.107421875 0.453125 0.107421875 0.453125 0.12369791666666667 0.44677734375 0.12369791666666667
37 0.45458984375 0.107421875 0.46337890625 0.107421875 0.46337890625 0.119140625 0.45458984375 0.119140625
0 0.46484375 0.107421875 0.4736328125 0.107421875 0.4736328125 0.123046875 0.46484375 0.123046875
1 0.47509765625 0.107421875 0.47900390625 0.107421875 0.47900390625 0.123046875 0.47509765625 0.123046875
37 0.48046875 0.107421875 0.4892578125 0.107421875 0.4892578125 0.119140625 0.48046875 0.119140625
2 0.49072265625 0.107421875 0.49951171875 0.107421875 0.49951171875 0.123046875 0.49072265625 0.123046875
0 0.5009765625 0.107421875 0.50732421875 0.107421875 0.50732421875 0.12369791666666667 0.5009765625 0.12369791666666667
2 0.5087890625 0.107421875 0.517578125 0.107421875 0.517578125 0.123046875 0.5087890625 0.123046875
5 0.51904296875 0.107421875 0.525390625 0.107421875 0.525390625 0.12369791666666667 0.51904296875 0.12369791666666667
1 0.53662109375 0.107421875 0.54052734375 0.107421875 0.54052734375 0.12044270833333333 0.53662109375 0.12044270833333333
6 0.54248046875 0.107421875 0.548828125 0.107421875 0.548828125 0.12369791666666667 0.54248046875 0.12369791666666667
36 0.55078125 0.107421875 0.552734375 0.107421875 0.552734375 0.11783854166666667 0.55078125 0.11783854166666667
2 0.5546875 0.107421875 0.5634765625 0.107421875 0.5634765625 0.123046875 0.5546875 0.123046875
3 0.56494140625 0.107421875 0.5712890625 0.107421875 0.5712890625 0.12369791666666667 0.56494140625 0.12369791666666667
8 0.439453125 0.126953125 0.4482421875 0.126953125 0.4482421875 0.142578125 0.439453125 0.142578125
6 0.4501953125 0.126953125 0.458984375 0.126953125 0.458984375 0.142578125 0.4501953125 0.142578125
9 0.46044921875 0.126953125 0.466796875 0.126953125 0.466796875 0.14322916666666666 0.46044921875 0.14322916666666666
8 0.46875 0.126953125 0.4775390625 0.126953125 0.4775390625 0.142578125 0.46875 0.142578125
7 0.4794921875 0.126953125 0.48828125 0.126953125 0.48828125 0.142578125 0.4794921875 0.142578125
1 0.490234375 0.126953125 0.49609375 0.126953125 0.49609375 0.142578125 0.490234375 0.142578125
1 0.49853515625 0.126953125 0.50244140625 0.126953125 0.50244140625 0.14322916666666666 0.49853515625 0.14322916666666666
5 0.5048828125 0.126953125 0.51123046875 0.126953125 0.51123046875 0.14322916666666666 0.5048828125 0.14322916666666666
24 0.51318359375 0.126953125 0.52197265625 0.126953125 0.52197265625 0.142578125 0.51318359375 0.142578125
31 0.52392578125 0.126953125 0.5302734375 0.126953125 0.5302734375 0.14322916666666666 0.52392578125 0.14322916666666666
