1 0.439453125 0.107421875 0.4453125 0.107421875 0.4453125 0.123046875 0.439453125 0.123046875
7 0.44677734375 0.107421875 0.453125 0.107421875 0.453125 0.12369791666666667 0.44677734375 0.12369791666666667
37 0.45458984375 0.107421875 0.46337890625 0.107421875 0.46337890625 0.119140625 0.45458984375 0.119140625
0 0.46484375 0.107421875 0.4736328125 0.107421875 0.4736328125 0.123046875 0.46484375 0.123046875
2 0.47509765625 0.107421875 0.48388671875 0.107421875 0.48388671875 0.123046875 0.47509765625 0.123046875
37 0.4853515625 0.107421875 0.494140625 0.107421875 0.494140625 0.119140625 0.4853515625 0.119140625
2 0.49560546875 0.107421875 0.50439453125 0.107421875 0.50439453125 0.123046875 0.49560546875 0.123046875
0 0.505859375 0.107421875 0.5146484375 0.107421875 0.5146484375 0.123046875 0.505859375 0.123046875
2 0.51611328125 0.107421875 0.5224609375 0.107421875 0.5224609375 0.12369791666666667 0.51611328125 0.12369791666666667
5 0.52392578125 0.107421875 0.53271484375 0.107421875 0.53271484375 0.123046875 0.52392578125 0.123046875
1 0.5439453125 0.107421875 0.5498046875 0.107421875 0.5498046875 0.123046875 0.5439453125 0.123046875
6 0.55224609375 0.107421875 0.55859375 0.107421875 0.55859375 0.12369791666666667 0.55224609375 0.12369791666666667
36 0.560546875 0.107421875 0.564453125 0.107421875 0.564453125 0.119140625 0.560546875 0.119140625
2 0.56640625 0.107421875 0.5751953125 0.107421875 0.5751953125 0.12369791666666667 0.56640625 0.12369791666666667
3 0.5771484375 0.107421875 0.58349609375 0.107421875 0.58349609375 0.12369791666666667 0.5771484375 0.12369791666666667
8 0.439453125 0.126953125 0.44580078125 0.126953125 0.44580078125 0.14322916666666666 0.439453125 0.14322916666666666
5 0.447265625 0.126953125 0.4560546875 0.126953125 0.4560546875 0.14322916666666666 0.447265625 0.14322916666666666
5 0.4580078125 0.126953125 0.46435546875 0.126953125 0.46435546875 0.14322916666666666 0.4580078125 0.14322916666666666
8 0.466796875 0.126953125 0.4755859375 0.126953125 0.4755859375 0.142578125 0.466796875 0.142578125
9 0.47802734375 0.126953125 0.484375 0.126953125 0.484375 0.14322916666666666 0.47802734375 0.14322916666666666
7 0.48681640625 0.126953125 0.49560546875 0.126953125 0.49560546875 0.142578125 0.48681640625 0.142578125
4 0.4970703125 0.126953125 0.505859375 0.126953125 0.505859375 0.142578125 0.4970703125 0.142578125
8 0.5078125 0.126953125 0.51416015625 0.126953125 0.51416015625 0.14322916666666666 0.5078125 0.14322916666666666
15 0.51611328125 0.126953125 0.52490234375 0.126953125 0.52490234375 0.142578125 0.51611328125 0.142578125
18 0.52685546875 0.126953125 0.53076171875 0.126953125 0.53076171875 0.14322916666666666 0.52685546875 0.14322916666666666
