1 0.439453125 0.107421875 0.4453125 0.107421875 0.4453125 0.12369791666666667 0.439453125 0.12369791666666667
7 0.44677734375 0.107421875 0.453125 0.107421875 0.453125 0.12369791666666667 0.44677734375 0.12369791666666667
37 0.45458984375 0.107421875 0.46337890625 0.107421875 0.46337890625 0.119140625 0.45458984375 0.119140625
0 0.46484375 0.107421875 0.4736328125 0.107421875 0.4736328125 0.12369791666666667 0.46484375 0.12369791666666667
2 0.47509765625 0.107421875 0.4814453125 0.107421875 0.4814453125 0.12369791666666667 0.47509765625 0.12369791666666667
37 0.48291015625 0.107421875 0.49169921875 0.107421875 0.49169921875 0.119140625 0.48291015625 0.119140625
2 0.4931640625 0.107421875 0.49951171875 0.107421875 0.49951171875 0.12369791666666667 0.4931640625 0.12369791666666667
0 0.5009765625 0.107421875 0.509765625 0.107421875 0.509765625 0.123046875 0.5009765625 0.123046875
2 0.51123046875 0.107421875 0.52001953125 0.107421875 0.52001953125 0.123046875 0.51123046875 0.123046875
5 0.521484375 0.107421875 0.5302734375 0.107421875 0.5302734375 0.12369791666666667 0.521484375 0.12369791666666667
1 0.54150390625 0.107421875 0.5458984375 0.107421875 0.5458984375 0.12369791666666667 0.54150390625 0.12369791666666667
6 0.54736328125 0.107421875 0.5537109375 0.107421875 0.5537109375 0.12369791666666667 0.54736328125 0.12369791666666667
36 0.55517578125 0.107421875 0.55908203125 0.107421875 0.55908203125 0.119140625 0.55517578125 0.119140625
2 0.560546875 0.107421875 0.56689453125 0.107421875 0.56689453125 0.12369791666666667 0.560546875 0.12369791666666667
3 0.5693359375 0.107421875 0.578125 0.107421875 0.578125 0.12369791666666667 0.5693359375 0.12369791666666667
6 0.439453125 0.126953125 0.44580078125 0.126953125 0.44580078125 0.14322916666666666 0.439453125 0.14322916666666666
5 0.44775390625 0.126953125 0.4541015625 0.126953125 0.4541015625 0.14322916666666666 0.44775390625 0.14322916666666666
5 0.45654296875 0.126953125 0.46533203125 0.126953125 0.46533203125 0.142578125 0.45654296875 0.142578125
7 0.4677734375 0.126953125 0.4765625 0.126953125 0.4765625 0.142578125 0.4677734375 0.142578125
7 0.47900390625 0.126953125 0.4853515625 0.126953125 0.4853515625 0.14322916666666666 0.47900390625 0.14322916666666666
4 0.48779296875 0.126953125 0.49658203125 0.126953125 0.49658203125 0.14322916666666666 0.48779296875 0.14322916666666666
6 0.49853515625 0.126953125 0.5048828125 0.126953125 0.5048828125 0.14322916666666666 0.49853515625 0.14322916666666666
8 0.50634765625 0.126953125 0.51513671875 0.126953125 0.51513671875 0.14322916666666666 0.50634765625 0.14322916666666666
10 0.51708984375 0.126953125 0.52587890625 0.126953125 0.52587890625 0.142578125 0.51708984375 0.142578125
22 0.52783203125 0.126953125 0.53662109375 0.126953125 0.53662109375 0.142578125 0.52783203125 0.142578125
