0 0.439453125 0.107421875 0.4482421875 0.107421875 0.4482421875 0.123046875 0.439453125 0.123046875
2 0.44970703125 0.107421875 0.45849609375 0.107421875 0.45849609375 0.123046875 0.44970703125 0.123046875
37 0.4599609375 0.107421875 0.46875 0.107421875 0.46875 0.119140625 0.4599609375 0.119140625
0 0.47021484375 0.107421875 0.47900390625 0.107421875 0.47900390625 0.123046875 0.47021484375 0.123046875
3 0.48046875 0.107421875 0.4892578125 0.107421875 0.4892578125 0.123046875 0.48046875 0.123046875
37 0.49072265625 0.107421875 0.49951171875 0.107421875 0.49951171875 0.119140625 0.49072265625 0.119140625
2 0.5009765625 0.107421875 0.509765625 0.107421875 0.509765625 0.123046875 0.5009765625 0.123046875
0 0.51123046875 0.107421875 0.52001953125 0.107421875 0.52001953125 0.12369791666666667 0.51123046875 0.12369791666666667
2 0.521484375 0.107421875 0.52783203125 0.107421875 0.52783203125 0.12369791666666667 0.521484375 0.12369791666666667
5 0.529296875 0.107421875 0.53564453125 0.107421875 0.53564453125 0.12369791666666667 0.529296875 0.12369791666666667
1 0.546875 0.107421875 0.552734375 0.107421875 0.552734375 0.12109375 0.546875 0.12109375
6 0.5546875 0.107421875 0.5634765625 0.107421875 0.5634765625 0.123046875 0.5546875 0.123046875
36 0.5654296875 0.107421875 0.5673828125 0.107421875 0.5673828125 0.1171875 0.5654296875 0.1171875
2 0.56884765625 0.107421875 0.57763671875 0.107421875 0.57763671875 0.123046875 0.56884765625 0.123046875
3 0.5791015625 0.107421875 0.587890625 0.107421875 0.587890625 0.12369791666666667 0.5791015625 0.12369791666666667
7 0.439453125 0.126953125 0.44580078125 0.126953125 0.44580078125 0.14322916666666666 0.439453125 0.14322916666666666
3 0.4482421875 0.126953125 0.45458984375 0.126953125 0.45458984375 0.14322916666666666 0.4482421875 0.14322916666666666
2 0.4560546875 0.126953125 0.46240234375 0.126953125 0.46240234375 0.14322916666666666 0.4560546875 0.14322916666666666
1 0.4638671875 0.126953125 0.4677734375 0.126953125 0.4677734375 0.14322916666666666 0.4638671875 0.14322916666666666
2 0.47021484375 0.126953125 0.4765625 0.126953125 0.4765625 0.14322916666666666 0.47021484375 0.14322916666666666
0 0.478515625 0.126953125 0.4873046875 0.126953125 0.4873046875 0.142578125 0.478515625 0.142578125
5 0.48974609375 0.126953125 0.49609375 0.126953125 0.49609375 0.14322916666666666 0.48974609375 0.14322916666666666
3 0.498046875 0.126953125 0.5068359375 0.126953125 0.5068359375 0.142578125 0.498046875 0.142578125
31 0.50927734375 0.126953125 0.51806640625 0.126953125 0.51806640625 0.142578125 0.50927734375 0.142578125
13 0.52001953125 0.126953125 0.52880859375 0.126953125 0.52880859375 0.142578125 0.52001953125 0.142578125
