0 0.439453125 0.107421875 0.4482421875 0.107421875 0.4482421875 0.12369791666666667 0.439453125 0.12369791666666667
4 0.44970703125 0.107421875 0.45849609375 0.107421875 0.45849609375 0.123046875 0.44970703125 0.123046875
37 0.4599609375 0.107421875 0.46875 0.107421875 0.46875 0.119140625 0.4599609375 0.119140625
0 0.47021484375 0.107421875 0.47900390625 0.107421875 0.47900390625 0.123046875 0.47021484375 0.123046875
2 0.48046875 0.107421875 0.48681640625 0.107421875 0.48681640625 0.12369791666666667 0.48046875 0.12369791666666667
37 0.48828125 0.107421875 0.4970703125 0.107421875 0.4970703125 0.119140625 0.48828125 0.119140625
2 0.49853515625 0.107421875 0.5048828125 0.107421875 0.5048828125 0.12369791666666667 0.49853515625 0.12369791666666667
0 0.50634765625 0.107421875 0.5126953125 0.107421875 0.5126953125 0.12369791666666667 0.50634765625 0.12369791666666667
2 0.51416015625 0.107421875 0.52294921875 0.107421875 0.52294921875 0.123046875 0.51416015625 0.123046875
5 0.5244140625 0.107421875 0.533203125 0.107421875 0.533203125 0.123046875 0.5244140625 0.123046875
1 0.54443359375 0.107421875 0.55029296875 0.107421875 0.55029296875 0.12369791666666667 0.54443359375 0.12369791666666667
6 0.552734375 0.107421875 0.55908203125 0.107421875 0.55908203125 0.12369791666666667 0.552734375 0.12369791666666667
36 0.56103515625 0.107421875 0.56298828125 0.107421875 0.56298828125 0.11783854166666667 0.56103515625 0.11783854166666667
2 0.564453125 0.107421875 0.57080078125 0.107421875 0.57080078125 0.12369791666666667 0.564453125 0.12369791666666667
3 0.572265625 0.107421875 0.5810546875 0.107421875 0.5810546875 0.123046875 0.572265625 0.123046875
5 0.439453125 0.126953125 0.44580078125 0.126953125 0.44580078125 0.14322916666666666 0.439453125 0.14322916666666666
0 0.44775390625 0.126953125 0.45654296875 0.126953125 0.45654296875 0.142578125 0.44775390625 0.142578125
4 0.4580078125 0.126953125 0.46630859375 0.126953125 0.46630859375 0.142578125 0.4580078125 0.142578125
9 0.46826171875 0.126953125 0.47705078125 0.126953125 0.47705078125 0.142578125 0.46826171875 0.142578125
0 0.478515625 0.126953125 0.48486328125 0.126953125 0.48486328125 0.14322916666666666 0.478515625 0.14322916666666666
4 0.4873046875 0.126953125 0.49609375 0.126953125 0.49609375 0.14322916666666666 0.4873046875 0.14322916666666666
5 0.498046875 0.126953125 0.5068359375 0.126953125 0.5068359375 0.14322916666666666 0.498046875 0.14322916666666666
5 0.50830078125 0.126953125 0.51708984375 0.126953125 0.51708984375 0.142578125 0.50830078125 0.142578125
31 0.5185546875 0.126953125 0.52734375 0.126953125 0.52734375 0.142578125 0.5185546875 0.142578125
14 0.52880859375 0.126953125 0.53515625 0.126953125 0.53515625 0.14322916666666666 0.52880859375 0.14322916666666666
