0 0.439453125 0.107421875 0.4482421875 0.107421875 0.4482421875 0.123046875 0.439453125 0.123046875
6 0.44970703125 0.107421875 0.4560546875 0.107421875 0.4560546875 0.12369791666666667 0.44970703125 0.12369791666666667
37 0.45751953125 0.107421875 0.46630859375 0.107421875 0.46630859375 0.119140625 0.45751953125 0.119140625
1 0.4677734375 0.107421875 0.4736328125 0.107421875 0.4736328125 0.12369791666666667 0.4677734375 0.12369791666666667
0 0.47509765625 0.107421875 0.48388671875 0.107421875 0.48388671875 0.123046875 0.47509765625 0.123046875
37 0.4853515625 0.107421875 0.494140625 0.107421875 0.494140625 0.119140625 0.4853515625 0.119140625
2 0.49560546875 0.107421875 0.501953125 0.107421875 0.501953125 0.12369791666666667 0.49560546875 0.12369791666666667
0 0.50341796875 0.107421875 0.509765625 0.107421875 0.509765625 0.12369791666666667 0.50341796875 0.12369791666666667
2 0.51123046875 0.107421875 0.52001953125 0.107421875 0.52001953125 0.123046875 0.51123046875 0.123046875
5 0.521484375 0.107421875 0.5302734375 0.107421875 0.5302734375 0.123046875 0.521484375 0.123046875
1 0.54150390625 0.107421875 0.54736328125 0.107421875 0.54736328125 0.12369791666666667 0.54150390625 0.12369791666666667
6 0.54931640625 0.107421875 0.5556640625 0.107421875 0.5556640625 0.12369791666666667 0.54931640625 0.12369791666666667
36 0.5576171875 0.107421875 0.5615234375 0.107421875 0.5615234375 0.119140625 0.5576171875 0.119140625
2 0.56396484375 0.107421875 0.5703125 0.107421875 0.5703125 0.12369791666666667 0.56396484375 0.12369791666666667
3 0.57177734375 0.107421875 0.578125 0.107421875 0.578125 0.12369791666666667 0.57177734375 0.12369791666666667
8 0.439453125 0.126953125 0.4482421875 0.126953125 0.4482421875 0.142578125 0.439453125 0.142578125
5 0.44970703125 0.126953125 0.45849609375 0.126953125 0.45849609375 0.14322916666666666 0.44970703125 0.14322916666666666
7 0.46044921875 0.126953125 0.46923828125 0.126953125 0.46923828125 0.142578125 0.46044921875 0.142578125
2 0.470703125 0.126953125 0.4794921875 0.126953125 0.4794921875 0.142578125 0.470703125 0.142578125
7 0.48095703125 0.126953125 0.48974609375 0.126953125 0.48974609375 0.142578125 0.48095703125 0.142578125
8 0.4912109375 0.126953125 0.5 0.126953125 0.5 0.142578125 0.4912109375 0.142578125
0 0.50244140625 0.126953125 0.51123046875 0.126953125 0.51123046875 0.142578125 0.50244140625 0.142578125
2 0.51318359375 0.126953125 0.52197265625 0.126953125 0.52197265625 0.142578125 0.51318359375 0.142578125
30 0.52392578125 0.126953125 0.53271484375 0.126953125 0.53271484375 0.142578125 0.52392578125 0.142578125
10 0.5341796875 0.126953125 0.54052734375 0.126953125 0.54052734375 0.14322916666666666 0.5341796875 0.14322916666666666
