2 0.439453125 0.107421875 0.4482421875 0.107421875 0.4482421875 0.123046875 0.439453125 0.123046875
3 0.44970703125 0.107421875 0.45849609375 0.107421875 0.45849609375 0.123046875 0.44970703125 0.123046875
37 0.4599609375 0.107421875 0.46875 0.107421875 0.46875 0.119140625 0.4599609375 0.119140625
0 0.47021484375 0.107421875 0.47900390625 0.107421875 0.47900390625 0.12369791666666667 0.47021484375 0.12369791666666667
8 0.48046875 0.107421875 0.4892578125 0.107421875 0.4892578125 0.123046875 0.48046875 0.123046875
37 0.49072265625 0.107421875 0.49951171875 0.107421875 0.49951171875 0.119140625 0.49072265625 0.119140625
2 0.5009765625 0.107421875 0.509765625 0.107421875 0.509765625 0.123046875 0.5009765625 0.123046875
0 0.51123046875 0.107421875 0.52001953125 0.107421875 0.52001953125 0.123046875 0.51123046875 0.123046875
2 0.521484375 0.107421875 0.5302734375 0.107421875 0.5302734375 0.123046875 0.521484375 0.123046875
5 0.53173828125 0.107421875 0.5380859375 0.107421875 0.5380859375 0.12369791666666667 0.53173828125 0.12369791666666667
1 0.54931640625 0.107421875 0.55517578125 0.107421875 0.55517578125 0.123046875 0.54931640625 0.123046875
6 0.55712890625 0.107421875 0.5634765625 0.107421875 0.5634765625 0.12369791666666667 0.55712890625 0.12369791666666667
36 0.56494140625 0.107421875 0.56884765625 0.107421875 0.56884765625 0.119140625 0.56494140625 0.119140625
2 0.5712890625 0.107421875 0.580078125 0.107421875 0.580078125 0.123046875 0.5712890625 0.123046875
3 0.58154296875 0.107421875 0.59033203125 0.107421875 0.59033203125 0.123046875 0.58154296875 0.123046875
4 0.439453125 0.126953125 0.4482421875 0.126953125 0.4482421875 0.142578125 0.439453125 0.142578125
3 0.44970703125 0.126953125 0.4560546875 0.126953125 0.4560546875 0.14322916666666666 0.44970703125 0.14322916666666666
5 0.4580078125 0.126953125 0.46435546875 0.126953125 0.46435546875 0.14322916666666666 0.4580078125 0.14322916666666666
2 0.46630859375 0.126953125 0.47265625 0.126953125 0.47265625 0.14322916666666666 0.46630859375 0.14322916666666666
2 0.47412109375 0.126953125 0.48291015625 0.126953125 0.48291015625 0.142578125 0.47412109375 0.142578125
6 0.4853515625 0.126953125 0.49169921875 0.126953125 0.49169921875 0.14322916666666666 0.4853515625 0.14322916666666666
7 0.49365234375 0.126953125 0.5 0.126953125 0.5 0.14322916666666666 0.49365234375 0.14322916666666666
4 0.50146484375 0.126953125 0.5078125 0.126953125 0.5078125 0.14322916666666666 0.50146484375 0.14322916666666666
30 0.509765625 0.126953125 0.51611328125 0.126953125 0.51611328125 0.14322916666666666 0.509765625 0.14322916666666666
24 0.5185546875 0.126953125 0.52734375 0.126953125 0.52734375 0.142578125 0.5185546875 0.142578125
