1 0.439453125 0.107421875 0.4453125 0.107421875 0.4453125 0.123046875 0.439453125 0.123046875
6 0.44677734375 0.107421875 0.45556640625 0.107421875 0.45556640625 0.123046875 0.44677734375 0.123046875
37 0.45703125 0.107421875 0.4658203125 0.107421875 0.4658203125 0.119140625 0.45703125 0.119140625
0 0.46728515625 0.107421875 0.47607421875 0.107421875 0.47607421875 0.12369791666666667 0.46728515625 0.12369791666666667
9 0.4775390625 0.107421875 0.48388671875 0.107421875 0.48388671875 0.12369791666666667 0.4775390625 0.12369791666666667
37 0.4853515625 0.107421875 0.494140625 0.107421875 0.494140625 0.119140625 0.4853515625 0.119140625
2 0.49560546875 0.107421875 0.50439453125 0.107421875 0.50439453125 0.123046875 0.49560546875 0.123046875
0 0.505859375 0.107421875 0.51220703125 0.107421875 0.51220703125 0.12369791666666667 0.505859375 0.12369791666666667
2 0.513671875 0.107421875 0.5224609375 0.107421875 0.5224609375 0.123046875 0.513671875 0.123046875
5 0.52392578125 0.107421875 0.53271484375 0.107421875 0.53271484375 0.12369791666666667 0.52392578125 0.12369791666666667
1 0.5439453125 0.107421875 0.5498046875 0.107421875 0.5498046875 0.123046875 0.5439453125 0.123046875
6 0.55126953125 0.107421875 0.5576171875 0.107421875 0.5576171875 0.12369791666666667 0.55126953125 0.12369791666666667
36 0.56005859375 0.107421875 0.56396484375 0.107421875 0.56396484375 0.119140625 0.56005859375 0.119140625
2 0.5654296875 0.107421875 0.57421875 0.107421875 0.57421875 0.123046875 0.5654296875 0.123046875
3 0.57568359375 0.107421875 0.58447265625 0.107421875 0.58447265625 0.123046875 0.57568359375 0.123046875
9 0.439453125 0.126953125 0.4482421875 0.126953125 0.4482421875 0.142578125 0.439453125 0.142578125
9 0.44970703125 0.126953125 0.4560546875 0.126953125 0.4560546875 0.14322916666666666 0.44970703125 0.14322916666666666
8 0.4580078125 0.126953125 0.466796875 0.126953125 0.466796875 0.14322916666666666 0.4580078125 0.14322916666666666
3 0.46875 0.126953125 0.4775390625 0.126953125 0.4775390625 0.142578125 0.46875 0.142578125
4 0.47900390625 0.126953125 0.48779296875 0.126953125 0.48779296875 0.142578125 0.47900390625 0.142578125
5 0.4892578125 0.126953125 0.498046875 0.126953125 0.498046875 0.142578125 0.4892578125 0.142578125
6 0.49951171875 0.126953125 0.50830078125 0.126953125 0.50830078125 0.142578125 0.49951171875 0.142578125
4 0.509765625 0.126953125 0.5185546875 0.126953125 0.5185546875 0.142578125 0.509765625 0.142578125
11 0.5205078125 0.126953125 0.52685546875 0.126953125 0.52685546875 0.14322916666666666 0.5205078125 0.14322916666666666
19 0.5283203125 0.126953125 0.537109375 0.126953125 0.537109375 0.142578125 0.5283203125 0.142578125
