0 0.439453125 0.107421875 0.44580078125 0.107421875 0.44580078125 0.12369791666666667 0.439453125 0.12369791666666667
6 0.447265625 0.107421875 0.4560546875 0.107421875 0.4560546875 0.123046875 0.447265625 0.123046875
37 0.45751953125 0.107421875 0.46630859375 0.107421875 0.46630859375 0.119140625 0.45751953125 0.119140625
0 0.4677734375 0.107421875 0.4765625 0.107421875 0.4765625 0.123046875 0.4677734375 0.123046875
1 0.47802734375 0.107421875 0.48388671875 0.107421875 0.48388671875 0.123046875 0.47802734375 0.123046875
37 0.4853515625 0.107421875 0.494140625 0.107421875 0.494140625 0.119140625 0.4853515625 0.119140625
2 0.49560546875 0.107421875 0.50439453125 0.107421875 0.50439453125 0.123046875 0.49560546875 0.123046875
0 0.505859375 0.107421875 0.51220703125 0.107421875 0.51220703125 0.12369791666666667 0.505859375 0.12369791666666667
2 0.513671875 0.107421875 0.5224609375 0.107421875 0.5224609375 0.12369791666666667 0.513671875 0.12369791666666667
5 0.52392578125 0.107421875 0.53271484375 0.107421875 0.53271484375 0.123046875 0.52392578125 0.123046875
1 0.5439453125 0.107421875 0.5498046875 0.107421875 0.5498046875 0.123046875 0.5439453125 0.123046875
6 0.55126953125 0.107421875 0.56005859375 0.107421875 0.56005859375 0.123046875 0.55126953125 0.123046875
36 0.5615234375 0.107421875 0.5654296875 0.107421875 0.5654296875 0.119140625 0.5615234375 0.119140625
2 0.56689453125 0.107421875 0.57568359375 0.107421875 0.57568359375 0.123046875 0.56689453125 0.123046875
2 0.578125 0.107421875 0.5869140625 0.107421875 0.5869140625 0.12369791666666667 0.578125 0.12369791666666667
3 0.439453125 0.126953125 0.4482421875 0.126953125 0.4482421875 0.142578125 0.439453125 0.142578125
1 0.45068359375 0.126953125 0.45458984375 0.126953125 0.45458984375 0.14322916666666666 0.45068359375 0.14322916666666666
8 0.45703125 0.126953125 0.4658203125 0.126953125 0.4658203125 0.14322916666666666 0.45703125 0.14322916666666666
3 0.4677734375 0.126953125 0.47412109375 0.126953125 0.47412109375 0.14322916666666666 0.4677734375 0.14322916666666666
0 0.4755859375 0.126953125 0.484375 0.126953125 0.484375 0.142578125 0.4755859375 0.142578125
7 0.48583984375 0.126953125 0.49462890625 0.126953125 0.49462890625 0.142578125 0.48583984375 0.142578125
7 0.49609375 0.126953125 0.50244140625 0.126953125 0.50244140625 0.14322916666666666 0.49609375 0.14322916666666666
6 0.5048828125 0.126953125 0.51123046875 0.126953125 0.51123046875 0.14322916666666666 0.5048828125 0.14322916666666666
20 0.51318359375 0.126953125 0.52197265625 0.126953125 0.52197265625 0.142578125 0.51318359375 0.142578125
11 0.5234375 0.126953125 0.52978515625 0.126953125 0.52978515625 0.14322916666666666 0.5234375 0.14322916666666666
