1 0.439453125 0.107421875 0.4453125 0.107421875 0.4453125 0.12369791666666667 0.439453125 0.12369791666666667
2 0.44677734375 0.107421875 0.453125 0.107421875 0.453125 0.12369791666666667 0.44677734375 0.12369791666666667
37 0.45458984375 0.107421875 0.46337890625 0.107421875 0.46337890625 0.119140625 0.45458984375 0.119140625
0 0.46484375 0.107421875 0.4736328125 0.107421875 0.4736328125 0.123046875 0.46484375 0.123046875
2 0.47509765625 0.107421875 0.48388671875 0.107421875 0.48388671875 0.12369791666666667 0.47509765625 0.12369791666666667
37 0.4853515625 0.107421875 0.494140625 0.107421875 0.494140625 0.119140625 0.4853515625 0.119140625
2 0.49560546875 0.107421875 0.50439453125 0.107421875 0.50439453125 0.123046875 0.49560546875 0.123046875
0 0.505859375 0.107421875 0.5146484375 0.107421875 0.5146484375 0.123046875 0.505859375 0.123046875
2 0.51611328125 0.107421875 0.52490234375 0.107421875 0.52490234375 0.123046875 0.51611328125 0.123046875
5 0.5263671875 0.107421875 0.53271484375 0.107421875 0.53271484375 0.12369791666666667 0.5263671875 0.12369791666666667
1 0.5439453125 0.107421875 0.54833984375 0.107421875 0.54833984375 0.12369791666666667 0.5439453125 0.12369791666666667
6 0.55029296875 0.107421875 0.55908203125 0.107421875 0.55908203125 0.123046875 0.55029296875 0.123046875
36 0.560546875 0.107421875 0.5625 0.107421875 0.5625 0.11783854166666667 0.560546875 0.11783854166666667
2 0.56396484375 0.107421875 0.57275390625 0.107421875 0.57275390625 0.123046875 0.56396484375 0.123046875
2 0.57421875 0.107421875 0.5830078125 0.107421875 0.5830078125 0.12369791666666667 0.57421875 0.12369791666666667
8 0.439453125 0.126953125 0.44580078125 0.126953125 0.44580078125 0.14322916666666666 0.439453125 0.14322916666666666
8 0.44775390625 0.126953125 0.45654296875 0.126953125 0.45654296875 0.142578125 0.44775390625 0.142578125
8 0.458984375 0.126953125 0.46533203125 0.126953125 0.46533203125 0.14322916666666666 0.458984375 0.14322916666666666
1 0.466796875 0.126953125 0.470703125 0.126953125 0.470703125 0.14322916666666666 0.466796875 0.14322916666666666
3 0.47265625 0.126953125 0.4814453125 0.126953125 0.4814453125 0.14322916666666666 0.47265625 0.14322916666666666
2 0.48291015625 0.126953125 0.49169921875 0.126953125 0.49169921875 0.142578125 0.48291015625 0.142578125
5 0.49365234375 0.126953125 0.5 0.126953125 0.5 0.14322916666666666 0.49365234375 0.14322916666666666
7 0.50146484375 0.126953125 0.5078125 0.126953125 0.5078125 0.14322916666666666 0.50146484375 0.14322916666666666
28 0.509765625 0.126953125 0.5185546875 0.126953125 0.5185546875 0.142578125 0.509765625 0.142578125
22 0.52099609375 0.126953125 0.52978515625 0.126953125 0.52978515625 0.142578125 0.52099609375 0.142578125
