1 0.439453125 0.107421875 0.4453125 0.107421875 0.4453125 0.123046875 0.439453125 0.123046875
6 0.44677734375 0.107421875 0.45556640625 0.107421875 0.45556640625 0.123046875 0.44677734375 0.123046875
37 0.45703125 0.107421875 0.4658203125 0.107421875 0.4658203125 0.119140625 0.45703125 0.119140625
0 0.46728515625 0.107421875 0.47607421875 0.107421875 0.47607421875 0.123046875 0.46728515625 0.123046875
2 0.4775390625 0.107421875 0.48388671875 0.107421875 0.48388671875 0.12369791666666667 0.4775390625 0.12369791666666667
37 0.4853515625 0.107421875 0.494140625 0.107421875 0.494140625 0.119140625 0.4853515625 0.119140625
2 0.49560546875 0.107421875 0.50439453125 0.107421875 0.50439453125 0.123046875 0.49560546875 0.123046875
0 0.505859375 0.107421875 0.5146484375 0.107421875 0.5146484375 0.123046875 0.505859375 0.123046875
2 0.51611328125 0.107421875 0.52490234375 0.107421875 0.52490234375 0.123046875 0.51611328125 0.123046875
5 0.5263671875 0.107421875 0.53515625 0.107421875 0.53515625 0.123046875 0.5263671875 0.123046875
1 0.54638671875 0.107421875 0.55078125 0.107421875 0.55078125 0.12369791666666667 0.54638671875 0.12369791666666667
6 0.55224609375 0.107421875 0.56103515625 0.107421875 0.56103515625 0.123046875 0.55224609375 0.123046875
36 0.5625 0.107421875 0.56640625 0.107421875 0.56640625 0.119140625 0.5625 0.119140625
2 0.56884765625 0.107421875 0.57763671875 0.107421875 0.57763671875 0.123046875 0.56884765625 0.123046875
3 0.5791015625 0.107421875 0.58544921875 0.107421875 0.58544921875 0.12369791666666667 0.5791015625 0.12369791666666667
8 0.439453125 0.126953125 0.4482421875 0.126953125 0.4482421875 0.142578125 0.439453125 0.142578125
2 0.44970703125 0.126953125 0.45849609375 0.126953125 0.45849609375 0.142578125 0.44970703125 0.142578125
2 0.46044921875 0.126953125 0.46923828125 0.126953125 0.46923828125 0.14322916666666666 0.46044921875 0.14322916666666666
0 0.4716796875 0.126953125 0.48046875 0.126953125 0.48046875 0.142578125 0.4716796875 0.142578125
6 0.48291015625 0.126953125 0.4892578125 0.126953125 0.4892578125 0.14322916666666666 0.48291015625 0.14322916666666666
1 0.49169921875 0.126953125 0.49560546875 0.126953125 0.49560546875 0.14322916666666666 0.49169921875 0.14322916666666666
3 0.49755859375 0.126953125 0.50634765625 0.126953125 0.50634765625 0.14322916666666666 0.49755859375 0.14322916666666666
1 0.5078125 0.126953125 0.513671875 0.126953125 0.513671875 0.14322916666666666 0.5078125 0.14322916666666666
15 0.51513671875 0.126953125 0.52392578125 0.126953125 0.52392578125 0.142578125 0.51513671875 0.142578125
19 0.52587890625 0.126953125 0.53466796875 0.126953125 0.53466796875 0.142578125 0.52587890625 0.142578125
