1 0.439453125 0.107421875 0.44384765625 0.107421875 0.44384765625 0.12369791666666667 0.439453125 0.12369791666666667
2 0.4453125 0.107421875 0.4541015625 0.107421875 0.4541015625 0.123046875 0.4453125 0.123046875
37 0.45556640625 0.107421875 0.46435546875 0.107421875 0.46435546875 0.119140625 0.45556640625 0.119140625
0 0.4658203125 0.107421875 0.474609375 0.107421875 0.474609375 0.123046875 0.4658203125 0.123046875
8 0.47607421875 0.107421875 0.48486328125 0.107421875 0.48486328125 0.123046875 0.47607421875 0.123046875
37 0.486328125 0.107421875 0.4951171875 0.107421875 0.4951171875 0.119140625 0.486328125 0.119140625
2 0.49658203125 0.107421875 0.50537109375 0.107421875 0.50537109375 0.123046875 0.49658203125 0.123046875
0 0.5068359375 0.107421875 0.51318359375 0.107421875 0.51318359375 0.12369791666666667 0.5068359375 0.12369791666666667
2 0.5146484375 0.107421875 0.5234375 0.107421875 0.5234375 0.12369791666666667 0.5146484375 0.12369791666666667
5 0.52490234375 0.107421875 0.53369140625 0.107421875 0.53369140625 0.123046875 0.52490234375 0.123046875
1 0.544921875 0.107421875 0.548828125 0.107421875 0.548828125 0.12369791666666667 0.544921875 0.12369791666666667
6 0.55078125 0.107421875 0.55712890625 0.107421875 0.55712890625 0.12369791666666667 0.55078125 0.12369791666666667
36 0.55908203125 0.107421875 0.56298828125 0.107421875 0.56298828125 0.119140625 0.55908203125 0.119140625
2 0.564453125 0.107421875 0.5732421875 0.107421875 0.5732421875 0.123046875 0.564453125 0.123046875
3 0.5751953125 0.107421875 0.583984375 0.107421875 0.583984375 0.123046875 0.5751953125 0.123046875
6 0.439453125 0.126953125 0.44580078125 0.126953125 0.44580078125 0.14322916666666666 0.439453125 0.14322916666666666
3 0.447265625 0.126953125 0.4560546875 0.126953125 0.4560546875 0.14322916666666666 0.447265625 0.14322916666666666
8 0.45849609375 0.126953125 0.46728515625 0.126953125 0.46728515625 0.142578125 0.45849609375 0.142578125
2 0.4697265625 0.126953125 0.47607421875 0.126953125 0.47607421875 0.14322916666666666 0.4697265625 0.14322916666666666
1 0.47802734375 0.126953125 0.4833984375 0.126953125 0.4833984375 0.14322916666666666 0.47802734375 0.14322916666666666
3 0.4853515625 0.126953125 0.494140625 0.126953125 0.494140625 0.14322916666666666 0.4853515625 0.14322916666666666
6 0.49560546875 0.126953125 0.501953125 0.126953125 0.501953125 0.14322916666666666 0.49560546875 0.14322916666666666
6 0.50341796875 0.126953125 0.51220703125 0.126953125 0.51220703125 0.142578125 0.50341796875 0.142578125
33 0.51416015625 0.126953125 0.5205078125 0.126953125 0.5205078125 0.14322916666666666 0.51416015625 0.14322916666666666
29 0.52197265625 0.126953125 0.5283203125 0.126953125 0.5283203125 0.14322916666666666 0.52197265625 0.14322916666666666
