2 0.439453125 0.107421875 0.4482421875 0.107421875 0.4482421875 0.123046875 0.439453125 0.123046875
4 0.44970703125 0.107421875 0.4560546875 0.107421875 0.4560546875 0.12369791666666667 0.44970703125 0.12369791666666667
37 0.45751953125 0.107421875 0.46630859375 0.107421875 0.46630859375 0.119140625 0.45751953125 0.119140625
0 0.4677734375 0.107421875 0.4765625 0.107421875 0.4765625 0.123046875 0.4677734375 0.123046875
7 0.47802734375 0.107421875 0.484375 0.107421875 0.484375 0.12369791666666667 0.47802734375 0.12369791666666667
37 0.48583984375 0.107421875 0.49462890625 0.107421875 0.49462890625 0.119140625 0.48583984375 0.119140625
2 0.49609375 0.107421875 0.50244140625 0.107421875 0.50244140625 0.12369791666666667 0.49609375 0.12369791666666667
0 0.50390625 0.107421875 0.5126953125 0.107421875 0.5126953125 0.12369791666666667 0.50390625 0.12369791666666667
2 0.51416015625 0.107421875 0.52294921875 0.107421875 0.52294921875 0.123046875 0.51416015625 0.123046875
5 0.5244140625 0.107421875 0.533203125 0.107421875 0.533203125 0.123046875 0.5244140625 0.123046875
1 0.54443359375 0.107421875 0.54833984375 0.107421875 0.54833984375 0.12369791666666667 0.54443359375 0.12369791666666667
6 0.5498046875 0.107421875 0.55859375 0.107421875 0.55859375 0.123046875 0.5498046875 0.123046875
36 0.56103515625 0.107421875 0.56494140625 0.107421875 0.56494140625 0.119140625 0.56103515625 0.119140625
2 0.5673828125 0.107421875 0.576171875 0.107421875 0.576171875 0.123046875 0.5673828125 0.123046875
2 0.578125 0.107421875 0.58447265625 0.107421875 0.58447265625 0.12369791666666667 0.578125 0.12369791666666667
7 0.439453125 0.126953125 0.44580078125 0.126953125 0.44580078125 0.14322916666666666 0.439453125 0.14322916666666666
9 0.447265625 0.126953125 0.45361328125 0.126953125 0.45361328125 0.14322916666666666 0.447265625 0.14322916666666666
0 0.455078125 0.126953125 0.4638671875 0.126953125 0.4638671875 0.142578125 0.455078125 0.142578125
8 0.46630859375 0.126953125 0.47265625 0.126953125 0.47265625 0.14322916666666666 0.46630859375 0.14322916666666666
4 0.47509765625 0.126953125 0.48388671875 0.126953125 0.48388671875 0.142578125 0.47509765625 0.142578125
2 0.486328125 0.126953125 0.49267578125 0.126953125 0.49267578125 0.14322916666666666 0.486328125 0.14322916666666666
3 0.494140625 0.126953125 0.5029296875 0.126953125 0.5029296875 0.142578125 0.494140625 0.142578125
1 0.50439453125 0.126953125 0.51025390625 0.126953125 0.51025390625 0.142578125 0.50439453125 0.142578125
10 0.5126953125 0.126953125 0.521484375 0.126953125 0.521484375 0.142578125 0.5126953125 0.142578125
25 0.5234375 0.126953125 0.5322265625 0.126953125 0.5322265625 0.142578125 0.5234375 0.142578125
