2 0.439453125 0.107421875 0.4482421875 0.107421875 0.4482421875 0.123046875 0.439453125 0.123046875
9 0.44970703125 0.107421875 0.4560546875 0.107421875 0.4560546875 0.12369791666666667 0.44970703125 0.12369791666666667
37 0.45751953125 0.107421875 0.46630859375 0.107421875 0.46630859375 0.119140625 0.45751953125 0.119140625
1 0.4677734375 0.107421875 0.4736328125 0.107421875 0.4736328125 0.123046875 0.4677734375 0.123046875
2 0.47509765625 0.107421875 0.48388671875 0.107421875 0.48388671875 0.123046875 0.47509765625 0.123046875
37 0.4853515625 0.107421875 0.494140625 0.107421875 0.494140625 0.119140625 0.4853515625 0.119140625
2 0.49560546875 0.107421875 0.50439453125 0.107421875 0.50439453125 0.123046875 0.49560546875 0.123046875
0 0.505859375 0.107421875 0.5146484375 0.107421875 0.5146484375 0.123046875 0.505859375 0.123046875
2 0.51611328125 0.107421875 0.5224609375 0.107421875 0.5224609375 0.12369791666666667 0.51611328125 0.12369791666666667
4 0.52392578125 0.107421875 0.5302734375 0.107421875 0.5302734375 0.12369791666666667 0.52392578125 0.12369791666666667
1 0.54150390625 0.107421875 0.54736328125 0.107421875 0.54736328125 0.123046875 0.54150390625 0.123046875
6 0.54931640625 0.107421875 0.5556640625 0.107421875 0.5556640625 0.12369791666666667 0.54931640625 0.12369791666666667
36 0.55712890625 0.107421875 0.56103515625 0.107421875 0.56103515625 0.119140625 0.55712890625 0.119140625
2 0.56298828125 0.107421875 0.5693359375 0.107421875 0.5693359375 0.12369791666666667 0.56298828125 0.12369791666666667
3 0.57177734375 0.107421875 0.58056640625 0.107421875 0.58056640625 0.123046875 0.57177734375 0.123046875
7 0.439453125 0.126953125 0.4482421875 0.126953125 0.4482421875 0.142578125 0.439453125 0.142578125
0 0.4501953125 0.126953125 0.458984375 0.126953125 0.458984375 0.142578125 0.4501953125 0.142578125
7 0.4609375 0.126953125 0.4697265625 0.126953125 0.4697265625 0.14322916666666666 0.4609375 0.14322916666666666
4 0.47216796875 0.126953125 0.48095703125 0.126953125 0.48095703125 0.142578125 0.47216796875 0.142578125
6 0.4833984375 0.126953125 0.48876953125 0.126953125 0.48876953125 0.14322916666666666 0.4833984375 0.14322916666666666
8 0.490234375 0.126953125 0.4990234375 0.126953125 0.4990234375 0.142578125 0.490234375 0.142578125
4 0.5009765625 0.126953125 0.509765625 0.126953125 0.509765625 0.142578125 0.5009765625 0.142578125
6 0.51171875 0.126953125 0.51806640625 0.126953125 0.51806640625 0.14322916666666666 0.51171875 0.14322916666666666
19 0.5205078125 0.126953125 0.52685546875 0.126953125 0.52685546875 0.14322916666666666 0.5205078125 0.14322916666666666
28 0.5283203125 0.126953125 0.537109375 0.126953125 0.537109375 0.14322916666666666 0.5283203125 0.14322916666666666
