0 0.439453125 0.107421875 0.44580078125 0.107421875 0.44580078125 0.12369791666666667 0.439453125 0.12369791666666667
1 0.447265625 0.107421875 0.451171875 0.107421875 0.451171875 0.12369791666666667 0.447265625 0.12369791666666667
37 0.45263671875 0.107421875 0.46142578125 0.107421875 0.46142578125 0.119140625 0.45263671875 0.119140625
0 0.462890625 0.107421875 0.4716796875 0.107421875 0.4716796875 0.12369791666666667 0.462890625 0.12369791666666667
6 0.47314453125 0.107421875 0.48193359375 0.107421875 0.48193359375 0.123046875 0.47314453125 0.123046875
37 0.4833984375 0.107421875 0.4921875 0.107421875 0.4921875 0.119140625 0.4833984375 0.119140625
2 0.49365234375 0.107421875 0.50244140625 0.107421875 0.50244140625 0.12369791666666667 0.49365234375 0.12369791666666667
0 0.50390625 0.107421875 0.51025390625 0.107421875 0.51025390625 0.12369791666666667 0.50390625 0.12369791666666667
2 0.51171875 0.107421875 0.5205078125 0.107421875 0.5205078125 0.123046875 0.51171875 0.123046875
5 0.52197265625 0.107421875 0.5283203125 0.107421875 0.5283203125 0.12369791666666667 0.52197265625 0.12369791666666667
1 0.53955078125 0.107421875 0.54345703125 0.107421875 0.54345703125 0.12369791666666667 0.53955078125 0.12369791666666667
6 0.5458984375 0.107421875 0.55224609375 0.107421875 0.55224609375 0.12369791666666667 0.5458984375 0.12369791666666667
36 0.5537109375 0.107421875 0.5576171875 0.107421875 0.5576171875 0.119140625 0.5537109375 0.119140625
2 0.55908203125 0.107421875 0.56787109375 0.107421875 0.56787109375 0.123046875 0.55908203125 0.123046875
3 0.5703125 0.107421875 0.57666015625 0.107421875 0.57666015625 0.12369791666666667 0.5703125 0.12369791666666667
3 0.439453125 0.126953125 0.4482421875 0.126953125 0.4482421875 0.142578125 0.439453125 0.142578125
5 0.44970703125 0.126953125 0.4560546875 0.126953125 0.4560546875 0.14322916666666666 0.44970703125 0.14322916666666666
4 0.45849609375 0.126953125 0.46484375 0.126953125 0.46484375 0.14322916666666666 0.45849609375 0.14322916666666666
2 0.46728515625 0.126953125 0.47607421875 0.126953125 0.47607421875 0.142578125 0.46728515625 0.142578125
7 0.47802734375 0.126953125 0.484375 0.126953125 0.484375 0.14322916666666666 0.47802734375 0.14322916666666666
0 0.486328125 0.126953125 0.4951171875 0.126953125 0.4951171875 0.142578125 0.486328125 0.142578125
2 0.4970703125 0.126953125 0.505859375 0.126953125 0.505859375 0.142578125 0.4970703125 0.142578125
2 0.5078125 0.126953125 0.5166015625 0.126953125 0.5166015625 0.142578125 0.5078125 0.142578125
32 0.51806640625 0.126953125 0.52685546875 0.126953125 0.52685546875 0.142578125 0.51806640625 0.142578125
16 0.52880859375 0.126953125 0.53759765625 0.126953125 0.53759765625 0.142578125 0.52880859375 0.142578125
