2 0.439453125 0.107421875 0.4482421875 0.107421875 0.4482421875 0.123046875 0.439453125 0.123046875
8 0.44970703125 0.107421875 0.4560546875 0.107421875 0.4560546875 0.12369791666666667 0.44970703125 0.12369791666666667
37 0.45751953125 0.107421875 0.46630859375 0.107421875 0.46630859375 0.119140625 0.45751953125 0.119140625
0 0.4677734375 0.107421875 0.4765625 0.107421875 0.4765625 0.12369791666666667 0.4677734375 0.12369791666666667
8 0.47802734375 0.107421875 0.48681640625 0.107421875 0.48681640625 0.123046875 0.47802734375 0.123046875
37 0.48828125 0.107421875 0.4970703125 0.107421875 0.4970703125 0.119140625 0.48828125 0.119140625
2 0.49853515625 0.107421875 0.50732421875 0.107421875 0.50732421875 0.123046875 0.49853515625 0.123046875
0 0.5087890625 0.107421875 0.517578125 0.107421875 0.517578125 0.12369791666666667 0.5087890625 0.12369791666666667
2 0.51904296875 0.107421875 0.52783203125 0.107421875 0.52783203125 0.123046875 0.51904296875 0.123046875
5 0.529296875 0.107421875 0.5380859375 0.107421875 0.5380859375 0.123046875 0.529296875 0.123046875
1 0.54931640625 0.107421875 0.55517578125 0.107421875 0.55517578125 0.123046875 0.54931640625 0.123046875
6 0.55712890625 0.107421875 0.5634765625 0.107421875 0.5634765625 0.12369791666666667 0.55712890625 0.12369791666666667
36 0.56591796875 0.107421875 0.56982421875 0.107421875 0.56982421875 0.119140625 0.56591796875 0.119140625
2 0.5712890625 0.107421875 0.57763671875 0.107421875 0.57763671875 0.12369791666666667 0.5712890625 0.12369791666666667
3 0.580078125 0.107421875 0.5888671875 0.107421875 0.5888671875 0.12369791666666667 0.580078125 0.12369791666666667
3 0.439453125 0.126953125 0.4482421875 0.126953125 0.4482421875 0.142578125 0.439453125 0.142578125
7 0.44970703125 0.126953125 0.4560546875 0.126953125 0.4560546875 0.14322916666666666 0.44970703125 0.14322916666666666
0 0.45849609375 0.126953125 0.46484375 0.126953125 0.46484375 0.14322916666666666 0.45849609375 0.14322916666666666
5 0.466796875 0.126953125 0.47314453125 0.126953125 0.47314453125 0.14322916666666666 0.466796875 0.14322916666666666
8 0.474609375 0.126953125 0.4833984375 0.126953125 0.4833984375 0.142578125 0.474609375 0.142578125
2 0.48486328125 0.126953125 0.49365234375 0.126953125 0.49365234375 0.142578125 0.48486328125 0.142578125
2 0.4951171875 0.126953125 0.50390625 0.126953125 0.50390625 0.142578125 0.4951171875 0.142578125
0 0.505859375 0.126953125 0.5146484375 0.126953125 0.5146484375 0.142578125 0.505859375 0.142578125
32 0.51708984375 0.126953125 0.5234375 0.126953125 0.5234375 0.14322916666666666 0.51708984375 0.14322916666666666
33 0.525390625 0.126953125 0.53173828125 0.126953125 0.53173828125 0.14322916666666666 0.525390625 0.14322916666666666
