0 0.439453125 0.107421875 0.4482421875 0.107421875 0.4482421875 0.123046875 0.439453125 0.123046875
9 0.44970703125 0.107421875 0.4560546875 0.107421875 0.4560546875 0.12369791666666667 0.44970703125 0.12369791666666667
37 0.45751953125 0.107421875 0.46630859375 0.107421875 0.46630859375 0.119140625 0.45751953125 0.119140625
0 0.4677734375 0.107421875 0.47412109375 0.107421875 0.47412109375 0.12369791666666667 0.4677734375 0.12369791666666667
4 0.4755859375 0.107421875 0.48193359375 0.107421875 0.48193359375 0.12369791666666667 0.4755859375 0.12369791666666667
37 0.4833984375 0.107421875 0.4921875 0.107421875 0.4921875 0.119140625 0.4833984375 0.119140625
2 0.49365234375 0.107421875 0.50244140625 0.107421875 0.50244140625 0.123046875 0.49365234375 0.123046875
0 0.50390625 0.107421875 0.5126953125 0.107421875 0.5126953125 0.123046875 0.50390625 0.123046875
2 0.51416015625 0.107421875 0.5205078125 0.107421875 0.5205078125 0.12369791666666667 0.51416015625 0.12369791666666667
5 0.52197265625 0.107421875 0.53076171875 0.107421875 0.53076171875 0.123046875 0.52197265625 0.123046875
1 0.5419921875 0.107421875 0.5458984375 0.107421875 0.5458984375 0.12369791666666667 0.5419921875 0.12369791666666667
6 0.54736328125 0.107421875 0.55615234375 0.107421875 0.55615234375 0.123046875 0.54736328125 0.123046875
36 0.55859375 0.107421875 0.5625 0.107421875 0.5625 0.119140625 0.55859375 0.119140625
2 0.564453125 0.107421875 0.5732421875 0.107421875 0.5732421875 0.123046875 0.564453125 0.123046875
3 0.5751953125 0.107421875 0.583984375 0.107421875 0.583984375 0.12369791666666667 0.5751953125 0.12369791666666667
3 0.439453125 0.126953125 0.44580078125 0.126953125 0.44580078125 0.14322916666666666 0.439453125 0.14322916666666666
2 0.4482421875 0.126953125 0.45703125 0.126953125 0.45703125 0.142578125 0.4482421875 0.142578125
5 0.458984375 0.126953125 0.4677734375 0.126953125 0.4677734375 0.142578125 0.458984375 0.142578125
5 0.4697265625 0.126953125 0.478515625 0.126953125 0.478515625 0.142578125 0.4697265625 0.142578125
4 0.47998046875 0.126953125 0.486328125 0.126953125 0.486328125 0.14322916666666666 0.47998046875 0.14322916666666666
7 0.48828125 0.126953125 0.4970703125 0.126953125 0.4970703125 0.142578125 0.48828125 0.142578125
3 0.49853515625 0.126953125 0.5048828125 0.126953125 0.5048828125 0.14322916666666666 0.49853515625 0.14322916666666666
3 0.50634765625 0.126953125 0.51513671875 0.126953125 0.51513671875 0.142578125 0.50634765625 0.142578125
23 0.51708984375 0.126953125 0.52587890625 0.126953125 0.52587890625 0.142578125 0.51708984375 0.142578125
18 0.52783203125 0.126953125 0.53369140625 0.126953125 0.53369140625 0.142578125 0.52783203125 0.142578125
