1 0.439453125 0.107421875 0.443359375 0.107421875 0.443359375 0.12369791666666667 0.439453125 0.12369791666666667
0 0.44482421875 0.107421875 0.45361328125 0.107421875 0.45361328125 0.123046875 0.44482421875 0.123046875
37 0.455078125 0.107421875 0.4638671875 0.107421875 0.4638671875 0.119140625 0.455078125 0.119140625
0 0.46533203125 0.107421875 0.47412109375 0.107421875 0.47412109375 0.123046875 0.46533203125 0.123046875
5 0.4755859375 0.107421875 0.484375 0.107421875 0.484375 0.123046875 0.4755859375 0.123046875
37 0.48583984375 0.107421875 0.49462890625 0.107421875 0.49462890625 0.119140625 0.48583984375 0.119140625
2 0.49609375 0.107421875 0.5048828125 0.107421875 0.5048828125 0.123046875 0.49609375 0.123046875
0 0.50634765625 0.107421875 0.51513671875 0.107421875 0.51513671875 0.12369791666666667 0.50634765625 0.12369791666666667
2 0.5166015625 0.107421875 0.525390625 0.107421875 0.525390625 0.123046875 0.5166015625 0.123046875
5 0.52685546875 0.107421875 0.53564453125 0.107421875 0.53564453125 0.123046875 0.52685546875 0.123046875
1 0.546875 0.107421875 0.552734375 0.107421875 0.552734375 0.123046875 0.546875 0.123046875
6 0.55419921875 0.107421875 0.560546875 0.107421875 0.560546875 0.12369791666666667 0.55419921875 0.12369791666666667
36 0.56201171875 0.107421875 0.56591796875 0.107421875 0.56591796875 0.119140625 0.56201171875 0.119140625
2 0.56787109375 0.107421875 0.57666015625 0.107421875 0.57666015625 0.12369791666666667 0.56787109375 0.12369791666666667
3 0.578125 0.107421875 0.5869140625 0.107421875 0.5869140625 0.123046875 0.578125 0.123046875
9 0.439453125 0.126953125 0.44580078125 0.126953125 0.44580078125 0.14322916666666666 0.439453125 0.14322916666666666
7 0.4482421875 0.126953125 0.45703125 0.126953125 0.45703125 0.142578125 0.4482421875 0.142578125
8 0.458984375 0.126953125 0.46533203125 0.126953125 0.46533203125 0.14322916666666666 0.458984375 0.14322916666666666
9 0.466796875 0.126953125 0.4755859375 0.126953125 0.4755859375 0.14322916666666666 0.466796875 0.14322916666666666
9 0.4775390625 0.126953125 0.48388671875 0.126953125 0.48388671875 0.14322916666666666 0.4775390625 0.14322916666666666
9 0.486328125 0.126953125 0.4951171875 0.126953125 0.4951171875 0.142578125 0.486328125 0.142578125
4 0.4970703125 0.126953125 0.50341796875 0.126953125 0.50341796875 0.142578125 0.4970703125 0.142578125
6 0.5048828125 0.126953125 0.51123046875 0.126953125 0.51123046875 0.14322916666666666 0.5048828125 0.14322916666666666
10 0.513671875 0.126953125 0.52001953125 0.126953125 0.52001953125 0.14322916666666666 0.513671875 0.14322916666666666
34 0.521484375 0.126953125 0.52783203125 0.126953125 0.52783203125 0.14322916666666666 0.521484375 0.14322916666666666
