0 0.439453125 0.107421875 0.44580078125 0.107421875 0.44580078125 0.12369791666666667 0.439453125 0.12369791666666667
1 0.447265625 0.107421875 0.451171875 0.107421875 0.451171875 0.12369791666666667 0.447265625 0.12369791666666667
37 0.45263671875 0.107421875 0.46142578125 0.107421875 0.46142578125 0.119140625 0.45263671875 0.119140625
1 0.462890625 0.107421875 0.46875 0.107421875 0.46875 0.123046875 0.462890625 0.123046875
2 0.47021484375 0.107421875 0.47900390625 0.107421875 0.47900390625 0.123046875 0.47021484375 0.123046875
37 0.48046875 0.107421875 0.4892578125 0.107421875 0.4892578125 0.119140625 0.48046875 0.119140625
2 0.49072265625 0.107421875 0.49951171875 0.107421875 0.49951171875 0.123046875 0.49072265625 0.123046875
0 0.5009765625 0.107421875 0.50732421875 0.107421875 0.50732421875 0.12369791666666667 0.5009765625 0.12369791666666667
2 0.5087890625 0.107421875 0.517578125 0.107421875 0.517578125 0.123046875 0.5087890625 0.123046875
4 0.51904296875 0.107421875 0.525390625 0.107421875 0.525390625 0.12369791666666667 0.51904296875 0.12369791666666667
1 0.53662109375 0.107421875 0.54052734375 0.107421875 0.54052734375 0.12369791666666667 0.53662109375 0.12369791666666667
6 0.54248046875 0.107421875 0.548828125 0.107421875 0.548828125 0.12369791666666667 0.54248046875 0.12369791666666667
36 0.55126953125 0.107421875 0.55322265625 0.107421875 0.55322265625 0.1171875 0.55126953125 0.1171875
2 0.55517578125 0.107421875 0.5615234375 0.107421875 0.5615234375 0.12369791666666667 0.55517578125 0.12369791666666667
3 0.56298828125 0.107421875 0.57177734375 0.107421875 0.57177734375 0.123046875 0.56298828125 0.123046875
4 0.439453125 0.126953125 0.44580078125 0.126953125 0.44580078125 0.14322916666666666 0.439453125 0.14322916666666666
9 0.4482421875 0.126953125 0.45703125 0.126953125 0.45703125 0.14322916666666666 0.4482421875 0.14322916666666666
2 0.45849609375 0.126953125 0.46484375 0.126953125 0.46484375 0.14322916666666666 0.45849609375 0.14322916666666666
3 0.466796875 0.126953125 0.4755859375 0.126953125 0.4755859375 0.142578125 0.466796875 0.142578125
7 0.47705078125 0.126953125 0.4833984375 0.126953125 0.4833984375 0.14322916666666666 0.47705078125 0.14322916666666666
9 0.48486328125 0.126953125 0.49365234375 0.126953125 0.49365234375 0.142578125 0.48486328125 0.142578125
1 0.49609375 0.126953125 0.50146484375 0.126953125 0.50146484375 0.14322916666666666 0.49609375 0.14322916666666666
6 0.50390625 0.126953125 0.51025390625 0.126953125 0.51025390625 0.14322916666666666 0.50390625 0.14322916666666666
16 0.51171875 0.126953125 0.5205078125 0.126953125 0.5205078125 0.142578125 0.51171875 0.142578125
10 0.52294921875 0.126953125 0.53173828125 0.126953125 0.53173828125 0.142578125 0.52294921875 0.142578125
