0 0.439453125 0.107421875 0.4482421875 0.107421875 0.4482421875 0.12369791666666667 0.439453125 0.12369791666666667
5 0.44970703125 0.107421875 0.45849609375 0.107421875 0.45849609375 0.123046875 0.44970703125 0.123046875
37 0.4599609375 0.107421875 0.46875 0.107421875 0.46875 0.119140625 0.4599609375 0.119140625
0 0.47021484375 0.107421875 0.47900390625 0.107421875 0.47900390625 0.123046875 0.47021484375 0.123046875
3 0.48046875 0.107421875 0.4892578125 0.107421875 0.4892578125 0.12369791666666667 0.48046875 0.12369791666666667
37 0.49072265625 0.107421875 0.49951171875 0.107421875 0.49951171875 0.119140625 0.49072265625 0.119140625
2 0.5009765625 0.107421875 0.50732421875 0.107421875 0.50732421875 0.12369791666666667 0.5009765625 0.12369791666666667
0 0.5087890625 0.107421875 0.517578125 0.107421875 0.517578125 0.123046875 0.5087890625 0.123046875
2 0.51904296875 0.107421875 0.52783203125 0.107421875 0.52783203125 0.123046875 0.51904296875 0.123046875
5 0.529296875 0.107421875 0.5380859375 0.107421875 0.5380859375 0.123046875 0.529296875 0.123046875
1 0.54931640625 0.107421875 0.55322265625 0.107421875 0.55322265625 0.12369791666666667 0.54931640625 0.12369791666666667
6 0.5546875 0.107421875 0.56103515625 0.107421875 0.56103515625 0.12369791666666667 0.5546875 0.12369791666666667
36 0.5625 0.107421875 0.56640625 0.107421875 0.56640625 0.119140625 0.5625 0.119140625
2 0.56884765625 0.107421875 0.57763671875 0.107421875 0.57763671875 0.12369791666666667 0.56884765625 0.12369791666666667
3 0.5791015625 0.107421875 0.587890625 0.107421875 0.587890625 0.123046875 0.5791015625 0.123046875
5 0.439453125 0.126953125 0.4482421875 0.126953125 0.4482421875 0.142578125 0.439453125 0.142578125
3 0.45068359375 0.126953125 0.45703125 0.126953125 0.45703125 0.14322916666666666 0.45068359375 0.14322916666666666
6 0.45849609375 0.126953125 0.46484375 0.126953125 0.46484375 0.14322916666666666 0.45849609375 0.14322916666666666
7 0.46728515625 0.126953125 0.4736328125 0.126953125 0.4736328125 0.14322916666666666 0.46728515625 0.14322916666666666
9 0.47607421875 0.126953125 0.48486328125 0.126953125 0.48486328125 0.142578125 0.47607421875 0.142578125
3 0.486328125 0.126953125 0.4951171875 0.126953125 0.4951171875 0.142578125 0.486328125 0.142578125
7 0.49755859375 0.126953125 0.50634765625 0.126953125 0.50634765625 0.142578125 0.49755859375 0.142578125
2 0.50830078125 0.126953125 0.51708984375 0.126953125 0.51708984375 0.142578125 0.50830078125 0.142578125
32 0.5185546875 0.126953125 0.52490234375 0.126953125 0.52490234375 0.14322916666666666 0.5185546875 0.14322916666666666
32 0.5263671875 0.126953125 0.53515625 0.126953125 0.53515625 0.142578125 0.5263671875 0.142578125
