2 0.439453125 0.107421875 0.44580078125 0.107421875 0.44580078125 0.12369791666666667 0.439453125 0.12369791666666667
5 0.447265625 0.107421875 0.45361328125 0.107421875 0.45361328125 0.12369791666666667 0.447265625 0.12369791666666667
37 0.455078125 0.107421875 0.4638671875 0.107421875 0.4638671875 0.119140625 0.455078125 0.119140625
1 0.46533203125 0.107421875 0.46923828125 0.107421875 0.46923828125 0.12369791666666667 0.46533203125 0.12369791666666667
0 0.470703125 0.107421875 0.4794921875 0.107421875 0.4794921875 0.12369791666666667 0.470703125 0.12369791666666667
37 0.48095703125 0.107421875 0.48974609375 0.107421875 0.48974609375 0.119140625 0.48095703125 0.119140625
2 0.4912109375 0.107421875 0.5 0.107421875 0.5 0.123046875 0.4912109375 0.123046875
0 0.50146484375 0.107421875 0.51025390625 0.107421875 0.51025390625 0.123046875 0.50146484375 0.123046875
2 0.51171875 0.107421875 0.5205078125 0.107421875 0.5205078125 0.123046875 0.51171875 0.123046875
5 0.52197265625 0.107421875 0.5283203125 0.107421875 0.5283203125 0.12369791666666667 0.52197265625 0.12369791666666667
1 0.53955078125 0.107421875 0.54345703125 0.107421875 0.54345703125 0.123046875 0.53955078125 0.123046875
6 0.5458984375 0.107421875 0.55224609375 0.107421875 0.55224609375 0.12369791666666667 0.5458984375 0.12369791666666667
36 0.5546875 0.107421875 0.55859375 0.107421875 0.55859375 0.119140625 0.5546875 0.119140625
2 0.56005859375 0.107421875 0.56640625 0.107421875 0.56640625 0.12369791666666667 0.56005859375 0.12369791666666667
3 0.56787109375 0.107421875 0.57666015625 0.107421875 0.57666015625 0.123046875 0.56787109375 0.123046875
3 0.439453125 0.126953125 0.4482421875 0.126953125 0.4482421875 0.142578125 0.439453125 0.142578125
0 0.44970703125 0.126953125 0.45849609375 0.126953125 0.45849609375 0.142578125 0.44970703125 0.142578125
8 0.4609375 0.126953125 0.4697265625 0.126953125 0.4697265625 0.142578125 0.4609375 0.142578125
8 0.47119140625 0.126953125 0.4775390625 0.126953125 0.4775390625 0.14322916666666666 0.47119140625 0.14322916666666666
2 0.47998046875 0.126953125 0.486328125 0.126953125 0.486328125 0.14322916666666666 0.47998046875 0.14322916666666666
3 0.48876953125 0.126953125 0.49755859375 0.126953125 0.49755859375 0.142578125 0.48876953125 0.142578125
9 0.5 0.126953125 0.5087890625 0.126953125 0.5087890625 0.142578125 0.5 0.142578125
0 0.51123046875 0.126953125 0.52001953125 0.126953125 0.52001953125 0.142578125 0.51123046875 0.142578125
31 0.5224609375 0.126953125 0.52880859375 0.126953125 0.52880859375 0.14322916666666666 0.5224609375 0.14322916666666666
19 0.53076171875 0.126953125 0.53955078125 0.126953125 0.53955078125 0.14322916666666666 0.53076171875 0.14322916666666666
