1 0.439453125 0.107421875 0.4453125 0.107421875 0.4453125 0.123046875 0.439453125 0.123046875
8 0.44677734375 0.107421875 0.453125 0.107421875 0.453125 0.12369791666666667 0.44677734375 0.12369791666666667
37 0.45458984375 0.107421875 0.46337890625 0.107421875 0.46337890625 0.119140625 0.45458984375 0.119140625
0 0.46484375 0.107421875 0.4736328125 0.107421875 0.4736328125 0.123046875 0.46484375 0.123046875
5 0.47509765625 0.107421875 0.48388671875 0.107421875 0.48388671875 0.123046875 0.47509765625 0.123046875
37 0.4853515625 0.107421875 0.494140625 0.107421875 0.494140625 0.119140625 0.4853515625 0.119140625
2 0.49560546875 0.107421875 0.50439453125 0.107421875 0.50439453125 0.123046875 0.49560546875 0.123046875
0 0.505859375 0.107421875 0.5146484375 0.107421875 0.5146484375 0.123046875 0.505859375 0.123046875
2 0.51611328125 0.107421875 0.52490234375 0.107421875 0.52490234375 0.123046875 0.51611328125 0.123046875
5 0.5263671875 0.107421875 0.53271484375 0.107421875 0.53271484375 0.12369791666666667 0.5263671875 0.12369791666666667
1 0.5439453125 0.107421875 0.5478515625 0.107421875 0.5478515625 0.12369791666666667 0.5439453125 0.12369791666666667
6 0.54931640625 0.107421875 0.5556640625 0.107421875 0.5556640625 0.12369791666666667 0.54931640625 0.12369791666666667
36 0.55810546875 0.107421875 0.56201171875 0.107421875 0.56201171875 0.119140625 0.55810546875 0.119140625
2 0.564453125 0.107421875 0.5732421875 0.107421875 0.5732421875 0.123046875 0.564453125 0.123046875
3 0.57568359375 0.107421875 0.58447265625 0.107421875 0.58447265625 0.123046875 0.57568359375 0.123046875
1 0.439453125 0.126953125 0.4453125 0.126953125 0.4453125 0.142578125 0.439453125 0.142578125
6 0.44775390625 0.126953125 0.45654296875 0.126953125 0.45654296875 0.142578125 0.44775390625 0.142578125
0 0.45849609375 0.126953125 0.46728515625 0.126953125 0.46728515625 0.142578125 0.45849609375 0.142578125
8 0.46875 0.126953125 0.4775390625 0.126953125 0.4775390625 0.142578125 0.46875 0.142578125
1 0.47900390625 0.126953125 0.4833984375 0.126953125 0.4833984375 0.14322916666666666 0.47900390625 0.14322916666666666
8 0.48486328125 0.126953125 0.49365234375 0.126953125 0.49365234375 0.142578125 0.48486328125 0.142578125
3 0.4951171875 0.126953125 0.50146484375 0.126953125 0.50146484375 0.14322916666666666 0.4951171875 0.14322916666666666
3 0.5029296875 0.126953125 0.50927734375 0.126953125 0.50927734375 0.14322916666666666 0.5029296875 0.14322916666666666
19 0.5107421875 0.126953125 0.51708984375 0.126953125 0.51708984375 0.14322916666666666 0.5107421875 0.14322916666666666
13 0.5185546875 0.126953125 0.52734375 0.126953125 0.52734375 0.142578125 0.5185546875 0.142578125
