0 0.439453125 0.107421875 0.4482421875 0.107421875 0.4482421875 0.123046875 0.439453125 0.123046875
5 0.44970703125 0.107421875 0.4560546875 0.107421875 0.4560546875 0.12369791666666667 0.44970703125 0.12369791666666667
37 0.45751953125 0.107421875 0.46630859375 0.107421875 0.46630859375 0.119140625 0.45751953125 0.119140625
0 0.4677734375 0.107421875 0.4765625 0.107421875 0.4765625 0.123046875 0.4677734375 0.123046875
6 0.47802734375 0.107421875 0.48681640625 0.107421875 0.48681640625 0.12369791666666667 0.47802734375 0.12369791666666667
37 0.48828125 0.107421875 0.4970703125 0.107421875 0.4970703125 0.119140625 0.48828125 0.119140625
2 0.49853515625 0.107421875 0.50732421875 0.107421875 0.50732421875 0.123046875 0.49853515625 0.123046875
0 0.5087890625 0.107421875 0.517578125 0.107421875 0.517578125 0.123046875 0.5087890625 0.123046875
2 0.51904296875 0.107421875 0.52783203125 0.107421875 0.52783203125 0.12369791666666667 0.51904296875 0.12369791666666667
5 0.529296875 0.107421875 0.5380859375 0.107421875 0.5380859375 0.123046875 0.529296875 0.123046875
1 0.54931640625 0.107421875 0.55517578125 0.107421875 0.55517578125 0.123046875 0.54931640625 0.123046875
6 0.55712890625 0.107421875 0.5634765625 0.107421875 0.5634765625 0.12369791666666667 0.55712890625 0.12369791666666667
36 0.56591796875 0.107421875 0.56787109375 0.107421875 0.56787109375 0.1171875 0.56591796875 0.1171875
2 0.5693359375 0.107421875 0.578125 0.107421875 0.578125 0.123046875 0.5693359375 0.123046875
3 0.580078125 0.107421875 0.58642578125 0.107421875 0.58642578125 0.12369791666666667 0.580078125 0.12369791666666667
6 0.439453125 0.126953125 0.44580078125 0.126953125 0.44580078125 0.14322916666666666 0.439453125 0.14322916666666666
6 0.4482421875 0.126953125 0.45703125 0.126953125 0.45703125 0.142578125 0.4482421875 0.142578125
6 0.45947265625 0.126953125 0.4658203125 0.126953125 0.4658203125 0.14322916666666666 0.45947265625 0.14322916666666666
7 0.46728515625 0.126953125 0.47607421875 0.126953125 0.47607421875 0.14322916666666666 0.46728515625 0.14322916666666666
7 0.47802734375 0.126953125 0.48681640625 0.126953125 0.48681640625 0.14322916666666666 0.47802734375 0.14322916666666666
1 0.4892578125 0.126953125 0.4931640625 0.126953125 0.4931640625 0.14322916666666666 0.4892578125 0.14322916666666666
7 0.49462890625 0.126953125 0.5009765625 0.126953125 0.5009765625 0.14322916666666666 0.49462890625 0.14322916666666666
8 0.50341796875 0.126953125 0.509765625 0.126953125 0.509765625 0.14322916666666666 0.50341796875 0.14322916666666666
10 0.51220703125 0.126953125 0.52099609375 0.126953125 0.52099609375 0.14322916666666666 0.51220703125 0.14322916666666666
24 0.5234375 0.126953125 0.5322265625 0.126953125 0.5322265625 0.142578125 0.5234375 0.142578125
