0 0.439453125 0.107421875 0.44580078125 0.107421875 0.44580078125 0.12369791666666667 0.439453125 0.12369791666666667
1 0.447265625 0.107421875 0.451171875 0.107421875 0.451171875 0.12369791666666667 0.447265625 0.12369791666666667
37 0.45263671875 0.107421875 0.46142578125 0.107421875 0.46142578125 0.119140625 0.45263671875 0.119140625
0 0.462890625 0.107421875 0.4716796875 0.107421875 0.4716796875 0.123046875 0.462890625 0.123046875
3 0.47314453125 0.107421875 0.48193359375 0.107421875 0.48193359375 0.12369791666666667 0.47314453125 0.12369791666666667
37 0.4833984375 0.107421875 0.4921875 0.107421875 0.4921875 0.119140625 0.4833984375 0.119140625
2 0.49365234375 0.107421875 0.50244140625 0.107421875 0.50244140625 0.123046875 0.49365234375 0.123046875
0 0.50390625 0.107421875 0.5126953125 0.107421875 0.5126953125 0.123046875 0.50390625 0.123046875
2 0.51416015625 0.107421875 0.5205078125 0.107421875 0.5205078125 0.12369791666666667 0.51416015625 0.12369791666666667
5 0.52197265625 0.107421875 0.5283203125 0.107421875 0.5283203125 0.12369791666666667 0.52197265625 0.12369791666666667
1 0.53955078125 0.107421875 0.5439453125 0.107421875 0.5439453125 0.12369791666666667 0.53955078125 0.12369791666666667
6 0.54541015625 0.107421875 0.55419921875 0.107421875 0.55419921875 0.123046875 0.54541015625 0.123046875
36 0.556640625 0.107421875 0.560546875 0.107421875 0.560546875 0.119140625 0.556640625 0.119140625
2 0.5625 0.107421875 0.5712890625 0.107421875 0.5712890625 0.123046875 0.5625 0.123046875
3 0.57275390625 0.107421875 0.58154296875 0.107421875 0.58154296875 0.123046875 0.57275390625 0.123046875
1 0.439453125 0.126953125 0.443359375 0.126953125 0.443359375 0.14322916666666666 0.439453125 0.14322916666666666
1 0.44580078125 0.126953125 0.44970703125 0.126953125 0.44970703125 0.14322916666666666 0.44580078125 0.14322916666666666
2 0.45166015625 0.126953125 0.46044921875 0.126953125 0.46044921875 0.14322916666666666 0.45166015625 0.14322916666666666
0 0.4619140625 0.126953125 0.46826171875 0.126953125 0.46826171875 0.14322916666666666 0.4619140625 0.14322916666666666
6 0.470703125 0.126953125 0.4794921875 0.126953125 0.4794921875 0.14322916666666666 0.470703125 0.14322916666666666
0 0.48095703125 0.126953125 0.48974609375 0.126953125 0.48974609375 0.142578125 0.48095703125 0.142578125
5 0.4912109375 0.126953125 0.5 0.126953125 0.5 0.142578125 0.4912109375 0.142578125
8 0.50146484375 0.126953125 0.5078125 0.126953125 0.5078125 0.14322916666666666 0.50146484375 0.14322916666666666
15 0.50927734375 0.126953125 0.51806640625 0.126953125 0.51806640625 0.142578125 0.50927734375 0.142578125
32 0.5205078125 0.126953125 0.529296875 0.126953125 0.529296875 0.14322916666666666 0.5205078125 0.14322916666666666
