0 0.439453125 0.107421875 0.4482421875 0.107421875 0.4482421875 0.123046875 0.439453125 0.123046875
7 0.44970703125 0.107421875 0.4560546875 0.107421875 0.4560546875 0.12369791666666667 0.44970703125 0.12369791666666667
37 0.45751953125 0.107421875 0.46630859375 0.107421875 0.46630859375 0.119140625 0.45751953125 0.119140625
0 0.4677734375 0.107421875 0.4765625 0.107421875 0.4765625 0.123046875 0.4677734375 0.123046875
2 0.47802734375 0.107421875 0.484375 0.107421875 0.484375 0.12369791666666667 0.47802734375 0.12369791666666667
37 0.48583984375 0.107421875 0.49462890625 0.107421875 0.49462890625 0.119140625 0.48583984375 0.119140625
2 0.49609375 0.107421875 0.50244140625 0.107421875 0.50244140625 0.12369791666666667 0.49609375 0.12369791666666667
0 0.50390625 0.107421875 0.5126953125 0.107421875 0.5126953125 0.123046875 0.50390625 0.123046875
2 0.51416015625 0.107421875 0.52294921875 0.107421875 0.52294921875 0.123046875 0.51416015625 0.123046875
5 0.5244140625 0.107421875 0.533203125 0.107421875 0.533203125 0.12369791666666667 0.5244140625 0.12369791666666667
1 0.54443359375 0.107421875 0.54833984375 0.107421875 0.54833984375 0.12369791666666667 0.54443359375 0.12369791666666667
6 0.55078125 0.107421875 0.55712890625 0.107421875 0.55712890625 0.12369791666666667 0.55078125 0.12369791666666667
36 0.5595703125 0.107421875 0.5634765625 0.107421875 0.5634765625 0.119140625 0.5595703125 0.119140625
2 0.56494140625 0.107421875 0.57373046875 0.107421875 0.57373046875 0.12369791666666667 0.56494140625 0.12369791666666667
2 0.57568359375 0.107421875 0.58447265625 0.107421875 0.58447265625 0.12369791666666667 0.57568359375 0.12369791666666667
0 0.439453125 0.126953125 0.4482421875 0.126953125 0.4482421875 0.142578125 0.439453125 0.142578125
7 0.45068359375 0.126953125 0.45703125 0.126953125 0.45703125 0.14322916666666666 0.45068359375 0.14322916666666666
5 0.45849609375 0.126953125 0.46728515625 0.126953125 0.46728515625 0.142578125 0.45849609375 0.142578125
5 0.4697265625 0.126953125 0.47607421875 0.126953125 0.47607421875 0.14322916666666666 0.4697265625 0.14322916666666666
7 0.478515625 0.126953125 0.48486328125 0.126953125 0.48486328125 0.14322916666666666 0.478515625 0.14322916666666666
3 0.486328125 0.126953125 0.4951171875 0.126953125 0.4951171875 0.142578125 0.486328125 0.142578125
9 0.49658203125 0.126953125 0.5029296875 0.126953125 0.5029296875 0.14322916666666666 0.49658203125 0.14322916666666666
5 0.5048828125 0.126953125 0.513671875 0.126953125 0.513671875 0.142578125 0.5048828125 0.142578125
16 0.515625 0.126953125 0.5244140625 0.126953125 0.5244140625 0.142578125 0.515625 0.142578125
16 0.52685546875 0.126953125 0.53564453125 0.126953125 0.53564453125 0.142578125 0.52685546875 0.142578125
