1 0.439453125 0.107421875 0.4453125 0.107421875 0.4453125 0.123046875 0.439453125 0.123046875
0 0.44677734375 0.107421875 0.45556640625 0.107421875 0.45556640625 0.123046875 0.44677734375 0.123046875
37 0.45703125 0.107421875 0.4658203125 0.107421875 0.4658203125 0.119140625 0.45703125 0.119140625
0 0.46728515625 0.107421875 0.47607421875 0.107421875 0.47607421875 0.123046875 0.46728515625 0.123046875
3 0.4775390625 0.107421875 0.486328125 0.107421875 0.486328125 0.123046875 0.4775390625 0.123046875
37 0.48779296875 0.107421875 0.49658203125 0.107421875 0.49658203125 0.119140625 0.48779296875 0.119140625
2 0.498046875 0.107421875 0.50439453125 0.107421875 0.50439453125 0.12369791666666667 0.498046875 0.12369791666666667
0 0.505859375 0.107421875 0.51220703125 0.107421875 0.51220703125 0.12369791666666667 0.505859375 0.12369791666666667
2 0.513671875 0.107421875 0.52001953125 0.107421875 0.52001953125 0.12369791666666667 0.513671875 0.12369791666666667
5 0.521484375 0.107421875 0.5302734375 0.107421875 0.5302734375 0.12369791666666667 0.521484375 0.12369791666666667
1 0.54150390625 0.107421875 0.54541015625 0.107421875 0.54541015625 0.12369791666666667 0.54150390625 0.12369791666666667
6 0.546875 0.107421875 0.55322265625 0.107421875 0.55322265625 0.12369791666666667 0.546875 0.12369791666666667
36 0.5546875 0.107421875 0.55859375 0.107421875 0.55859375 0.119140625 0.5546875 0.119140625
2 0.560546875 0.107421875 0.5693359375 0.107421875 0.5693359375 0.123046875 0.560546875 0.123046875
3 0.57080078125 0.107421875 0.57958984375 0.107421875 0.57958984375 0.123046875 0.57080078125 0.123046875
3 0.439453125 0.126953125 0.4482421875 0.126953125 0.4482421875 0.142578125 0.439453125 0.142578125
2 0.44970703125 0.126953125 0.45849609375 0.126953125 0.45849609375 0.142578125 0.44970703125 0.142578125
9 0.4609375 0.126953125 0.4697265625 0.126953125 0.4697265625 0.142578125 0.4609375 0.142578125
6 0.47119140625 0.126953125 0.47998046875 0.126953125 0.47998046875 0.142578125 0.47119140625 0.142578125
3 0.4814453125 0.126953125 0.490234375 0.126953125 0.490234375 0.142578125 0.4814453125 0.142578125
7 0.4921875 0.126953125 0.5009765625 0.126953125 0.5009765625 0.14322916666666666 0.4921875 0.14322916666666666
7 0.50341796875 0.126953125 0.509765625 0.126953125 0.509765625 0.14322916666666666 0.50341796875 0.14322916666666666
5 0.51123046875 0.126953125 0.52001953125 0.126953125 0.52001953125 0.142578125 0.51123046875 0.142578125
14 0.52197265625 0.126953125 0.53076171875 0.126953125 0.53076171875 0.142578125 0.52197265625 0.142578125
11 0.53271484375 0.126953125 0.5390625 0.126953125 0.5390625 0.14322916666666666 0.53271484375 0.14322916666666666
