0 0.439453125 0.107421875 0.4482421875 0.107421875 0.4482421875 0.123046875 0.439453125 0.123046875
4 0.44970703125 0.107421875 0.4560546875 0.107421875 0.4560546875 0.12369791666666667 0.44970703125 0.12369791666666667
37 0.45751953125 0.107421875 0.46630859375 0.107421875 0.46630859375 0.119140625 0.45751953125 0.119140625
1 0.4677734375 0.107421875 0.4716796875 0.107421875 0.4716796875 0.12369791666666667 0.4677734375 0.12369791666666667
0 0.47314453125 0.107421875 0.4794921875 0.107421875 0.4794921875 0.12369791666666667 0.47314453125 0.12369791666666667
37 0.48095703125 0.107421875 0.48974609375 0.107421875 0.48974609375 0.119140625 0.48095703125 0.119140625
2 0.4912109375 0.107421875 0.5 0.107421875 0.5 0.12369791666666667 0.4912109375 0.12369791666666667
0 0.50146484375 0.107421875 0.51025390625 0.107421875 0.51025390625 0.12369791666666667 0.50146484375 0.12369791666666667
2 0.51171875 0.107421875 0.5205078125 0.107421875 0.5205078125 0.123046875 0.51171875 0.123046875
5 0.52197265625 0.107421875 0.53076171875 0.107421875 0.53076171875 0.123046875 0.52197265625 0.123046875
1 0.5419921875 0.107421875 0.5478515625 0.107421875 0.5478515625 0.123046875 0.5419921875 0.123046875
6 0.54931640625 0.107421875 0.55810546875 0.107421875 0.55810546875 0.123046875 0.54931640625 0.123046875
36 0.5595703125 0.107421875 0.5634765625 0.107421875 0.5634765625 0.119140625 0.5595703125 0.119140625
2 0.5654296875 0.107421875 0.57177734375 0.107421875 0.57177734375 0.12369791666666667 0.5654296875 0.12369791666666667
3 0.57373046875 0.107421875 0.58251953125 0.107421875 0.58251953125 0.12369791666666667 0.57373046875 0.12369791666666667
2 0.439453125 0.126953125 0.4482421875 0.126953125 0.4482421875 0.142578125 0.439453125 0.142578125
7 0.44970703125 0.126953125 0.4560546875 0.126953125 0.4560546875 0.142578125 0.44970703125 0.142578125
3 0.4580078125 0.126953125 0.46435546875 0.126953125 0.46435546875 0.14322916666666666 0.4580078125 0.14322916666666666
9 0.46630859375 0.126953125 0.47265625 0.126953125 0.47265625 0.14322916666666666 0.46630859375 0.14322916666666666
2 0.47509765625 0.126953125 0.48388671875 0.126953125 0.48388671875 0.14322916666666666 0.47509765625 0.14322916666666666
8 0.486328125 0.126953125 0.49267578125 0.126953125 0.49267578125 0.14322916666666666 0.486328125 0.14322916666666666
1 0.49462890625 0.126953125 0.50048828125 0.126953125 0.50048828125 0.142578125 0.49462890625 0.142578125
2 0.501953125 0.126953125 0.5107421875 0.126953125 0.5107421875 0.142578125 0.501953125 0.142578125
17 0.51318359375 0.126953125 0.52197265625 0.126953125 0.52197265625 0.142578125 0.51318359375 0.142578125
11 0.5244140625 0.126953125 0.53076171875 0.126953125 0.53076171875 0.14322916666666666 0.5244140625 0.14322916666666666
