2 0.439453125 0.107421875 0.44580078125 0.107421875 0.44580078125 0.12369791666666667 0.439453125 0.12369791666666667
1 0.447265625 0.107421875 0.453125 0.107421875 0.453125 0.12109375 0.447265625 0.12109375
37 0.45458984375 0.107421875 0.46337890625 0.107421875 0.46337890625 0.119140625 0.45458984375 0.119140625
0 0.46484375 0.107421875 0.4736328125 0.107421875 0.4736328125 0.123046875 0.46484375 0.123046875
2 0.47509765625 0.107421875 0.4814453125 0.107421875 0.4814453125 0.12369791666666667 0.47509765625 0.12369791666666667
37 0.48291015625 0.107421875 0.490234375 0.107421875 0.490234375 0.1171875 0.48291015625 0.1171875
2 0.49169921875 0.107421875 0.50048828125 0.107421875 0.50048828125 0.123046875 0.49169921875 0.123046875
0 0.501953125 0.107421875 0.5107421875 0.107421875 0.5107421875 0.12369791666666667 0.501953125 0.12369791666666667
2 0.51220703125 0.107421875 0.52099609375 0.107421875 0.52099609375 0.123046875 0.51220703125 0.123046875
5 0.5224609375 0.107421875 0.53125 0.107421875 0.53125 0.123046875 0.5224609375 0.123046875
1 0.54248046875 0.107421875 0.54833984375 0.107421875 0.54833984375 0.123046875 0.54248046875 0.123046875
6 0.55029296875 0.107421875 0.556640625 0.107421875 0.556640625 0.12369791666666667 0.55029296875 0.12369791666666667
36 0.55908203125 0.107421875 0.56298828125 0.107421875 0.56298828125 0.119140625 0.55908203125 0.119140625
2 0.564453125 0.107421875 0.57080078125 0.107421875 0.57080078125 0.12369791666666667 0.564453125 0.12369791666666667
2 0.5732421875 0.107421875 0.58203125 0.107421875 0.58203125 0.123046875 0.5732421875 0.123046875
0 0.439453125 0.126953125 0.4482421875 0.126953125 0.4482421875 0.142578125 0.439453125 0.142578125
1 0.4501953125 0.126953125 0.4560546875 0.126953125 0.4560546875 0.142578125 0.4501953125 0.142578125
8 0.45751953125 0.126953125 0.46630859375 0.126953125 0.46630859375 0.142578125 0.45751953125 0.142578125
1 0.46826171875 0.126953125 0.47265625 0.126953125 0.47265625 0.14322916666666666 0.46826171875 0.14322916666666666
6 0.47509765625 0.126953125 0.48388671875 0.126953125 0.48388671875 0.142578125 0.47509765625 0.142578125
3 0.48583984375 0.126953125 0.49462890625 0.126953125 0.49462890625 0.142578125 0.48583984375 0.142578125
8 0.4970703125 0.126953125 0.505859375 0.126953125 0.505859375 0.14322916666666666 0.4970703125 0.14322916666666666
1 0.5078125 0.126953125 0.51171875 0.126953125 0.51171875 0.14322916666666666 0.5078125 0.14322916666666666
35 0.51416015625 0.126953125 0.52294921875 0.126953125 0.52294921875 0.14322916666666666 0.51416015625 0.14322916666666666
35 0.5244140625 0.126953125 0.53076171875 0.126953125 0.53076171875 0.14322916666666666 0.5244140625 0.14322916666666666
