1 0.439453125 0.107421875 0.4453125 0.107421875 0.4453125 0.12369791666666667 0.439453125 0.12369791666666667
0 0.44677734375 0.107421875 0.453125 0.107421875 0.453125 0.12369791666666667 0.44677734375 0.12369791666666667
37 0.45458984375 0.107421875 0.46337890625 0.107421875 0.46337890625 0.119140625 0.45458984375 0.119140625
0 0.46484375 0.107421875 0.4736328125 0.107421875 0.4736328125 0.12369791666666667 0.46484375 0.12369791666666667
8 0.47509765625 0.107421875 0.48388671875 0.107421875 0.48388671875 0.123046875 0.47509765625 0.123046875
37 0.4853515625 0.107421875 0.494140625 0.107421875 0.494140625 0.119140625 0.4853515625 0.119140625
2 0.49560546875 0.107421875 0.501953125 0.107421875 0.501953125 0.12369791666666667 0.49560546875 0.12369791666666667
0 0.50341796875 0.107421875 0.51220703125 0.107421875 0.51220703125 0.123046875 0.50341796875 0.123046875
2 0.513671875 0.107421875 0.5224609375 0.107421875 0.5224609375 0.123046875 0.513671875 0.123046875
5 0.52392578125 0.107421875 0.53271484375 0.107421875 0.53271484375 0.12369791666666667 0.52392578125 0.12369791666666667
1 0.5439453125 0.107421875 0.5498046875 0.107421875 0.5498046875 0.12369791666666667 0.5439453125 0.12369791666666667
6 0.5517578125 0.107421875 0.55810546875 0.107421875 0.55810546875 0.12369791666666667 0.5517578125 0.12369791666666667
36 0.5595703125 0.107421875 0.5634765625 0.107421875 0.5634765625 0.119140625 0.5595703125 0.119140625
2 0.5654296875 0.107421875 0.57421875 0.107421875 0.57421875 0.123046875 0.5654296875 0.123046875
3 0.576171875 0.107421875 0.5849609375 0.107421875 0.5849609375 0.123046875 0.576171875 0.123046875
8 0.439453125 0.126953125 0.4482421875 0.126953125 0.4482421875 0.142578125 0.439453125 0.142578125
3 0.44970703125 0.126953125 0.4560546875 0.126953125 0.4560546875 0.14322916666666666 0.44970703125 0.14322916666666666
3 0.45849609375 0.126953125 0.46728515625 0.126953125 0.46728515625 0.142578125 0.45849609375 0.142578125
9 0.46875 0.126953125 0.4775390625 0.126953125 0.4775390625 0.142578125 0.46875 0.142578125
0 0.4794921875 0.126953125 0.48828125 0.126953125 0.48828125 0.142578125 0.4794921875 0.142578125
2 0.490234375 0.126953125 0.4990234375 0.126953125 0.4990234375 0.142578125 0.490234375 0.142578125
5 0.5009765625 0.126953125 0.509765625 0.126953125 0.509765625 0.142578125 0.5009765625 0.142578125
4 0.51171875 0.126953125 0.5205078125 0.126953125 0.5205078125 0.142578125 0.51171875 0.142578125
24 0.52197265625 0.126953125 0.5283203125 0.126953125 0.5283203125 0.14322916666666666 0.52197265625 0.14322916666666666
19 0.53076171875 0.126953125 0.537109375 0.126953125 0.537109375 0.14322916666666666 0.53076171875 0.14322916666666666
