1 0.439453125 0.107421875 0.443359375 0.107421875 0.443359375 0.12369791666666667 0.439453125 0.12369791666666667
4 0.44482421875 0.107421875 0.451171875 0.107421875 0.451171875 0.123046875 0.44482421875 0.123046875
37 0.45263671875 0.107421875 0.4599609375 0.107421875 0.4599609375 0.1171875 0.45263671875 0.1171875
0 0.46142578125 0.107421875 0.4677734375 0.107421875 0.4677734375 0.12369791666666667 0.46142578125 0.12369791666666667
8 0.46923828125 0.107421875 0.47802734375 0.107421875 0.47802734375 0.12369791666666667 0.46923828125 0.12369791666666667
37 0.4794921875 0.107421875 0.48681640625 0.107421875 0.48681640625 0.1171875 0.4794921875 0.1171875
2 0.48828125 0.107421875 0.49462890625 0.107421875 0.49462890625 0.12369791666666667 0.48828125 0.12369791666666667
0 0.49609375 0.107421875 0.50244140625 0.107421875 0.50244140625 0.12369791666666667 0.49609375 0.12369791666666667
2 0.50390625 0.107421875 0.51025390625 0.107421875 0.51025390625 0.12369791666666667 0.50390625 0.12369791666666667
5 0.51171875 0.107421875 0.51806640625 0.107421875 0.51806640625 0.12369791666666667 0.51171875 0.12369791666666667
1 0.529296875 0.107421875 0.53515625 0.107421875 0.53515625 0.123046875 0.529296875 0.123046875
6 0.53662109375 0.107421875 0.54296875 0.107421875 0.54296875 0.12369791666666667 0.53662109375 0.12369791666666667
36 0.54443359375 0.107421875 0.54833984375 0.107421875 0.54833984375 0.119140625 0.54443359375 0.119140625
2 0.55029296875 0.107421875 0.55908203125 0.107421875 0.55908203125 0.12369791666666667 0.55029296875 0.12369791666666667
3 0.5615234375 0.107421875 0.5703125 0.107421875 0.5703125 0.123046875 0.5615234375 0.123046875
9 0.439453125 0.126953125 0.4482421875 0.126953125 0.4482421875 0.142578125 0.439453125 0.142578125
8 0.4501953125 0.126953125 0.458984375 0.126953125 0.458984375 0.142578125 0.4501953125 0.142578125
9 0.46044921875 0.126953125 0.466796875 0.126953125 0.466796875 0.14322916666666666 0.46044921875 0.14322916666666666
2 0.46826171875 0.126953125 0.47705078125 0.126953125 0.47705078125 0.142578125 0.46826171875 0.142578125
1 0.47900390625 0.126953125 0.48291015625 0.126953125 0.48291015625 0.14322916666666666 0.47900390625 0.14322916666666666
0 0.484375 0.126953125 0.49072265625 0.126953125 0.49072265625 0.14322916666666666 0.484375 0.14322916666666666
0 0.4931640625 0.126953125 0.501953125 0.126953125 0.501953125 0.142578125 0.4931640625 0.142578125
9 0.50390625 0.126953125 0.5126953125 0.126953125 0.5126953125 0.142578125 0.50390625 0.142578125
16 0.5146484375 0.126953125 0.52099609375 0.126953125 0.52099609375 0.14322916666666666 0.5146484375 0.14322916666666666
34 0.52294921875 0.126953125 0.53173828125 0.126953125 0.53173828125 0.142578125 0.52294921875 0.142578125
