1 0.439453125 0.107421875 0.4453125 0.107421875 0.4453125 0.123046875 0.439453125 0.123046875
3 0.44677734375 0.107421875 0.45556640625 0.107421875 0.45556640625 0.12369791666666667 0.44677734375 0.12369791666666667
37 0.45703125 0.107421875 0.4658203125 0.107421875 0.4658203125 0.119140625 0.45703125 0.119140625
0 0.46728515625 0.107421875 0.4736328125 0.107421875 0.4736328125 0.12369791666666667 0.46728515625 0.12369791666666667
4 0.47509765625 0.107421875 0.4814453125 0.107421875 0.4814453125 0.12369791666666667 0.47509765625 0.12369791666666667
37 0.48291015625 0.107421875 0.49169921875 0.107421875 0.49169921875 0.119140625 0.48291015625 0.119140625
2 0.4931640625 0.107421875 0.501953125 0.107421875 0.501953125 0.123046875 0.4931640625 0.123046875
0 0.50341796875 0.107421875 0.51220703125 0.107421875 0.51220703125 0.12369791666666667 0.50341796875 0.12369791666666667
2 0.513671875 0.107421875 0.5224609375 0.107421875 0.5224609375 0.123046875 0.513671875 0.123046875
5 0.52392578125 0.107421875 0.5302734375 0.107421875 0.5302734375 0.12369791666666667 0.52392578125 0.12369791666666667
1 0.54150390625 0.107421875 0.54541015625 0.107421875 0.54541015625 0.12369791666666667 0.54150390625 0.12369791666666667
6 0.5478515625 0.107421875 0.55419921875 0.107421875 0.55419921875 0.12369791666666667 0.5478515625 0.12369791666666667
36 0.5556640625 0.107421875 0.5595703125 0.107421875 0.5595703125 0.119140625 0.5556640625 0.119140625
2 0.5615234375 0.107421875 0.5703125 0.107421875 0.5703125 0.123046875 0.5615234375 0.123046875
3 0.572265625 0.107421875 0.57861328125 0.107421875 0.57861328125 0.12369791666666667 0.572265625 0.12369791666666667
2 0.439453125 0.126953125 0.4482421875 0.126953125 0.4482421875 0.142578125 0.439453125 0.142578125
6 0.4501953125 0.126953125 0.45654296875 0.126953125 0.45654296875 0.14322916666666666 0.4501953125 0.14322916666666666
4 0.45849609375 0.126953125 0.46484375 0.126953125 0.46484375 0.14322916666666666 0.45849609375 0.14322916666666666
7 0.46630859375 0.126953125 0.47265625 0.126953125 0.47265625 0.14322916666666666 0.46630859375 0.14322916666666666
6 0.47412109375 0.126953125 0.48046875 0.126953125 0.48046875 0.14322916666666666 0.47412109375 0.14322916666666666
9 0.48291015625 0.126953125 0.49169921875 0.126953125 0.49169921875 0.142578125 0.48291015625 0.142578125
6 0.49365234375 0.126953125 0.5 0.126953125 0.5 0.14322916666666666 0.49365234375 0.14322916666666666
3 0.50244140625 0.126953125 0.5087890625 0.126953125 0.5087890625 0.14322916666666666 0.50244140625 0.14322916666666666
32 0.5107421875 0.126953125 0.51708984375 0.126953125 0.51708984375 0.14322916666666666 0.5107421875 0.14322916666666666
22 0.5185546875 0.126953125 0.52734375 0.126953125 0.52734375 0.142578125 0.5185546875 0.142578125
