0 0.439453125 0.107421875 0.4482421875 0.107421875 0.4482421875 0.123046875 0.439453125 0.123046875
3 0.44970703125 0.107421875 0.45849609375 0.107421875 0.45849609375 0.123046875 0.44970703125 0.123046875
37 0.4599609375 0.107421875 0.46875 0.107421875 0.46875 0.119140625 0.4599609375 0.119140625
1 0.47021484375 0.107421875 0.47607421875 0.107421875 0.47607421875 0.12369791666666667 0.47021484375 0.12369791666666667
2 0.4775390625 0.107421875 0.486328125 0.107421875 0.486328125 0.12369791666666667 0.4775390625 0.12369791666666667
37 0.48779296875 0.107421875 0.49658203125 0.107421875 0.49658203125 0.119140625 0.48779296875 0.119140625
2 0.498046875 0.107421875 0.50439453125 0.107421875 0.50439453125 0.12369791666666667 0.498046875 0.12369791666666667
0 0.505859375 0.107421875 0.5146484375 0.107421875 0.5146484375 0.123046875 0.505859375 0.123046875
2 0.51611328125 0.107421875 0.5224609375 0.107421875 0.5224609375 0.12369791666666667 0.51611328125 0.12369791666666667
4 0.52392578125 0.107421875 0.5302734375 0.107421875 0.5302734375 0.12369791666666667 0.52392578125 0.12369791666666667
1 0.54150390625 0.107421875 0.54736328125 0.107421875 0.54736328125 0.123046875 0.54150390625 0.123046875
6 0.548828125 0.107421875 0.5576171875 0.107421875 0.5576171875 0.123046875 0.548828125 0.123046875
36 0.5595703125 0.107421875 0.5634765625 0.107421875 0.5634765625 0.119140625 0.5595703125 0.119140625
2 0.56494140625 0.107421875 0.5712890625 0.107421875 0.5712890625 0.12369791666666667 0.56494140625 0.12369791666666667
2 0.5732421875 0.107421875 0.57958984375 0.107421875 0.57958984375 0.12369791666666667 0.5732421875 0.12369791666666667
0 0.439453125 0.126953125 0.4482421875 0.126953125 0.4482421875 0.142578125 0.439453125 0.142578125
5 0.45068359375 0.126953125 0.45947265625 0.126953125 0.45947265625 0.14322916666666666 0.45068359375 0.14322916666666666
2 0.4619140625 0.126953125 0.470703125 0.126953125 0.470703125 0.142578125 0.4619140625 0.142578125
9 0.47314453125 0.126953125 0.48193359375 0.126953125 0.48193359375 0.142578125 0.47314453125 0.142578125
2 0.48388671875 0.126953125 0.490234375 0.126953125 0.490234375 0.14322916666666666 0.48388671875 0.14322916666666666
2 0.4921875 0.126953125 0.5009765625 0.126953125 0.5009765625 0.142578125 0.4921875 0.142578125
1 0.5029296875 0.126953125 0.5068359375 0.126953125 0.5068359375 0.14322916666666666 0.5029296875 0.14322916666666666
7 0.50830078125 0.126953125 0.51708984375 0.126953125 0.51708984375 0.142578125 0.50830078125 0.142578125
23 0.51953125 0.126953125 0.5283203125 0.126953125 0.5283203125 0.142578125 0.51953125 0.142578125
20 0.53076171875 0.126953125 0.537109375 0.126953125 0.537109375 0.14322916666666666 0.53076171875 0.14322916666666666
