0 0.439453125 0.107421875 0.4482421875 0.107421875 0.4482421875 0.123046875 0.439453125 0.123046875
1 0.44970703125 0.107421875 0.45556640625 0.107421875 0.45556640625 0.123046875 0.44970703125 0.123046875
37 0.45703125 0.107421875 0.4658203125 0.107421875 0.4658203125 0.119140625 0.45703125 0.119140625
0 0.46728515625 0.107421875 0.47607421875 0.107421875 0.47607421875 0.123046875 0.46728515625 0.123046875
2 0.4775390625 0.107421875 0.48388671875 0.107421875 0.48388671875 0.12369791666666667 0.4775390625 0.12369791666666667
37 0.4853515625 0.107421875 0.494140625 0.107421875 0.494140625 0.119140625 0.4853515625 0.119140625
2 0.49560546875 0.107421875 0.50439453125 0.107421875 0.50439453125 0.123046875 0.49560546875 0.123046875
0 0.505859375 0.107421875 0.51220703125 0.107421875 0.51220703125 0.12369791666666667 0.505859375 0.12369791666666667
2 0.513671875 0.107421875 0.5224609375 0.107421875 0.5224609375 0.12369791666666667 0.513671875 0.12369791666666667
5 0.52392578125 0.107421875 0.53271484375 0.107421875 0.53271484375 0.123046875 0.52392578125 0.123046875
1 0.5439453125 0.107421875 0.5498046875 0.107421875 0.5498046875 0.123046875 0.5439453125 0.123046875
6 0.55126953125 0.107421875 0.5576171875 0.107421875 0.5576171875 0.12369791666666667 0.55126953125 0.12369791666666667
36 0.5595703125 0.107421875 0.5634765625 0.107421875 0.5634765625 0.119140625 0.5595703125 0.119140625
2 0.5654296875 0.107421875 0.57177734375 0.107421875 0.57177734375 0.12369791666666667 0.5654296875 0.12369791666666667
3 0.5732421875 0.107421875 0.58203125 0.107421875 0.58203125 0.123046875 0.5732421875 0.123046875
6 0.439453125 0.126953125 0.4482421875 0.126953125 0.4482421875 0.142578125 0.439453125 0.142578125
7 0.45068359375 0.126953125 0.45703125 0.126953125 0.45703125 0.14322916666666666 0.45068359375 0.14322916666666666
3 0.45947265625 0.126953125 0.46826171875 0.126953125 0.46826171875 0.14322916666666666 0.45947265625 0.14322916666666666
1 0.4697265625 0.126953125 0.47412109375 0.126953125 0.47412109375 0.14322916666666666 0.4697265625 0.14322916666666666
8 0.4755859375 0.126953125 0.48193359375 0.126953125 0.48193359375 0.14322916666666666 0.4755859375 0.14322916666666666
1 0.4833984375 0.126953125 0.4892578125 0.126953125 0.4892578125 0.142578125 0.4833984375 0.142578125
1 0.49072265625 0.126953125 0.49462890625 0.126953125 0.49462890625 0.14322916666666666 0.49072265625 0.14322916666666666
3 0.49609375 0.126953125 0.50244140625 0.126953125 0.50244140625 0.14322916666666666 0.49609375 0.14322916666666666
13 0.50390625 0.126953125 0.51025390625 0.126953125 0.51025390625 0.14322916666666666 0.50390625 0.14322916666666666
14 0.51220703125 0.126953125 0.52099609375 0.126953125 0.52099609375 0.142578125 0.51220703125 0.142578125
