2 0.439453125 0.107421875 0.4482421875 0.107421875 0.4482421875 0.123046875 0.439453125 0.123046875
3 0.44970703125 0.107421875 0.45849609375 0.107421875 0.45849609375 0.12369791666666667 0.44970703125 0.12369791666666667
37 0.4599609375 0.107421875 0.46875 0.107421875 0.46875 0.119140625 0.4599609375 0.119140625
0 0.47021484375 0.107421875 0.47900390625 0.107421875 0.47900390625 0.123046875 0.47021484375 0.123046875
6 0.48046875 0.107421875 0.4892578125 0.107421875 0.4892578125 0.123046875 0.48046875 0.123046875
37 0.49072265625 0.107421875 0.49951171875 0.107421875 0.49951171875 0.119140625 0.49072265625 0.119140625
2 0.5009765625 0.107421875 0.50732421875 0.107421875 0.50732421875 0.12369791666666667 0.5009765625 0.12369791666666667
0 0.5087890625 0.107421875 0.517578125 0.107421875 0.517578125 0.123046875 0.5087890625 0.123046875
2 0.51904296875 0.107421875 0.525390625 0.107421875 0.525390625 0.12369791666666667 0.51904296875 0.12369791666666667
5 0.52685546875 0.107421875 0.533203125 0.107421875 0.533203125 0.12369791666666667 0.52685546875 0.12369791666666667
1 0.54443359375 0.107421875 0.55029296875 0.107421875 0.55029296875 0.123046875 0.54443359375 0.123046875
6 0.552734375 0.107421875 0.55908203125 0.107421875 0.55908203125 0.12369791666666667 0.552734375 0.12369791666666667
36 0.5615234375 0.107421875 0.5654296875 0.107421875 0.5654296875 0.119140625 0.5615234375 0.119140625
2 0.5673828125 0.107421875 0.576171875 0.107421875 0.576171875 0.123046875 0.5673828125 0.123046875
3 0.578125 0.107421875 0.58447265625 0.107421875 0.58447265625 0.12369791666666667 0.578125 0.12369791666666667
5 0.439453125 0.126953125 0.4482421875 0.126953125 0.4482421875 0.142578125 0.439453125 0.142578125
1 0.4501953125 0.126953125 0.45458984375 0.126953125 0.45458984375 0.14322916666666666 0.4501953125 0.14322916666666666
3 0.45654296875 0.126953125 0.46533203125 0.126953125 0.46533203125 0.142578125 0.45654296875 0.142578125
8 0.4677734375 0.126953125 0.47412109375 0.126953125 0.47412109375 0.14322916666666666 0.4677734375 0.14322916666666666
7 0.4765625 0.126953125 0.4853515625 0.126953125 0.4853515625 0.14322916666666666 0.4765625 0.14322916666666666
4 0.48681640625 0.126953125 0.4931640625 0.126953125 0.4931640625 0.14322916666666666 0.48681640625 0.14322916666666666
6 0.49560546875 0.126953125 0.50439453125 0.126953125 0.50439453125 0.142578125 0.49560546875 0.142578125
0 0.505859375 0.126953125 0.51220703125 0.126953125 0.51220703125 0.14322916666666666 0.505859375 0.14322916666666666
31 0.5146484375 0.126953125 0.52099609375 0.126953125 0.52099609375 0.14322916666666666 0.5146484375 0.14322916666666666
14 0.5234375 0.126953125 0.5322265625 0.126953125 0.5322265625 0.14322916666666666 0.5234375 0.14322916666666666
