1 0.439453125 0.107421875 0.4453125 0.107421875 0.4453125 0.123046875 0.439453125 0.123046875
2 0.44677734375 0.107421875 0.453125 0.107421875 0.453125 0.12369791666666667 0.44677734375 0.12369791666666667
37 0.45458984375 0.107421875 0.46337890625 0.107421875 0.46337890625 0.119140625 0.45458984375 0.119140625
0 0.46484375 0.107421875 0.4736328125 0.107421875 0.4736328125 0.123046875 0.46484375 0.123046875
4 0.47509765625 0.107421875 0.4814453125 0.107421875 0.4814453125 0.12369791666666667 0.47509765625 0.12369791666666667
37 0.48291015625 0.107421875 0.49169921875 0.107421875 0.49169921875 0.119140625 0.48291015625 0.119140625
2 0.4931640625 0.107421875 0.501953125 0.107421875 0.501953125 0.123046875 0.4931640625 0.123046875
0 0.50341796875 0.107421875 0.509765625 0.107421875 0.509765625 0.12369791666666667 0.50341796875 0.12369791666666667
2 0.51123046875 0.107421875 0.52001953125 0.107421875 0.52001953125 0.123046875 0.51123046875 0.123046875
5 0.521484375 0.107421875 0.5302734375 0.107421875 0.5302734375 0.123046875 0.521484375 0.123046875
1 0.54150390625 0.107421875 0.54736328125 0.107421875 0.54736328125 0.123046875 0.54150390625 0.123046875
6 0.5498046875 0.107421875 0.55859375 0.107421875 0.55859375 0.123046875 0.5498046875 0.123046875
36 0.56005859375 0.107421875 0.56396484375 0.107421875 0.56396484375 0.119140625 0.56005859375 0.119140625
2 0.56640625 0.107421875 0.5751953125 0.107421875 0.5751953125 0.123046875 0.56640625 0.123046875
3 0.57763671875 0.107421875 0.58642578125 0.107421875 0.58642578125 0.123046875 0.57763671875 0.123046875
5 0.439453125 0.126953125 0.4482421875 0.126953125 0.4482421875 0.142578125 0.439453125 0.142578125
7 0.4501953125 0.126953125 0.45654296875 0.126953125 0.45654296875 0.14322916666666666 0.4501953125 0.14322916666666666
9 0.458984375 0.126953125 0.4677734375 0.126953125 0.4677734375 0.142578125 0.458984375 0.142578125
7 0.47021484375 0.126953125 0.47900390625 0.126953125 0.47900390625 0.142578125 0.47021484375 0.142578125
8 0.48046875 0.126953125 0.48681640625 0.126953125 0.48681640625 0.14322916666666666 0.48046875 0.14322916666666666
7 0.48876953125 0.126953125 0.49755859375 0.126953125 0.49755859375 0.14322916666666666 0.48876953125 0.14322916666666666
9 0.49951171875 0.126953125 0.505859375 0.126953125 0.505859375 0.14322916666666666 0.49951171875 0.14322916666666666
7 0.50732421875 0.126953125 0.513671875 0.126953125 0.513671875 0.14322916666666666 0.50732421875 0.14322916666666666
28 0.51513671875 0.126953125 0.52392578125 0.126953125 0.52392578125 0.142578125 0.51513671875 0.142578125
25 0.52587890625 0.126953125 0.5322265625 0.126953125 0.5322265625 0.14322916666666666 0.52587890625 0.14322916666666666
