3 0.439453125 0.107421875 0.4482421875 0.107421875 0.4482421875 0.123046875 0.439453125 0.123046875
0 0.44970703125 0.107421875 0.4560546875 0.107421875 0.4560546875 0.12369791666666667 0.44970703125 0.12369791666666667
37 0.45751953125 0.107421875 0.46630859375 0.107421875 0.46630859375 0.119140625 0.45751953125 0.119140625
0 0.4677734375 0.107421875 0.4765625 0.107421875 0.4765625 0.123046875 0.4677734375 0.123046875
9 0.47802734375 0.107421875 0.484375 0.107421875 0.484375 0.12369791666666667 0.47802734375 0.12369791666666667
37 0.48583984375 0.107421875 0.49462890625 0.107421875 0.49462890625 0.119140625 0.48583984375 0.119140625
2 0.49609375 0.107421875 0.5048828125 0.107421875 0.5048828125 0.12369791666666667 0.49609375 0.12369791666666667
0 0.50634765625 0.107421875 0.5126953125 0.107421875 0.5126953125 0.12369791666666667 0.50634765625 0.12369791666666667
2 0.51416015625 0.107421875 0.5205078125 0.107421875 0.5205078125 0.12369791666666667 0.51416015625 0.12369791666666667
5 0.52197265625 0.107421875 0.53076171875 0.107421875 0.53076171875 0.123046875 0.52197265625 0.123046875
1 0.5419921875 0.107421875 0.54638671875 0.107421875 0.54638671875 0.12369791666666667 0.5419921875 0.12369791666666667
6 0.5478515625 0.107421875 0.556640625 0.107421875 0.556640625 0.12369791666666667 0.5478515625 0.12369791666666667
36 0.55810546875 0.107421875 0.56201171875 0.107421875 0.56201171875 0.119140625 0.55810546875 0.119140625
2 0.56396484375 0.107421875 0.57275390625 0.107421875 0.57275390625 0.123046875 0.56396484375 0.123046875
3 0.57421875 0.107421875 0.58056640625 0.107421875 0.58056640625 0.12369791666666667 0.57421875 0.12369791666666667
6 0.439453125 0.126953125 0.44580078125 0.126953125 0.44580078125 0.14322916666666666 0.439453125 0.14322916666666666
4 0.447265625 0.126953125 0.4560546875 0.126953125 0.4560546875 0.142578125 0.447265625 0.142578125
8 0.45751953125 0.126953125 0.46630859375 0.126953125 0.46630859375 0.142578125 0.45751953125 0.142578125
4 0.4677734375 0.126953125 0.47412109375 0.126953125 0.47412109375 0.14322916666666666 0.4677734375 0.14322916666666666
1 0.4765625 0.126953125 0.48046875 0.126953125 0.48046875 0.14322916666666666 0.4765625 0.14322916666666666
2 0.48193359375 0.126953125 0.48828125 0.126953125 0.48828125 0.14322916666666666 0.48193359375 0.14322916666666666
6 0.49072265625 0.126953125 0.49951171875 0.126953125 0.49951171875 0.142578125 0.49072265625 0.142578125
8 0.50146484375 0.126953125 0.51025390625 0.126953125 0.51025390625 0.14322916666666666 0.50146484375 0.14322916666666666
15 0.5126953125 0.126953125 0.521484375 0.126953125 0.521484375 0.14322916666666666 0.5126953125 0.14322916666666666
12 0.5234375 0.126953125 0.52978515625 0.126953125 0.52978515625 0.14322916666666666 0.5234375 0.14322916666666666
