2 0.439453125 0.107421875 0.4482421875 0.107421875 0.4482421875 0.123046875 0.439453125 0.123046875
3 0.44970703125 0.107421875 0.45849609375 0.107421875 0.45849609375 0.123046875 0.44970703125 0.123046875
37 0.4599609375 0.107421875 0.46875 0.107421875 0.46875 0.119140625 0.4599609375 0.119140625
0 0.47021484375 0.107421875 0.4765625 0.107421875 0.4765625 0.12369791666666667 0.47021484375 0.12369791666666667
8 0.47802734375 0.107421875 0.484375 0.107421875 0.484375 0.12369791666666667 0.47802734375 0.12369791666666667
37 0.48583984375 0.107421875 0.49462890625 0.107421875 0.49462890625 0.119140625 0.48583984375 0.119140625
2 0.49609375 0.107421875 0.50244140625 0.107421875 0.50244140625 0.12369791666666667 0.49609375 0.12369791666666667
0 0.50390625 0.107421875 0.5126953125 0.107421875 0.5126953125 0.12369791666666667 0.50390625 0.12369791666666667
2 0.51416015625 0.107421875 0.52294921875 0.107421875 0.52294921875 0.12369791666666667 0.51416015625 0.12369791666666667
5 0.5244140625 0.107421875 0.533203125 0.107421875 0.533203125 0.12369791666666667 0.5244140625 0.12369791666666667
1 0.54443359375 0.107421875 0.55029296875 0.107421875 0.55029296875 0.123046875 0.54443359375 0.123046875
6 0.552734375 0.107421875 0.55908203125 0.107421875 0.55908203125 0.12369791666666667 0.552734375 0.12369791666666667
36 0.5615234375 0.107421875 0.5654296875 0.107421875 0.5654296875 0.119140625 0.5615234375 0.119140625
2 0.56787109375 0.107421875 0.57666015625 0.107421875 0.57666015625 0.12369791666666667 0.56787109375 0.12369791666666667
3 0.5791015625 0.107421875 0.587890625 0.107421875 0.587890625 0.123046875 0.5791015625 0.123046875
3 0.439453125 0.126953125 0.44580078125 0.126953125 0.44580078125 0.14322916666666666 0.439453125 0.14322916666666666
4 0.447265625 0.126953125 0.45361328125 0.126953125 0.45361328125 0.14322916666666666 0.447265625 0.14322916666666666
1 0.455078125 0.126953125 0.458984375 0.126953125 0.458984375 0.14322916666666666 0.455078125 0.14322916666666666
6 0.46044921875 0.126953125 0.466796875 0.126953125 0.466796875 0.14322916666666666 0.46044921875 0.14322916666666666
2 0.46826171875 0.126953125 0.474609375 0.126953125 0.474609375 0.14322916666666666 0.46826171875 0.14322916666666666
8 0.47607421875 0.126953125 0.482421875 0.126953125 0.482421875 0.14322916666666666 0.47607421875 0.14322916666666666
8 0.484375 0.126953125 0.4931640625 0.126953125 0.4931640625 0.142578125 0.484375 0.142578125
2 0.4951171875 0.126953125 0.50390625 0.126953125 0.50390625 0.142578125 0.4951171875 0.142578125
31 0.50537109375 0.126953125 0.51171875 0.126953125 0.51171875 0.14322916666666666 0.50537109375 0.14322916666666666
21 0.51318359375 0.126953125 0.51953125 0.126953125 0.51953125 0.14322916666666666 0.51318359375 0.14322916666666666
