2 0.439453125 0.107421875 0.44580078125 0.107421875 0.44580078125 0.12369791666666667 0.439453125 0.12369791666666667
1 0.447265625 0.107421875 0.453125 0.107421875 0.453125 0.123046875 0.447265625 0.123046875
37 0.45458984375 0.107421875 0.46337890625 0.107421875 0.46337890625 0.119140625 0.45458984375 0.119140625
0 0.46484375 0.107421875 0.47119140625 0.107421875 0.47119140625 0.12369791666666667 0.46484375 0.12369791666666667
2 0.47265625 0.107421875 0.4814453125 0.107421875 0.4814453125 0.123046875 0.47265625 0.123046875
37 0.48291015625 0.107421875 0.49169921875 0.107421875 0.49169921875 0.119140625 0.48291015625 0.119140625
2 0.4931640625 0.107421875 0.501953125 0.107421875 0.501953125 0.123046875 0.4931640625 0.123046875
0 0.50341796875 0.107421875 0.51220703125 0.107421875 0.51220703125 0.123046875 0.50341796875 0.123046875
2 0.513671875 0.107421875 0.5224609375 0.107421875 0.5224609375 0.123046875 0.513671875 0.123046875
5 0.52392578125 0.107421875 0.5302734375 0.107421875 0.5302734375 0.12369791666666667 0.52392578125 0.12369791666666667
1 0.54150390625 0.107421875 0.54736328125 0.107421875 0.54736328125 0.123046875 0.54150390625 0.123046875
6 0.548828125 0.107421875 0.55517578125 0.107421875 0.55517578125 0.12369791666666667 0.548828125 0.12369791666666667
36 0.55712890625 0.107421875 0.56103515625 0.107421875 0.56103515625 0.119140625 0.55712890625 0.119140625
2 0.56298828125 0.107421875 0.57177734375 0.107421875 0.57177734375 0.123046875 0.56298828125 0.123046875
3 0.57373046875 0.107421875 0.58251953125 0.107421875 0.58251953125 0.123046875 0.57373046875 0.123046875
8 0.439453125 0.126953125 0.4482421875 0.126953125 0.4482421875 0.142578125 0.439453125 0.142578125
6 0.4501953125 0.126953125 0.45654296875 0.126953125 0.45654296875 0.14322916666666666 0.4501953125 0.14322916666666666
9 0.45849609375 0.126953125 0.46484375 0.126953125 0.46484375 0.14322916666666666 0.45849609375 0.14322916666666666
4 0.46728515625 0.126953125 0.47607421875 0.126953125 0.47607421875 0.142578125 0.46728515625 0.142578125
0 0.4775390625 0.126953125 0.486328125 0.126953125 0.486328125 0.142578125 0.4775390625 0.142578125
8 0.48876953125 0.126953125 0.49755859375 0.126953125 0.49755859375 0.142578125 0.48876953125 0.142578125
9 0.5 0.126953125 0.50634765625 0.126953125 0.50634765625 0.14322916666666666 0.5 0.14322916666666666
5 0.5078125 0.126953125 0.5166015625 0.126953125 0.5166015625 0.14322916666666666 0.5078125 0.14322916666666666
34 0.5185546875 0.126953125 0.52490234375 0.126953125 0.52490234375 0.14322916666666666 0.5185546875 0.14322916666666666
21 0.5263671875 0.126953125 0.53271484375 0.126953125 0.53271484375 0.14322916666666666 0.5263671875 0.14322916666666666
