1 0.439453125 0.107421875 0.4453125 0.107421875 0.4453125 0.123046875 0.439453125 0.123046875
7 0.44677734375 0.107421875 0.453125 0.107421875 0.453125 0.12369791666666667 0.44677734375 0.12369791666666667
37 0.45458984375 0.107421875 0.46337890625 0.107421875 0.46337890625 0.119140625 0.45458984375 0.119140625
1 0.46484375 0.107421875 0.470703125 0.107421875 0.470703125 0.123046875 0.46484375 0.123046875
0 0.47216796875 0.107421875 0.48095703125 0.107421875 0.48095703125 0.123046875 0.47216796875 0.123046875
37 0.482421875 0.107421875 0.4912109375 0.107421875 0.4912109375 0.119140625 0.482421875 0.119140625
2 0.49267578125 0.107421875 0.50146484375 0.107421875 0.50146484375 0.12369791666666667 0.49267578125 0.12369791666666667
0 0.5029296875 0.107421875 0.51171875 0.107421875 0.51171875 0.123046875 0.5029296875 0.123046875
2 0.51318359375 0.107421875 0.51953125 0.107421875 0.51953125 0.12369791666666667 0.51318359375 0.12369791666666667
5 0.52099609375 0.107421875 0.52978515625 0.107421875 0.52978515625 0.123046875 0.52099609375 0.123046875
1 0.541015625 0.107421875 0.546875 0.107421875 0.546875 0.123046875 0.541015625 0.123046875
6 0.548828125 0.107421875 0.5576171875 0.107421875 0.5576171875 0.123046875 0.548828125 0.123046875
36 0.5595703125 0.107421875 0.5634765625 0.107421875 0.5634765625 0.119140625 0.5595703125 0.119140625
2 0.5654296875 0.107421875 0.57421875 0.107421875 0.57421875 0.123046875 0.5654296875 0.123046875
3 0.57666015625 0.107421875 0.58544921875 0.107421875 0.58544921875 0.123046875 0.57666015625 0.123046875
5 0.439453125 0.126953125 0.44580078125 0.126953125 0.44580078125 0.14322916666666666 0.439453125 0.14322916666666666
7 0.447265625 0.126953125 0.4560546875 0.126953125 0.4560546875 0.142578125 0.447265625 0.142578125
9 0.45751953125 0.126953125 0.46630859375 0.126953125 0.46630859375 0.142578125 0.45751953125 0.142578125
9 0.4677734375 0.126953125 0.4765625 0.126953125 0.4765625 0.142578125 0.4677734375 0.142578125
8 0.47802734375 0.126953125 0.48681640625 0.126953125 0.48681640625 0.142578125 0.47802734375 0.142578125
8 0.48876953125 0.126953125 0.4951171875 0.126953125 0.4951171875 0.14322916666666666 0.48876953125 0.14322916666666666
8 0.49755859375 0.126953125 0.50390625 0.126953125 0.50390625 0.14322916666666666 0.49755859375 0.14322916666666666
6 0.50537109375 0.126953125 0.51171875 0.126953125 0.51171875 0.14322916666666666 0.50537109375 0.14322916666666666
28 0.51416015625 0.126953125 0.52294921875 0.126953125 0.52294921875 0.142578125 0.51416015625 0.142578125
33 0.5244140625 0.126953125 0.533203125 0.126953125 0.533203125 0.142578125 0.5244140625 0.142578125
