0 0.439453125 0.107421875 0.4482421875 0.107421875 0.4482421875 0.12369791666666667 0.439453125 0.12369791666666667
7 0.44970703125 0.107421875 0.45849609375 0.107421875 0.45849609375 0.123046875 0.44970703125 0.123046875
37 0.4599609375 0.107421875 0.46875 0.107421875 0.46875 0.119140625 0.4599609375 0.119140625
0 0.47021484375 0.107421875 0.47900390625 0.107421875 0.47900390625 0.123046875 0.47021484375 0.123046875
7 0.48046875 0.107421875 0.4892578125 0.107421875 0.4892578125 0.123046875 0.48046875 0.123046875
37 0.49072265625 0.107421875 0.49951171875 0.107421875 0.49951171875 0.119140625 0.49072265625 0.119140625
2 0.5009765625 0.107421875 0.509765625 0.107421875 0.509765625 0.123046875 0.5009765625 0.123046875
0 0.51123046875 0.107421875 0.52001953125 0.107421875 0.52001953125 0.123046875 0.51123046875 0.123046875
2 0.521484375 0.107421875 0.52783203125 0.107421875 0.52783203125 0.12369791666666667 0.521484375 0.12369791666666667
5 0.529296875 0.107421875 0.5380859375 0.107421875 0.5380859375 0.123046875 0.529296875 0.123046875
1 0.54931640625 0.107421875 0.55517578125 0.107421875 0.55517578125 0.12369791666666667 0.54931640625 0.12369791666666667
6 0.556640625 0.107421875 0.5654296875 0.107421875 0.5654296875 0.123046875 0.556640625 0.123046875
36 0.56787109375 0.107421875 0.57177734375 0.107421875 0.57177734375 0.119140625 0.56787109375 0.119140625
2 0.5732421875 0.107421875 0.58203125 0.107421875 0.58203125 0.123046875 0.5732421875 0.123046875
3 0.58349609375 0.107421875 0.59228515625 0.107421875 0.59228515625 0.12369791666666667 0.58349609375 0.12369791666666667
1 0.439453125 0.126953125 0.443359375 0.126953125 0.443359375 0.14322916666666666 0.439453125 0.14322916666666666
5 0.4453125 0.126953125 0.4541015625 0.126953125 0.4541015625 0.142578125 0.4453125 0.142578125
5 0.4560546875 0.126953125 0.46240234375 0.126953125 0.46240234375 0.14322916666666666 0.4560546875 0.14322916666666666
5 0.46484375 0.126953125 0.47119140625 0.126953125 0.47119140625 0.14322916666666666 0.46484375 0.14322916666666666
9 0.47265625 0.126953125 0.47900390625 0.126953125 0.47900390625 0.14322916666666666 0.47265625 0.14322916666666666
2 0.48046875 0.126953125 0.4892578125 0.126953125 0.4892578125 0.14322916666666666 0.48046875 0.14322916666666666
1 0.4912109375 0.126953125 0.4970703125 0.126953125 0.4970703125 0.142578125 0.4912109375 0.142578125
8 0.49951171875 0.126953125 0.50830078125 0.126953125 0.50830078125 0.142578125 0.49951171875 0.142578125
21 0.51025390625 0.126953125 0.51904296875 0.126953125 0.51904296875 0.14322916666666666 0.51025390625 0.14322916666666666
13 0.5205078125 0.126953125 0.529296875 0.126953125 0.529296875 0.142578125 0.5205078125 0.142578125
