1 0.439453125 0.107421875 0.443359375 0.107421875 0.443359375 0.123046875 0.439453125 0.123046875
5 0.44482421875 0.107421875 0.451171875 0.107421875 0.451171875 0.12369791666666667 0.44482421875 0.12369791666666667
37 0.45263671875 0.107421875 0.46142578125 0.107421875 0.46142578125 0.119140625 0.45263671875 0.119140625
0 0.462890625 0.107421875 0.4716796875 0.107421875 0.4716796875 0.123046875 0.462890625 0.123046875
7 0.47314453125 0.107421875 0.4794921875 0.107421875 0.4794921875 0.12369791666666667 0.47314453125 0.12369791666666667
37 0.48095703125 0.107421875 0.48974609375 0.107421875 0.48974609375 0.119140625 0.48095703125 0.119140625
2 0.4912109375 0.107421875 0.5 0.107421875 0.5 0.123046875 0.4912109375 0.123046875
0 0.50146484375 0.107421875 0.5078125 0.107421875 0.5078125 0.12369791666666667 0.50146484375 0.12369791666666667
2 0.50927734375 0.107421875 0.51806640625 0.107421875 0.51806640625 0.123046875 0.50927734375 0.123046875
5 0.51953125 0.107421875 0.5283203125 0.107421875 0.5283203125 0.123046875 0.51953125 0.123046875
1 0.53955078125 0.107421875 0.54541015625 0.107421875 0.54541015625 0.12369791666666667 0.53955078125 0.12369791666666667
6 0.5478515625 0.107421875 0.556640625 0.107421875 0.556640625 0.123046875 0.5478515625 0.123046875
36 0.55908203125 0.107421875 0.56298828125 0.107421875 0.56298828125 0.119140625 0.55908203125 0.119140625
2 0.56494140625 0.107421875 0.5712890625 0.107421875 0.5712890625 0.12369791666666667 0.56494140625 0.12369791666666667
3 0.5732421875 0.107421875 0.58203125 0.107421875 0.58203125 0.12369791666666667 0.5732421875 0.12369791666666667
9 0.439453125 0.126953125 0.4482421875 0.126953125 0.4482421875 0.142578125 0.439453125 0.142578125
4 0.4501953125 0.126953125 0.458984375 0.126953125 0.458984375 0.14322916666666666 0.4501953125 0.14322916666666666
8 0.4609375 0.126953125 0.46728515625 0.126953125 0.46728515625 0.14322916666666666 0.4609375 0.14322916666666666
1 0.46923828125 0.126953125 0.47314453125 0.126953125 0.47314453125 0.14322916666666666 0.46923828125 0.14322916666666666
3 0.474609375 0.126953125 0.4833984375 0.126953125 0.4833984375 0.142578125 0.474609375 0.142578125
1 0.4853515625 0.126953125 0.4912109375 0.126953125 0.4912109375 0.142578125 0.4853515625 0.142578125
0 0.49365234375 0.126953125 0.5 0.126953125 0.5 0.14322916666666666 0.49365234375 0.14322916666666666
4 0.50244140625 0.126953125 0.5078125 0.126953125 0.5078125 0.14322916666666666 0.50244140625 0.14322916666666666
19 0.51025390625 0.126953125 0.51904296875 0.126953125 0.51904296875 0.142578125 0.51025390625 0.142578125
32 0.52099609375 0.126953125 0.52978515625 0.126953125 0.52978515625 0.142578125 0.52099609375 0.142578125
