2 0.439453125 0.107421875 0.44580078125 0.107421875 0.44580078125 0.12369791666666667 0.439453125 0.12369791666666667
4 0.447265625 0.107421875 0.4560546875 0.107421875 0.4560546875 0.123046875 0.447265625 0.123046875
37 0.45751953125 0.107421875 0.46630859375 0.107421875 0.46630859375 0.119140625 0.45751953125 0.119140625
0 0.4677734375 0.107421875 0.4765625 0.107421875 0.4765625 0.123046875 0.4677734375 0.123046875
2 0.47802734375 0.107421875 0.48681640625 0.107421875 0.48681640625 0.12369791666666667 0.47802734375 0.12369791666666667
37 0.48828125 0.107421875 0.4970703125 0.107421875 0.4970703125 0.119140625 0.48828125 0.119140625
2 0.49853515625 0.107421875 0.50732421875 0.107421875 0.50732421875 0.123046875 0.49853515625 0.123046875
0 0.5087890625 0.107421875 0.51513671875 0.107421875 0.51513671875 0.12369791666666667 0.5087890625 0.12369791666666667
2 0.5166015625 0.107421875 0.525390625 0.107421875 0.525390625 0.12369791666666667 0.5166015625 0.12369791666666667
5 0.52685546875 0.107421875 0.53564453125 0.107421875 0.53564453125 0.12369791666666667 0.52685546875 0.12369791666666667
1 0.546875 0.107421875 0.552734375 0.107421875 0.552734375 0.123046875 0.546875 0.123046875
6 0.55419921875 0.107421875 0.56298828125 0.107421875 0.56298828125 0.123046875 0.55419921875 0.123046875
36 0.564453125 0.107421875 0.56640625 0.107421875 0.56640625 0.11783854166666667 0.564453125 0.11783854166666667
2 0.56787109375 0.107421875 0.57421875 0.107421875 0.57421875 0.12369791666666667 0.56787109375 0.12369791666666667
3 0.57568359375 0.107421875 0.58203125 0.107421875 0.58203125 0.12369791666666667 0.57568359375 0.12369791666666667
0 0.439453125 0.126953125 0.4482421875 0.126953125 0.4482421875 0.142578125 0.439453125 0.142578125
3 0.45068359375 0.126953125 0.45703125 0.126953125 0.45703125 0.14322916666666666 0.45068359375 0.14322916666666666
2 0.45849609375 0.126953125 0.46728515625 0.126953125 0.46728515625 0.142578125 0.45849609375 0.142578125
9 0.4697265625 0.126953125 0.47607421875 0.126953125 0.47607421875 0.14322916666666666 0.4697265625 0.14322916666666666
4 0.4775390625 0.126953125 0.48388671875 0.126953125 0.48388671875 0.14322916666666666 0.4775390625 0.14322916666666666
0 0.48583984375 0.126953125 0.49462890625 0.126953125 0.49462890625 0.142578125 0.48583984375 0.142578125
6 0.49658203125 0.126953125 0.50537109375 0.126953125 0.50537109375 0.14322916666666666 0.49658203125 0.14322916666666666
2 0.50732421875 0.126953125 0.513671875 0.126953125 0.513671875 0.14322916666666666 0.50732421875 0.14322916666666666
27 0.515625 0.126953125 0.52197265625 0.126953125 0.52197265625 0.14322916666666666 0.515625 0.14322916666666666
22 0.5244140625 0.126953125 0.533203125 0.126953125 0.533203125 0.142578125 0.5244140625 0.142578125
