2 0.439453125 0.107421875 0.4482421875 0.107421875 0.4482421875 0.12369791666666667 0.439453125 0.12369791666666667
3 0.44970703125 0.107421875 0.45849609375 0.107421875 0.45849609375 0.123046875 0.44970703125 0.123046875
37 0.4599609375 0.107421875 0.46875 0.107421875 0.46875 0.119140625 0.4599609375 0.119140625
0 0.47021484375 0.107421875 0.47900390625 0.107421875 0.47900390625 0.123046875 0.47021484375 0.123046875
3 0.48046875 0.107421875 0.48681640625 0.107421875 0.48681640625 0.12369791666666667 0.48046875 0.12369791666666667
37 0.48828125 0.107421875 0.4970703125 0.107421875 0.4970703125 0.119140625 0.48828125 0.119140625
2 0.49853515625 0.107421875 0.50732421875 0.107421875 0.50732421875 0.123046875 0.49853515625 0.123046875
0 0.5087890625 0.107421875 0.517578125 0.107421875 0.517578125 0.123046875 0.5087890625 0.123046875
2 0.51904296875 0.107421875 0.52783203125 0.107421875 0.52783203125 0.123046875 0.51904296875 0.123046875
5 0.529296875 0.107421875 0.5380859375 0.107421875 0.5380859375 0.123046875 0.529296875 0.123046875
1 0.54931640625 0.107421875 0.55517578125 0.107421875 0.55517578125 0.123046875 0.54931640625 0.123046875
6 0.5576171875 0.107421875 0.56396484375 0.107421875 0.56396484375 0.12369791666666667 0.5576171875 0.12369791666666667
36 0.5654296875 0.107421875 0.5693359375 0.107421875 0.5693359375 0.119140625 0.5654296875 0.119140625
2 0.5712890625 0.107421875 0.580078125 0.107421875 0.580078125 0.123046875 0.5712890625 0.123046875
3 0.58251953125 0.107421875 0.5888671875 0.107421875 0.5888671875 0.12369791666666667 0.58251953125 0.12369791666666667
3 0.439453125 0.126953125 0.4482421875 0.126953125 0.4482421875 0.142578125 0.439453125 0.142578125
0 0.44970703125 0.126953125 0.45849609375 0.126953125 0.45849609375 0.142578125 0.44970703125 0.142578125
0 0.4609375 0.126953125 0.46728515625 0.126953125 0.46728515625 0.14322916666666666 0.4609375 0.14322916666666666
5 0.46875 0.126953125 0.4775390625 0.126953125 0.4775390625 0.14322916666666666 0.46875 0.14322916666666666
0 0.47900390625 0.126953125 0.48779296875 0.126953125 0.48779296875 0.142578125 0.47900390625 0.142578125
9 0.4892578125 0.126953125 0.49560546875 0.126953125 0.49560546875 0.14322916666666666 0.4892578125 0.14322916666666666
2 0.498046875 0.126953125 0.5068359375 0.126953125 0.5068359375 0.142578125 0.498046875 0.142578125
3 0.50927734375 0.126953125 0.51806640625 0.126953125 0.51806640625 0.14322916666666666 0.50927734375 0.14322916666666666
13 0.5205078125 0.126953125 0.52685546875 0.126953125 0.52685546875 0.14322916666666666 0.5205078125 0.14322916666666666
35 0.529296875 0.126953125 0.5380859375 0.126953125 0.5380859375 0.142578125 0.529296875 0.142578125
