1 0.439453125 0.107421875 0.4453125 0.107421875 0.4453125 0.123046875 0.439453125 0.123046875
8 0.44677734375 0.107421875 0.453125 0.107421875 0.453125 0.12369791666666667 0.44677734375 0.12369791666666667
37 0.45458984375 0.107421875 0.46337890625 0.107421875 0.46337890625 0.119140625 0.45458984375 0.119140625
0 0.46484375 0.107421875 0.4736328125 0.107421875 0.4736328125 0.123046875 0.46484375 0.123046875
5 0.47509765625 0.107421875 0.48388671875 0.107421875 0.48388671875 0.123046875 0.47509765625 0.123046875
37 0.4853515625 0.107421875 0.494140625 0.107421875 0.494140625 0.119140625 0.4853515625 0.119140625
2 0.49560546875 0.107421875 0.501953125 0.107421875 0.501953125 0.12369791666666667 0.49560546875 0.12369791666666667
0 0.50341796875 0.107421875 0.51220703125 0.107421875 0.51220703125 0.123046875 0.50341796875 0.123046875
2 0.513671875 0.107421875 0.5224609375 0.107421875 0.5224609375 0.123046875 0.513671875 0.123046875
5 0.52392578125 0.107421875 0.53271484375 0.107421875 0.53271484375 0.12369791666666667 0.52392578125 0.12369791666666667
1 0.5439453125 0.107421875 0.5498046875 0.107421875 0.5498046875 0.123046875 0.5439453125 0.123046875
6 0.55224609375 0.107421875 0.55859375 0.107421875 0.55859375 0.12369791666666667 0.55224609375 0.12369791666666667
36 0.560546875 0.107421875 0.5625 0.107421875 0.5625 0.11783854166666667 0.560546875 0.11783854166666667
2 0.564453125 0.107421875 0.57080078125 0.107421875 0.57080078125 0.12369791666666667 0.564453125 0.12369791666666667
3 0.572265625 0.107421875 0.5810546875 0.107421875 0.5810546875 0.12369791666666667 0.572265625 0.12369791666666667
6 0.439453125 0.126953125 0.44580078125 0.126953125 0.44580078125 0.14322916666666666 0.439453125 0.14322916666666666
8 0.4482421875 0.126953125 0.45703125 0.126953125 0.45703125 0.142578125 0.4482421875 0.142578125
6 0.458984375 0.126953125 0.46533203125 0.126953125 0.46533203125 0.14322916666666666 0.458984375 0.14322916666666666
8 0.4677734375 0.126953125 0.47412109375 0.126953125 0.47412109375 0.14322916666666666 0.4677734375 0.14322916666666666
0 0.47607421875 0.126953125 0.48486328125 0.126953125 0.48486328125 0.142578125 0.47607421875 0.142578125
5 0.486328125 0.126953125 0.49267578125 0.126953125 0.49267578125 0.14322916666666666 0.486328125 0.14322916666666666
6 0.4951171875 0.126953125 0.50146484375 0.126953125 0.50146484375 0.14322916666666666 0.4951171875 0.14322916666666666
8 0.50341796875 0.126953125 0.509765625 0.126953125 0.509765625 0.14322916666666666 0.50341796875 0.14322916666666666
14 0.51123046875 0.126953125 0.52001953125 0.126953125 0.52001953125 0.142578125 0.51123046875 0.142578125
23 0.52197265625 0.126953125 0.53076171875 0.126953125 0.53076171875 0.142578125 0.52197265625 0.142578125
