1 0.439453125 0.107421875 0.44384765625 0.107421875 0.44384765625 0.12369791666666667 0.439453125 0.12369791666666667
2 0.4453125 0.107421875 0.4541015625 0.107421875 0.4541015625 0.123046875 0.4453125 0.123046875
37 0.45556640625 0.107421875 0.462890625 0.107421875 0.462890625 0.1171875 0.45556640625 0.1171875
0 0.46435546875 0.107421875 0.47314453125 0.107421875 0.47314453125 0.123046875 0.46435546875 0.123046875
3 0.474609375 0.107421875 0.4833984375 0.107421875 0.4833984375 0.12369791666666667 0.474609375 0.12369791666666667
37 0.48486328125 0.107421875 0.49365234375 0.107421875 0.49365234375 0.119140625 0.48486328125 0.119140625
2 0.4951171875 0.107421875 0.50390625 0.107421875 0.50390625 0.123046875 0.4951171875 0.123046875
0 0.50537109375 0.107421875 0.51171875 0.107421875 0.51171875 0.12369791666666667 0.50537109375 0.12369791666666667
2 0.51318359375 0.107421875 0.52197265625 0.107421875 0.52197265625 0.123046875 0.51318359375 0.123046875
5 0.5234375 0.107421875 0.5322265625 0.107421875 0.5322265625 0.123046875 0.5234375 0.123046875
1 0.54345703125 0.107421875 0.54736328125 0.107421875 0.54736328125 0.12369791666666667 0.54345703125 0.12369791666666667
6 0.548828125 0.107421875 0.55517578125 0.107421875 0.55517578125 0.12369791666666667 0.548828125 0.12369791666666667
36 0.5576171875 0.107421875 0.5615234375 0.107421875 0.5615234375 0.119140625 0.5576171875 0.119140625
2 0.5634765625 0.107421875 0.56982421875 0.107421875 0.56982421875 0.12369791666666667 0.5634765625 0.12369791666666667
2 0.57177734375 0.107421875 0.578125 0.107421875 0.578125 0.12369791666666667 0.57177734375 0.12369791666666667
5 0.439453125 0.126953125 0.4482421875 0.126953125 0.4482421875 0.142578125 0.439453125 0.142578125
1 0.44970703125 0.126953125 0.4541015625 0.126953125 0.4541015625 0.14322916666666666 0.44970703125 0.14322916666666666
2 0.4560546875 0.126953125 0.46484375 0.126953125 0.46484375 0.142578125 0.4560546875 0.142578125
8 0.46630859375 0.126953125 0.47265625 0.126953125 0.47265625 0.14322916666666666 0.46630859375 0.14322916666666666
6 0.47509765625 0.126953125 0.4814453125 0.126953125 0.4814453125 0.14322916666666666 0.47509765625 0.14322916666666666
8 0.4833984375 0.126953125 0.48974609375 0.126953125 0.48974609375 0.14322916666666666 0.4833984375 0.14322916666666666
1 0.4912109375 0.126953125 0.4970703125 0.126953125 0.4970703125 0.142578125 0.4912109375 0.142578125
3 0.4990234375 0.126953125 0.50537109375 0.126953125 0.50537109375 0.14322916666666666 0.4990234375 0.14322916666666666
25 0.5078125 0.126953125 0.5166015625 0.126953125 0.5166015625 0.142578125 0.5078125 0.142578125
31 0.51904296875 0.126953125 0.52783203125 0.126953125 0.52783203125 0.142578125 0.51904296875 0.142578125
