1 0.439453125 0.107421875 0.44384765625 0.107421875 0.44384765625 0.12369791666666667 0.439453125 0.12369791666666667
9 0.4453125 0.107421875 0.4541015625 0.107421875 0.4541015625 0.123046875 0.4453125 0.123046875
37 0.45556640625 0.107421875 0.46435546875 0.107421875 0.46435546875 0.119140625 0.45556640625 0.119140625
0 0.4658203125 0.107421875 0.474609375 0.107421875 0.474609375 0.123046875 0.4658203125 0.123046875
2 0.47607421875 0.107421875 0.48486328125 0.107421875 0.48486328125 0.12369791666666667 0.47607421875 0.12369791666666667
37 0.486328125 0.107421875 0.4951171875 0.107421875 0.4951171875 0.119140625 0.486328125 0.119140625
2 0.49658203125 0.107421875 0.50537109375 0.107421875 0.50537109375 0.12369791666666667 0.49658203125 0.12369791666666667
0 0.5068359375 0.107421875 0.51318359375 0.107421875 0.51318359375 0.12369791666666667 0.5068359375 0.12369791666666667
2 0.5146484375 0.107421875 0.5234375 0.107421875 0.5234375 0.12369791666666667 0.5146484375 0.12369791666666667
5 0.52490234375 0.107421875 0.53369140625 0.107421875 0.53369140625 0.123046875 0.52490234375 0.123046875
1 0.544921875 0.107421875 0.55078125 0.107421875 0.55078125 0.123046875 0.544921875 0.123046875
6 0.55322265625 0.107421875 0.5595703125 0.107421875 0.5595703125 0.12369791666666667 0.55322265625 0.12369791666666667
36 0.56201171875 0.107421875 0.56591796875 0.107421875 0.56591796875 0.119140625 0.56201171875 0.119140625
2 0.56787109375 0.107421875 0.57666015625 0.107421875 0.57666015625 0.12369791666666667 0.56787109375 0.12369791666666667
3 0.578125 0.107421875 0.5869140625 0.107421875 0.5869140625 0.123046875 0.578125 0.123046875
5 0.439453125 0.126953125 0.4482421875 0.126953125 0.4482421875 0.142578125 0.439453125 0.142578125
7 0.44970703125 0.126953125 0.4560546875 0.126953125 0.4560546875 0.14322916666666666 0.44970703125 0.14322916666666666
4 0.45751953125 0.126953125 0.4638671875 0.126953125 0.4638671875 0.14322916666666666 0.45751953125 0.14322916666666666
4 0.46630859375 0.126953125 0.47265625 0.126953125 0.47265625 0.14322916666666666 0.46630859375 0.14322916666666666
7 0.474609375 0.126953125 0.4833984375 0.126953125 0.4833984375 0.142578125 0.474609375 0.142578125
6 0.48583984375 0.126953125 0.4921875 0.126953125 0.4921875 0.14322916666666666 0.48583984375 0.14322916666666666
9 0.49365234375 0.126953125 0.50244140625 0.126953125 0.50244140625 0.142578125 0.49365234375 0.142578125
7 0.50439453125 0.126953125 0.51318359375 0.126953125 0.51318359375 0.142578125 0.50439453125 0.142578125
29 0.51513671875 0.126953125 0.521484375 0.126953125 0.521484375 0.14322916666666666 0.51513671875 0.14322916666666666
16 0.52392578125 0.126953125 0.5302734375 0.126953125 0.5302734375 0.14322916666666666 0.52392578125 0.14322916666666666
