1 0.439453125 0.107421875 0.4453125 0.107421875 0.4453125 0.123046875 0.439453125 0.123046875
3 0.44677734375 0.107421875 0.45556640625 0.107421875 0.45556640625 0.123046875 0.44677734375 0.123046875
37 0.45703125 0.107421875 0.4658203125 0.107421875 0.4658203125 0.119140625 0.45703125 0.119140625
0 0.46728515625 0.107421875 0.4736328125 0.107421875 0.4736328125 0.12369791666666667 0.46728515625 0.12369791666666667
1 0.47509765625 0.107421875 0.47900390625 0.107421875 0.47900390625 0.12369791666666667 0.47509765625 0.12369791666666667
37 0.48046875 0.107421875 0.4892578125 0.107421875 0.4892578125 0.119140625 0.48046875 0.119140625
2 0.49072265625 0.107421875 0.49951171875 0.107421875 0.49951171875 0.12369791666666667 0.49072265625 0.12369791666666667
0 0.5009765625 0.107421875 0.509765625 0.107421875 0.509765625 0.123046875 0.5009765625 0.123046875
2 0.51123046875 0.107421875 0.517578125 0.107421875 0.517578125 0.12369791666666667 0.51123046875 0.12369791666666667
5 0.51904296875 0.107421875 0.52783203125 0.107421875 0.52783203125 0.123046875 0.51904296875 0.123046875
1 0.5390625 0.107421875 0.54296875 0.107421875 0.54296875 0.12369791666666667 0.5390625 0.12369791666666667
6 0.54541015625 0.107421875 0.55419921875 0.107421875 0.55419921875 0.123046875 0.54541015625 0.123046875
36 0.5556640625 0.107421875 0.5576171875 0.107421875 0.5576171875 0.11783854166666667 0.5556640625 0.11783854166666667
2 0.56005859375 0.107421875 0.56640625 0.107421875 0.56640625 0.12369791666666667 0.56005859375 0.12369791666666667
3 0.568359375 0.107421875 0.5771484375 0.107421875 0.5771484375 0.123046875 0.568359375 0.123046875
2 0.439453125 0.126953125 0.4482421875 0.126953125 0.4482421875 0.142578125 0.439453125 0.142578125
9 0.4501953125 0.126953125 0.45654296875 0.126953125 0.45654296875 0.14322916666666666 0.4501953125 0.14322916666666666
2 0.458984375 0.126953125 0.4677734375 0.126953125 0.4677734375 0.142578125 0.458984375 0.142578125
5 0.46923828125 0.126953125 0.47802734375 0.126953125 0.47802734375 0.142578125 0.46923828125 0.142578125
7 0.47998046875 0.126953125 0.486328125 0.126953125 0.486328125 0.14322916666666666 0.47998046875 0.14322916666666666
1 0.48876953125 0.126953125 0.49267578125 0.126953125 0.49267578125 0.14322916666666666 0.48876953125 0.14322916666666666
1 0.4951171875 0.126953125 0.5009765625 0.126953125 0.5009765625 0.142578125 0.4951171875 0.142578125
0 0.50341796875 0.126953125 0.51220703125 0.126953125 0.51220703125 0.142578125 0.50341796875 0.142578125
28 0.513671875 0.126953125 0.52001953125 0.126953125 0.52001953125 0.14322916666666666 0.513671875 0.14322916666666666
18 0.521484375 0.126953125 0.525390625 0.126953125 0.525390625 0.14322916666666666 0.521484375 0.14322916666666666
