0 0.439453125 0.107421875 0.4482421875 0.107421875 0.4482421875 0.123046875 0.439453125 0.123046875
4 0.44970703125 0.107421875 0.45849609375 0.107421875 0.45849609375 0.123046875 0.44970703125 0.123046875
37 0.4599609375 0.107421875 0.46875 0.107421875 0.46875 0.119140625 0.4599609375 0.119140625
0 0.47021484375 0.107421875 0.4765625 0.107421875 0.4765625 0.12369791666666667 0.47021484375 0.12369791666666667
6 0.47802734375 0.107421875 0.48681640625 0.107421875 0.48681640625 0.123046875 0.47802734375 0.123046875
37 0.48828125 0.107421875 0.4970703125 0.107421875 0.4970703125 0.119140625 0.48828125 0.119140625
2 0.49853515625 0.107421875 0.50732421875 0.107421875 0.50732421875 0.12369791666666667 0.49853515625 0.12369791666666667
0 0.5087890625 0.107421875 0.51513671875 0.107421875 0.51513671875 0.12369791666666667 0.5087890625 0.12369791666666667
2 0.5166015625 0.107421875 0.525390625 0.107421875 0.525390625 0.123046875 0.5166015625 0.123046875
5 0.52685546875 0.107421875 0.53564453125 0.107421875 0.53564453125 0.12369791666666667 0.52685546875 0.12369791666666667
1 0.546875 0.107421875 0.55078125 0.107421875 0.55078125 0.12044270833333333 0.546875 0.12044270833333333
6 0.55322265625 0.107421875 0.5595703125 0.107421875 0.5595703125 0.12369791666666667 0.55322265625 0.12369791666666667
36 0.56201171875 0.107421875 0.56396484375 0.107421875 0.56396484375 0.1171875 0.56201171875 0.1171875
2 0.56640625 0.107421875 0.5751953125 0.107421875 0.5751953125 0.123046875 0.56640625 0.123046875
3 0.57763671875 0.107421875 0.58642578125 0.107421875 0.58642578125 0.123046875 0.57763671875 0.123046875
7 0.439453125 0.126953125 0.44580078125 0.126953125 0.44580078125 0.14322916666666666 0.439453125 0.14322916666666666
9 0.4482421875 0.126953125 0.45703125 0.126953125 0.45703125 0.142578125 0.4482421875 0.142578125
7 0.45947265625 0.126953125 0.46826171875 0.126953125 0.46826171875 0.142578125 0.45947265625 0.142578125
4 0.470703125 0.126953125 0.47705078125 0.126953125 0.47705078125 0.14322916666666666 0.470703125 0.14322916666666666
7 0.478515625 0.126953125 0.4873046875 0.126953125 0.4873046875 0.142578125 0.478515625 0.142578125
4 0.48974609375 0.126953125 0.49609375 0.126953125 0.49609375 0.142578125 0.48974609375 0.142578125
6 0.498046875 0.126953125 0.5068359375 0.126953125 0.5068359375 0.142578125 0.498046875 0.142578125
7 0.50830078125 0.126953125 0.5146484375 0.126953125 0.5146484375 0.14322916666666666 0.50830078125 0.14322916666666666
29 0.5166015625 0.126953125 0.525390625 0.126953125 0.525390625 0.142578125 0.5166015625 0.142578125
12 0.52685546875 0.126953125 0.53564453125 0.126953125 0.53564453125 0.142578125 0.52685546875 0.142578125
