2 0.439453125 0.107421875 0.4482421875 0.107421875 0.4482421875 0.123046875 0.439453125 0.123046875
3 0.44970703125 0.107421875 0.4560546875 0.107421875 0.4560546875 0.12369791666666667 0.44970703125 0.12369791666666667
37 0.45751953125 0.107421875 0.46630859375 0.107421875 0.46630859375 0.119140625 0.45751953125 0.119140625
0 0.4677734375 0.107421875 0.4765625 0.107421875 0.4765625 0.123046875 0.4677734375 0.123046875
9 0.47802734375 0.107421875 0.48681640625 0.107421875 0.48681640625 0.123046875 0.47802734375 0.123046875
37 0.48828125 0.107421875 0.4970703125 0.107421875 0.4970703125 0.119140625 0.48828125 0.119140625
2 0.49853515625 0.107421875 0.50732421875 0.107421875 0.50732421875 0.12369791666666667 0.49853515625 0.12369791666666667
0 0.5087890625 0.107421875 0.517578125 0.107421875 0.517578125 0.123046875 0.5087890625 0.123046875
2 0.51904296875 0.107421875 0.52783203125 0.107421875 0.52783203125 0.123046875 0.51904296875 0.123046875
5 0.529296875 0.107421875 0.53564453125 0.107421875 0.53564453125 0.12369791666666667 0.529296875 0.12369791666666667
1 0.546875 0.107421875 0.552734375 0.107421875 0.552734375 0.123046875 0.546875 0.123046875
6 0.55419921875 0.107421875 0.56298828125 0.107421875 0.56298828125 0.123046875 0.55419921875 0.123046875
36 0.5654296875 0.107421875 0.5693359375 0.107421875 0.5693359375 0.119140625 0.5654296875 0.119140625
2 0.57177734375 0.107421875 0.58056640625 0.107421875 0.58056640625 0.123046875 0.57177734375 0.123046875
3 0.58203125 0.107421875 0.5908203125 0.107421875 0.5908203125 0.123046875 0.58203125 0.123046875
0 0.439453125 0.126953125 0.4482421875 0.126953125 0.4482421875 0.142578125 0.439453125 0.142578125
5 0.4501953125 0.126953125 0.458984375 0.126953125 0.458984375 0.14322916666666666 0.4501953125 0.14322916666666666
9 0.46044921875 0.126953125 0.466796875 0.126953125 0.466796875 0.14322916666666666 0.46044921875 0.14322916666666666
9 0.46875 0.126953125 0.4775390625 0.126953125 0.4775390625 0.142578125 0.46875 0.142578125
5 0.47998046875 0.126953125 0.486328125 0.126953125 0.486328125 0.14322916666666666 0.47998046875 0.14322916666666666
5 0.48828125 0.126953125 0.4970703125 0.126953125 0.4970703125 0.142578125 0.48828125 0.142578125
4 0.4990234375 0.126953125 0.5078125 0.126953125 0.5078125 0.142578125 0.4990234375 0.142578125
2 0.51025390625 0.126953125 0.5166015625 0.126953125 0.5166015625 0.14322916666666666 0.51025390625 0.14322916666666666
18 0.51806640625 0.126953125 0.5224609375 0.126953125 0.5224609375 0.14322916666666666 0.51806640625 0.14322916666666666
17 0.52392578125 0.126953125 0.53271484375 0.126953125 0.53271484375 0.14322916666666666 0.52392578125 0.14322916666666666
