0 0.439453125 0.107421875 0.4482421875 0.107421875 0.4482421875 0.123046875 0.439453125 0.123046875
8 0.44970703125 0.107421875 0.45849609375 0.107421875 0.45849609375 0.12369791666666667 0.44970703125 0.12369791666666667
37 0.4599609375 0.107421875 0.46875 0.107421875 0.46875 0.119140625 0.4599609375 0.119140625
0 0.47021484375 0.107421875 0.47900390625 0.107421875 0.47900390625 0.123046875 0.47021484375 0.123046875
1 0.48046875 0.107421875 0.484375 0.107421875 0.484375 0.12369791666666667 0.48046875 0.12369791666666667
37 0.48583984375 0.107421875 0.49462890625 0.107421875 0.49462890625 0.119140625 0.48583984375 0.119140625
2 0.49609375 0.107421875 0.50244140625 0.107421875 0.50244140625 0.12369791666666667 0.49609375 0.12369791666666667
0 0.50390625 0.107421875 0.5126953125 0.107421875 0.5126953125 0.123046875 0.50390625 0.123046875
2 0.51416015625 0.107421875 0.52294921875 0.107421875 0.52294921875 0.123046875 0.51416015625 0.123046875
5 0.5244140625 0.107421875 0.53076171875 0.107421875 0.53076171875 0.12369791666666667 0.5244140625 0.12369791666666667
1 0.5419921875 0.107421875 0.5478515625 0.107421875 0.5478515625 0.123046875 0.5419921875 0.123046875
6 0.5498046875 0.107421875 0.55859375 0.107421875 0.55859375 0.123046875 0.5498046875 0.123046875
36 0.560546875 0.107421875 0.564453125 0.107421875 0.564453125 0.119140625 0.560546875 0.119140625
2 0.56689453125 0.107421875 0.5732421875 0.107421875 0.5732421875 0.12369791666666667 0.56689453125 0.12369791666666667
3 0.57470703125 0.107421875 0.58349609375 0.107421875 0.58349609375 0.12369791666666667 0.57470703125 0.12369791666666667
6 0.439453125 0.126953125 0.4482421875 0.126953125 0.4482421875 0.142578125 0.439453125 0.142578125
7 0.44970703125 0.126953125 0.4560546875 0.126953125 0.4560546875 0.142578125 0.44970703125 0.142578125
1 0.45849609375 0.126953125 0.46435546875 0.126953125 0.46435546875 0.142578125 0.45849609375 0.142578125
4 0.466796875 0.126953125 0.4755859375 0.126953125 0.4755859375 0.142578125 0.466796875 0.142578125
3 0.47802734375 0.126953125 0.48681640625 0.126953125 0.48681640625 0.142578125 0.47802734375 0.142578125
0 0.48828125 0.126953125 0.4970703125 0.126953125 0.4970703125 0.142578125 0.48828125 0.142578125
3 0.49853515625 0.126953125 0.50732421875 0.126953125 0.50732421875 0.14322916666666666 0.49853515625 0.14322916666666666
6 0.50927734375 0.126953125 0.515625 0.126953125 0.515625 0.14322916666666666 0.50927734375 0.14322916666666666
23 0.51806640625 0.126953125 0.5244140625 0.126953125 0.5244140625 0.14322916666666666 0.51806640625 0.14322916666666666
20 0.52587890625 0.126953125 0.53466796875 0.126953125 0.53466796875 0.142578125 0.52587890625 0.142578125
