2 0.439453125 0.107421875 0.4482421875 0.107421875 0.4482421875 0.12369791666666667 0.439453125 0.12369791666666667
5 0.44970703125 0.107421875 0.45849609375 0.107421875 0.45849609375 0.12369791666666667 0.44970703125 0.12369791666666667
37 0.4599609375 0.107421875 0.46875 0.107421875 0.46875 0.119140625 0.4599609375 0.119140625
0 0.47021484375 0.107421875 0.47900390625 0.107421875 0.47900390625 0.123046875 0.47021484375 0.123046875
7 0.48046875 0.107421875 0.48681640625 0.107421875 0.48681640625 0.12369791666666667 0.48046875 0.12369791666666667
37 0.48828125 0.107421875 0.4970703125 0.107421875 0.4970703125 0.119140625 0.48828125 0.119140625
2 0.49853515625 0.107421875 0.50732421875 0.107421875 0.50732421875 0.123046875 0.49853515625 0.123046875
0 0.5087890625 0.107421875 0.517578125 0.107421875 0.517578125 0.12369791666666667 0.5087890625 0.12369791666666667
2 0.51904296875 0.107421875 0.52783203125 0.107421875 0.52783203125 0.123046875 0.51904296875 0.123046875
5 0.529296875 0.107421875 0.5380859375 0.107421875 0.5380859375 0.123046875 0.529296875 0.123046875
1 0.54931640625 0.107421875 0.55517578125 0.107421875 0.55517578125 0.123046875 0.54931640625 0.123046875
6 0.556640625 0.107421875 0.5654296875 0.107421875 0.5654296875 0.123046875 0.556640625 0.123046875
36 0.5673828125 0.107421875 0.5712890625 0.107421875 0.5712890625 0.119140625 0.5673828125 0.119140625
2 0.5732421875 0.107421875 0.58203125 0.107421875 0.58203125 0.123046875 0.5732421875 0.123046875
3 0.58349609375 0.107421875 0.58984375 0.107421875 0.58984375 0.12369791666666667 0.58349609375 0.12369791666666667
8 0.439453125 0.126953125 0.44580078125 0.126953125 0.44580078125 0.14322916666666666 0.439453125 0.14322916666666666
0 0.447265625 0.126953125 0.4560546875 0.126953125 0.4560546875 0.142578125 0.447265625 0.142578125
8 0.4580078125 0.126953125 0.466796875 0.126953125 0.466796875 0.142578125 0.4580078125 0.142578125
3 0.46826171875 0.126953125 0.47705078125 0.126953125 0.47705078125 0.142578125 0.46826171875 0.142578125
7 0.47900390625 0.126953125 0.4853515625 0.126953125 0.4853515625 0.14322916666666666 0.47900390625 0.14322916666666666
5 0.4873046875 0.126953125 0.49365234375 0.126953125 0.49365234375 0.14322916666666666 0.4873046875 0.14322916666666666
3 0.49560546875 0.126953125 0.501953125 0.126953125 0.501953125 0.14322916666666666 0.49560546875 0.14322916666666666
8 0.50341796875 0.126953125 0.509765625 0.126953125 0.509765625 0.14322916666666666 0.50341796875 0.14322916666666666
31 0.51220703125 0.126953125 0.5185546875 0.126953125 0.5185546875 0.14322916666666666 0.51220703125 0.14322916666666666
30 0.52099609375 0.126953125 0.52978515625 0.126953125 0.52978515625 0.142578125 0.52099609375 0.142578125
