2 0.439453125 0.107421875 0.4482421875 0.107421875 0.4482421875 0.12369791666666667 0.439453125 0.12369791666666667
3 0.44970703125 0.107421875 0.45849609375 0.107421875 0.45849609375 0.12369791666666667 0.44970703125 0.12369791666666667
37 0.4599609375 0.107421875 0.46875 0.107421875 0.46875 0.119140625 0.4599609375 0.119140625
0 0.47021484375 0.107421875 0.47900390625 0.107421875 0.47900390625 0.123046875 0.47021484375 0.123046875
4 0.48046875 0.107421875 0.4892578125 0.107421875 0.4892578125 0.123046875 0.48046875 0.123046875
37 0.49072265625 0.107421875 0.49951171875 0.107421875 0.49951171875 0.119140625 0.49072265625 0.119140625
2 0.5009765625 0.107421875 0.509765625 0.107421875 0.509765625 0.123046875 0.5009765625 0.123046875
0 0.51123046875 0.107421875 0.517578125 0.107421875 0.517578125 0.12369791666666667 0.51123046875 0.12369791666666667
2 0.51904296875 0.107421875 0.525390625 0.107421875 0.525390625 0.12369791666666667 0.51904296875 0.12369791666666667
5 0.52685546875 0.107421875 0.53564453125 0.107421875 0.53564453125 0.12369791666666667 0.52685546875 0.12369791666666667
1 0.546875 0.107421875 0.55078125 0.107421875 0.55078125 0.12369791666666667 0.546875 0.12369791666666667
6 0.55224609375 0.107421875 0.56103515625 0.107421875 0.56103515625 0.123046875 0.55224609375 0.123046875
36 0.56298828125 0.107421875 0.56689453125 0.107421875 0.56689453125 0.119140625 0.56298828125 0.119140625
2 0.5693359375 0.107421875 0.578125 0.107421875 0.578125 0.123046875 0.5693359375 0.123046875
2 0.57958984375 0.107421875 0.58837890625 0.107421875 0.58837890625 0.123046875 0.57958984375 0.123046875
9 0.439453125 0.126953125 0.4482421875 0.126953125 0.4482421875 0.142578125 0.439453125 0.142578125
3 0.44970703125 0.126953125 0.45849609375 0.126953125 0.45849609375 0.142578125 0.44970703125 0.142578125
4 0.4609375 0.126953125 0.46728515625 0.126953125 0.46728515625 0.14322916666666666 0.4609375 0.14322916666666666
8 0.46875 0.126953125 0.47509765625 0.126953125 0.47509765625 0.14322916666666666 0.46875 0.14322916666666666
0 0.47705078125 0.126953125 0.48583984375 0.126953125 0.48583984375 0.142578125 0.47705078125 0.142578125
9 0.4873046875 0.126953125 0.49609375 0.126953125 0.49609375 0.142578125 0.4873046875 0.142578125
8 0.49755859375 0.126953125 0.50634765625 0.126953125 0.50634765625 0.142578125 0.49755859375 0.142578125
4 0.50830078125 0.126953125 0.5146484375 0.126953125 0.5146484375 0.14322916666666666 0.50830078125 0.14322916666666666
14 0.51708984375 0.126953125 0.5234375 0.126953125 0.5234375 0.14322916666666666 0.51708984375 0.14322916666666666
20 0.525390625 0.126953125 0.5341796875 0.126953125 0.5341796875 0.14322916666666666 0.525390625 0.14322916666666666
