2 0.439453125 0.107421875 0.4482421875 0.107421875 0.4482421875 0.123046875 0.439453125 0.123046875
9 0.44970703125 0.107421875 0.45849609375 0.107421875 0.45849609375 0.123046875 0.44970703125 0.123046875
37 0.4599609375 0.107421875 0.46875 0.107421875 0.46875 0.119140625 0.4599609375 0.119140625
0 0.47021484375 0.107421875 0.47900390625 0.107421875 0.47900390625 0.123046875 0.47021484375 0.123046875
1 0.48046875 0.107421875 0.486328125 0.107421875 0.486328125 0.12369791666666667 0.48046875 0.12369791666666667
37 0.48779296875 0.107421875 0.49658203125 0.107421875 0.49658203125 0.119140625 0.48779296875 0.119140625
2 0.498046875 0.107421875 0.5068359375 0.107421875 0.5068359375 0.123046875 0.498046875 0.123046875
0 0.50830078125 0.107421875 0.5146484375 0.107421875 0.5146484375 0.12369791666666667 0.50830078125 0.12369791666666667
2 0.51611328125 0.107421875 0.5224609375 0.107421875 0.5224609375 0.12369791666666667 0.51611328125 0.12369791666666667
5 0.52392578125 0.107421875 0.53271484375 0.107421875 0.53271484375 0.123046875 0.52392578125 0.123046875
1 0.5439453125 0.107421875 0.5498046875 0.107421875 0.5498046875 0.12369791666666667 0.5439453125 0.12369791666666667
6 0.55126953125 0.107421875 0.5576171875 0.107421875 0.5576171875 0.12369791666666667 0.55126953125 0.12369791666666667
36 0.55908203125 0.107421875 0.56298828125 0.107421875 0.56298828125 0.119140625 0.55908203125 0.119140625
2 0.564453125 0.107421875 0.5732421875 0.107421875 0.5732421875 0.123046875 0.564453125 0.123046875
3 0.57568359375 0.107421875 0.58203125 0.107421875 0.58203125 0.12369791666666667 0.57568359375 0.12369791666666667
5 0.439453125 0.126953125 0.4482421875 0.126953125 0.4482421875 0.142578125 0.439453125 0.142578125
2 0.44970703125 0.126953125 0.45849609375 0.126953125 0.45849609375 0.142578125 0.44970703125 0.142578125
9 0.46044921875 0.126953125 0.46923828125 0.126953125 0.46923828125 0.14322916666666666 0.46044921875 0.14322916666666666
1 0.470703125 0.126953125 0.4765625 0.126953125 0.4765625 0.142578125 0.470703125 0.142578125
7 0.478515625 0.126953125 0.4873046875 0.126953125 0.4873046875 0.142578125 0.478515625 0.142578125
0 0.48876953125 0.126953125 0.4951171875 0.126953125 0.4951171875 0.14322916666666666 0.48876953125 0.14322916666666666
6 0.4970703125 0.126953125 0.50341796875 0.126953125 0.50341796875 0.14322916666666666 0.4970703125 0.14322916666666666
7 0.50537109375 0.126953125 0.51171875 0.126953125 0.51171875 0.14322916666666666 0.50537109375 0.14322916666666666
20 0.51416015625 0.126953125 0.52294921875 0.126953125 0.52294921875 0.142578125 0.51416015625 0.142578125
29 0.52490234375 0.126953125 0.53125 0.126953125 0.53125 0.14322916666666666 0.52490234375 0.14322916666666666
