2 0.439453125 0.107421875 0.4482421875 0.107421875 0.4482421875 0.123046875 0.439453125 0.123046875
1 0.44970703125 0.107421875 0.45556640625 0.107421875 0.45556640625 0.123046875 0.44970703125 0.123046875
37 0.45703125 0.107421875 0.4658203125 0.107421875 0.4658203125 0.119140625 0.45703125 0.119140625
0 0.46728515625 0.107421875 0.47607421875 0.107421875 0.47607421875 0.123046875 0.46728515625 0.123046875
7 0.4775390625 0.107421875 0.486328125 0.107421875 0.486328125 0.123046875 0.4775390625 0.123046875
37 0.48779296875 0.107421875 0.49658203125 0.107421875 0.49658203125 0.119140625 0.48779296875 0.119140625
2 0.498046875 0.107421875 0.5068359375 0.107421875 0.5068359375 0.123046875 0.498046875 0.123046875
0 0.50830078125 0.107421875 0.51708984375 0.107421875 0.51708984375 0.123046875 0.50830078125 0.123046875
2 0.5185546875 0.107421875 0.52734375 0.107421875 0.52734375 0.123046875 0.5185546875 0.123046875
5 0.52880859375 0.107421875 0.53759765625 0.107421875 0.53759765625 0.123046875 0.52880859375 0.123046875
1 0.548828125 0.107421875 0.55322265625 0.107421875 0.55322265625 0.12369791666666667 0.548828125 0.12369791666666667
6 0.5556640625 0.107421875 0.564453125 0.107421875 0.564453125 0.123046875 0.5556640625 0.123046875
36 0.56640625 0.107421875 0.5703125 0.107421875 0.5703125 0.119140625 0.56640625 0.119140625
2 0.57275390625 0.107421875 0.58154296875 0.107421875 0.58154296875 0.12369791666666667 0.57275390625 0.12369791666666667
3 0.5830078125 0.107421875 0.591796875 0.107421875 0.591796875 0.123046875 0.5830078125 0.123046875
1 0.439453125 0.126953125 0.4453125 0.126953125 0.4453125 0.142578125 0.439453125 0.142578125
9 0.447265625 0.126953125 0.4560546875 0.126953125 0.4560546875 0.142578125 0.447265625 0.142578125
6 0.4580078125 0.126953125 0.46435546875 0.126953125 0.46435546875 0.14322916666666666 0.4580078125 0.14322916666666666
0 0.466796875 0.126953125 0.47314453125 0.126953125 0.47314453125 0.14322916666666666 0.466796875 0.14322916666666666
0 0.474609375 0.126953125 0.48095703125 0.126953125 0.48095703125 0.14322916666666666 0.474609375 0.14322916666666666
8 0.482421875 0.126953125 0.4912109375 0.126953125 0.4912109375 0.142578125 0.482421875 0.142578125
7 0.4931640625 0.126953125 0.501953125 0.126953125 0.501953125 0.142578125 0.4931640625 0.142578125
0 0.50439453125 0.126953125 0.51318359375 0.126953125 0.51318359375 0.142578125 0.50439453125 0.142578125
26 0.5146484375 0.126953125 0.5234375 0.126953125 0.5234375 0.14322916666666666 0.5146484375 0.14322916666666666
26 0.52587890625 0.126953125 0.5322265625 0.126953125 0.5322265625 0.14322916666666666 0.52587890625 0.14322916666666666
