2 0.439453125 0.107421875 0.4482421875 0.107421875 0.4482421875 0.123046875 0.439453125 0.123046875
8 0.44970703125 0.107421875 0.4560546875 0.107421875 0.4560546875 0.12369791666666667 0.44970703125 0.12369791666666667
37 0.45751953125 0.107421875 0.46630859375 0.107421875 0.46630859375 0.119140625 0.45751953125 0.119140625
0 0.4677734375 0.107421875 0.47412109375 0.107421875 0.47412109375 0.12369791666666667 0.4677734375 0.12369791666666667
8 0.4755859375 0.107421875 0.48193359375 0.107421875 0.48193359375 0.12369791666666667 0.4755859375 0.12369791666666667
37 0.4833984375 0.107421875 0.4921875 0.107421875 0.4921875 0.119140625 0.4833984375 0.119140625
2 0.49365234375 0.107421875 0.5 0.107421875 0.5 0.12369791666666667 0.49365234375 0.12369791666666667
0 0.50146484375 0.107421875 0.51025390625 0.107421875 0.51025390625 0.12369791666666667 0.50146484375 0.12369791666666667
2 0.51171875 0.107421875 0.5205078125 0.107421875 0.5205078125 0.123046875 0.51171875 0.123046875
5 0.52197265625 0.107421875 0.53076171875 0.107421875 0.53076171875 0.123046875 0.52197265625 0.123046875
1 0.5419921875 0.107421875 0.5458984375 0.107421875 0.5458984375 0.12369791666666667 0.5419921875 0.12369791666666667
6 0.5478515625 0.107421875 0.55419921875 0.107421875 0.55419921875 0.12369791666666667 0.5478515625 0.12369791666666667
36 0.55615234375 0.107421875 0.56005859375 0.107421875 0.56005859375 0.119140625 0.55615234375 0.119140625
2 0.5625 0.107421875 0.56884765625 0.107421875 0.56884765625 0.12369791666666667 0.5625 0.12369791666666667
2 0.5703125 0.107421875 0.5791015625 0.107421875 0.5791015625 0.123046875 0.5703125 0.123046875
6 0.439453125 0.126953125 0.44580078125 0.126953125 0.44580078125 0.14322916666666666 0.439453125 0.14322916666666666
5 0.4482421875 0.126953125 0.45458984375 0.126953125 0.45458984375 0.14322916666666666 0.4482421875 0.14322916666666666
6 0.4560546875 0.126953125 0.46240234375 0.126953125 0.46240234375 0.14322916666666666 0.4560546875 0.14322916666666666
8 0.4638671875 0.126953125 0.47265625 0.126953125 0.47265625 0.14322916666666666 0.4638671875 0.14322916666666666
9 0.474609375 0.126953125 0.48095703125 0.126953125 0.48095703125 0.14322916666666666 0.474609375 0.14322916666666666
6 0.48291015625 0.126953125 0.4892578125 0.126953125 0.4892578125 0.14322916666666666 0.48291015625 0.14322916666666666
8 0.4912109375 0.126953125 0.49755859375 0.126953125 0.49755859375 0.14322916666666666 0.4912109375 0.14322916666666666
7 0.5 0.126953125 0.50634765625 0.126953125 0.50634765625 0.14322916666666666 0.5 0.14322916666666666
29 0.5078125 0.126953125 0.51416015625 0.126953125 0.51416015625 0.14322916666666666 0.5078125 0.14322916666666666
25 0.5166015625 0.126953125 0.525390625 0.126953125 0.525390625 0.142578125 0.5166015625 0.142578125
