2 0.439453125 0.107421875 0.4482421875 0.107421875 0.4482421875 0.12369791666666667 0.439453125 0.12369791666666667
1 0.44970703125 0.107421875 0.45361328125 0.107421875 0.45361328125 0.12369791666666667 0.44970703125 0.12369791666666667
37 0.455078125 0.107421875 0.4638671875 0.107421875 0.4638671875 0.119140625 0.455078125 0.119140625
0 0.46533203125 0.107421875 0.47412109375 0.107421875 0.47412109375 0.123046875 0.46533203125 0.123046875
4 0.4755859375 0.107421875 0.484375 0.107421875 0.484375 0.123046875 0.4755859375 0.123046875
37 0.48583984375 0.107421875 0.49462890625 0.107421875 0.49462890625 0.119140625 0.48583984375 0.119140625
2 0.49609375 0.107421875 0.5048828125 0.107421875 0.5048828125 0.123046875 0.49609375 0.123046875
0 0.50634765625 0.107421875 0.51513671875 0.107421875 0.51513671875 0.12369791666666667 0.50634765625 0.12369791666666667
2 0.5166015625 0.107421875 0.52294921875 0.107421875 0.52294921875 0.12369791666666667 0.5166015625 0.12369791666666667
5 0.5244140625 0.107421875 0.53076171875 0.107421875 0.53076171875 0.12369791666666667 0.5244140625 0.12369791666666667
1 0.5419921875 0.107421875 0.5478515625 0.107421875 0.5478515625 0.12369791666666667 0.5419921875 0.12369791666666667
6 0.5498046875 0.107421875 0.55615234375 0.107421875 0.55615234375 0.12369791666666667 0.5498046875 0.12369791666666667
36 0.55859375 0.107421875 0.5625 0.107421875 0.5625 0.119140625 0.55859375 0.119140625
2 0.56396484375 0.107421875 0.5703125 0.107421875 0.5703125 0.12369791666666667 0.56396484375 0.12369791666666667
3 0.572265625 0.107421875 0.5810546875 0.107421875 0.5810546875 0.123046875 0.572265625 0.123046875
7 0.439453125 0.126953125 0.4482421875 0.126953125 0.4482421875 0.14322916666666666 0.439453125 0.14322916666666666
9 0.4501953125 0.126953125 0.45654296875 0.126953125 0.45654296875 0.14322916666666666 0.4501953125 0.14322916666666666
1 0.4580078125 0.126953125 0.4638671875 0.126953125 0.4638671875 0.142578125 0.4580078125 0.142578125
5 0.46533203125 0.126953125 0.47412109375 0.126953125 0.47412109375 0.142578125 0.46533203125 0.142578125
8 0.4755859375 0.126953125 0.48193359375 0.126953125 0.48193359375 0.14322916666666666 0.4755859375 0.14322916666666666
8 0.4833984375 0.126953125 0.4921875 0.126953125 0.4921875 0.142578125 0.4833984375 0.142578125
4 0.494140625 0.126953125 0.5029296875 0.126953125 0.5029296875 0.142578125 0.494140625 0.142578125
5 0.5048828125 0.126953125 0.513671875 0.126953125 0.513671875 0.142578125 0.5048828125 0.142578125
11 0.51513671875 0.126953125 0.521484375 0.126953125 0.521484375 0.14322916666666666 0.51513671875 0.14322916666666666
34 0.52392578125 0.126953125 0.53271484375 0.126953125 0.53271484375 0.142578125 0.52392578125 0.142578125
