2 0.439453125 0.107421875 0.4482421875 0.107421875 0.4482421875 0.12369791666666667 0.439453125 0.12369791666666667
3 0.44970703125 0.107421875 0.45849609375 0.107421875 0.45849609375 0.123046875 0.44970703125 0.123046875
37 0.4599609375 0.107421875 0.46875 0.107421875 0.46875 0.119140625 0.4599609375 0.119140625
0 0.47021484375 0.107421875 0.47900390625 0.107421875 0.47900390625 0.123046875 0.47021484375 0.123046875
2 0.48046875 0.107421875 0.4892578125 0.107421875 0.4892578125 0.12369791666666667 0.48046875 0.12369791666666667
37 0.49072265625 0.107421875 0.49951171875 0.107421875 0.49951171875 0.119140625 0.49072265625 0.119140625
2 0.5009765625 0.107421875 0.50732421875 0.107421875 0.50732421875 0.12369791666666667 0.5009765625 0.12369791666666667
0 0.5087890625 0.107421875 0.517578125 0.107421875 0.517578125 0.12369791666666667 0.5087890625 0.12369791666666667
2 0.51904296875 0.107421875 0.52783203125 0.107421875 0.52783203125 0.123046875 0.51904296875 0.123046875
5 0.529296875 0.107421875 0.53564453125 0.107421875 0.53564453125 0.12369791666666667 0.529296875 0.12369791666666667
1 0.546875 0.107421875 0.55126953125 0.107421875 0.55126953125 0.12369791666666667 0.546875 0.12369791666666667
6 0.5537109375 0.107421875 0.56005859375 0.107421875 0.56005859375 0.12369791666666667 0.5537109375 0.12369791666666667
36 0.5625 0.107421875 0.56640625 0.107421875 0.56640625 0.119140625 0.5625 0.119140625
2 0.56787109375 0.107421875 0.57666015625 0.107421875 0.57666015625 0.123046875 0.56787109375 0.123046875
3 0.5791015625 0.107421875 0.587890625 0.107421875 0.587890625 0.123046875 0.5791015625 0.123046875
7 0.439453125 0.126953125 0.4482421875 0.126953125 0.4482421875 0.142578125 0.439453125 0.142578125
2 0.4501953125 0.126953125 0.458984375 0.126953125 0.458984375 0.142578125 0.4501953125 0.142578125
5 0.46142578125 0.126953125 0.4677734375 0.126953125 0.4677734375 0.14322916666666666 0.46142578125 0.14322916666666666
2 0.4697265625 0.126953125 0.47607421875 0.126953125 0.47607421875 0.14322916666666666 0.4697265625 0.14322916666666666
3 0.4775390625 0.126953125 0.486328125 0.126953125 0.486328125 0.142578125 0.4775390625 0.142578125
3 0.48828125 0.126953125 0.4970703125 0.126953125 0.4970703125 0.142578125 0.48828125 0.142578125
0 0.49951171875 0.126953125 0.50830078125 0.126953125 0.50830078125 0.142578125 0.49951171875 0.142578125
1 0.5107421875 0.126953125 0.5166015625 0.126953125 0.5166015625 0.14322916666666666 0.5107421875 0.14322916666666666
34 0.51904296875 0.126953125 0.52783203125 0.126953125 0.52783203125 0.142578125 0.51904296875 0.142578125
19 0.529296875 0.126953125 0.5380859375 0.126953125 0.5380859375 0.142578125 0.529296875 0.142578125
