2 0.439453125 0.107421875 0.4482421875 0.107421875 0.4482421875 0.123046875 0.439453125 0.123046875
8 0.44970703125 0.107421875 0.4560546875 0.107421875 0.4560546875 0.12369791666666667 0.44970703125 0.12369791666666667
37 0.45751953125 0.107421875 0.46630859375 0.107421875 0.46630859375 0.119140625 0.45751953125 0.119140625
0 0.4677734375 0.107421875 0.4765625 0.107421875 0.4765625 0.123046875 0.4677734375 0.123046875
4 0.47802734375 0.107421875 0.48681640625 0.107421875 0.48681640625 0.123046875 0.47802734375 0.123046875
37 0.48828125 0.107421875 0.4970703125 0.107421875 0.4970703125 0.119140625 0.48828125 0.119140625
2 0.49853515625 0.107421875 0.5048828125 0.107421875 0.5048828125 0.12369791666666667 0.49853515625 0.12369791666666667
0 0.50634765625 0.107421875 0.51513671875 0.107421875 0.51513671875 0.12369791666666667 0.50634765625 0.12369791666666667
2 0.5166015625 0.107421875 0.525390625 0.107421875 0.525390625 0.123046875 0.5166015625 0.123046875
5 0.52685546875 0.107421875 0.53564453125 0.107421875 0.53564453125 0.123046875 0.52685546875 0.123046875
1 0.546875 0.107421875 0.55078125 0.107421875 0.55078125 0.12369791666666667 0.546875 0.12369791666666667
6 0.55224609375 0.107421875 0.55859375 0.107421875 0.55859375 0.12369791666666667 0.55224609375 0.12369791666666667
36 0.560546875 0.107421875 0.564453125 0.107421875 0.564453125 0.119140625 0.560546875 0.119140625
2 0.56640625 0.107421875 0.57275390625 0.107421875 0.57275390625 0.12369791666666667 0.56640625 0.12369791666666667
3 0.57470703125 0.107421875 0.58349609375 0.107421875 0.58349609375 0.12369791666666667 0.57470703125 0.12369791666666667
2 0.439453125 0.126953125 0.4482421875 0.126953125 0.4482421875 0.142578125 0.439453125 0.142578125
6 0.44970703125 0.126953125 0.45849609375 0.126953125 0.45849609375 0.142578125 0.44970703125 0.142578125
9 0.4599609375 0.126953125 0.46630859375 0.126953125 0.46630859375 0.14322916666666666 0.4599609375 0.14322916666666666
0 0.46875 0.126953125 0.4775390625 0.126953125 0.4775390625 0.142578125 0.46875 0.142578125
0 0.4794921875 0.126953125 0.48583984375 0.126953125 0.48583984375 0.14322916666666666 0.4794921875 0.14322916666666666
1 0.48779296875 0.126953125 0.49365234375 0.126953125 0.49365234375 0.142578125 0.48779296875 0.142578125
8 0.49560546875 0.126953125 0.50439453125 0.126953125 0.50439453125 0.142578125 0.49560546875 0.142578125
0 0.505859375 0.126953125 0.51220703125 0.126953125 0.51220703125 0.14322916666666666 0.505859375 0.14322916666666666
31 0.5146484375 0.126953125 0.5234375 0.126953125 0.5234375 0.142578125 0.5146484375 0.142578125
30 0.52587890625 0.126953125 0.5322265625 0.126953125 0.5322265625 0.14322916666666666 0.52587890625 0.14322916666666666
