2 0.439453125 0.107421875 0.44580078125 0.107421875 0.44580078125 0.12369791666666667 0.439453125 0.12369791666666667
8 0.447265625 0.107421875 0.4560546875 0.107421875 0.4560546875 0.123046875 0.447265625 0.123046875
37 0.45751953125 0.107421875 0.46630859375 0.107421875 0.46630859375 0.119140625 0.45751953125 0.119140625
0 0.4677734375 0.107421875 0.4765625 0.107421875 0.4765625 0.123046875 0.4677734375 0.123046875
1 0.47802734375 0.107421875 0.48388671875 0.107421875 0.48388671875 0.123046875 0.47802734375 0.123046875
37 0.4853515625 0.107421875 0.494140625 0.107421875 0.494140625 0.119140625 0.4853515625 0.119140625
2 0.49560546875 0.107421875 0.50439453125 0.107421875 0.50439453125 0.123046875 0.49560546875 0.123046875
0 0.505859375 0.107421875 0.5146484375 0.107421875 0.5146484375 0.123046875 0.505859375 0.123046875
2 0.51611328125 0.107421875 0.52490234375 0.107421875 0.52490234375 0.123046875 0.51611328125 0.123046875
5 0.5263671875 0.107421875 0.53271484375 0.107421875 0.53271484375 0.12369791666666667 0.5263671875 0.12369791666666667
1 0.5439453125 0.107421875 0.5498046875 0.107421875 0.5498046875 0.12369791666666667 0.5439453125 0.12369791666666667
6 0.55126953125 0.107421875 0.56005859375 0.107421875 0.56005859375 0.12369791666666667 0.55126953125 0.12369791666666667
36 0.5625 0.107421875 0.564453125 0.107421875 0.564453125 0.1171875 0.5625 0.1171875
2 0.56640625 0.107421875 0.57275390625 0.107421875 0.57275390625 0.12369791666666667 0.56640625 0.12369791666666667
3 0.57470703125 0.107421875 0.58349609375 0.107421875 0.58349609375 0.123046875 0.57470703125 0.123046875
3 0.439453125 0.126953125 0.4482421875 0.126953125 0.4482421875 0.142578125 0.439453125 0.142578125
0 0.45068359375 0.126953125 0.45947265625 0.126953125 0.45947265625 0.142578125 0.45068359375 0.142578125
9 0.4609375 0.126953125 0.4697265625 0.126953125 0.4697265625 0.142578125 0.4609375 0.142578125
4 0.47216796875 0.126953125 0.48095703125 0.126953125 0.48095703125 0.142578125 0.47216796875 0.142578125
2 0.48291015625 0.126953125 0.49169921875 0.126953125 0.49169921875 0.142578125 0.48291015625 0.142578125
2 0.4931640625 0.126953125 0.49951171875 0.126953125 0.49951171875 0.14322916666666666 0.4931640625 0.14322916666666666
2 0.50146484375 0.126953125 0.51025390625 0.126953125 0.51025390625 0.142578125 0.50146484375 0.142578125
2 0.51220703125 0.126953125 0.52099609375 0.126953125 0.52099609375 0.142578125 0.51220703125 0.142578125
22 0.5234375 0.126953125 0.5322265625 0.126953125 0.5322265625 0.142578125 0.5234375 0.142578125
28 0.5341796875 0.126953125 0.54296875 0.126953125 0.54296875 0.142578125 0.5341796875 0.142578125
