1 0.439453125 0.107421875 0.4453125 0.107421875 0.4453125 0.12369791666666667 0.439453125 0.12369791666666667
9 0.44677734375 0.107421875 0.453125 0.107421875 0.453125 0.12369791666666667 0.44677734375 0.12369791666666667
37 0.45458984375 0.107421875 0.46337890625 0.107421875 0.46337890625 0.119140625 0.45458984375 0.119140625
0 0.46484375 0.107421875 0.4736328125 0.107421875 0.4736328125 0.123046875 0.46484375 0.123046875
3 0.47509765625 0.107421875 0.48388671875 0.107421875 0.48388671875 0.123046875 0.47509765625 0.123046875
37 0.4853515625 0.107421875 0.494140625 0.107421875 0.494140625 0.119140625 0.4853515625 0.119140625
2 0.49560546875 0.107421875 0.501953125 0.107421875 0.501953125 0.12369791666666667 0.49560546875 0.12369791666666667
0 0.50341796875 0.107421875 0.509765625 0.107421875 0.509765625 0.12369791666666667 0.50341796875 0.12369791666666667
2 0.51123046875 0.107421875 0.52001953125 0.107421875 0.52001953125 0.123046875 0.51123046875 0.123046875
5 0.521484375 0.107421875 0.5302734375 0.107421875 0.5302734375 0.123046875 0.521484375 0.123046875
1 0.54150390625 0.107421875 0.54541015625 0.107421875 0.54541015625 0.12369791666666667 0.54150390625 0.12369791666666667
6 0.546875 0.107421875 0.5556640625 0.107421875 0.5556640625 0.12369791666666667 0.546875 0.12369791666666667
36 0.55712890625 0.107421875 0.55908203125 0.107421875 0.55908203125 0.1171875 0.55712890625 0.1171875
2 0.5615234375 0.107421875 0.5703125 0.107421875 0.5703125 0.123046875 0.5615234375 0.123046875
3 0.57275390625 0.107421875 0.58154296875 0.107421875 0.58154296875 0.123046875 0.57275390625 0.123046875
5 0.439453125 0.126953125 0.44580078125 0.126953125 0.44580078125 0.14322916666666666 0.439453125 0.14322916666666666
4 0.447265625 0.126953125 0.4560546875 0.126953125 0.4560546875 0.142578125 0.447265625 0.142578125
2 0.45751953125 0.126953125 0.46630859375 0.126953125 0.46630859375 0.14322916666666666 0.45751953125 0.14322916666666666
7 0.46875 0.126953125 0.4775390625 0.126953125 0.4775390625 0.142578125 0.46875 0.142578125
8 0.4794921875 0.126953125 0.48828125 0.126953125 0.48828125 0.142578125 0.4794921875 0.142578125
2 0.49072265625 0.126953125 0.49951171875 0.126953125 0.49951171875 0.142578125 0.49072265625 0.142578125
1 0.50146484375 0.126953125 0.50732421875 0.126953125 0.50732421875 0.142578125 0.50146484375 0.142578125
2 0.50927734375 0.126953125 0.515625 0.126953125 0.515625 0.14322916666666666 0.50927734375 0.14322916666666666
18 0.51806640625 0.126953125 0.52197265625 0.126953125 0.52197265625 0.14322916666666666 0.51806640625 0.14322916666666666
30 0.52392578125 0.126953125 0.53271484375 0.126953125 0.53271484375 0.142578125 0.52392578125 0.142578125
