2 0.439453125 0.107421875 0.4482421875 0.107421875 0.4482421875 0.123046875 0.439453125 0.123046875
2 0.44970703125 0.107421875 0.4560546875 0.107421875 0.4560546875 0.12369791666666667 0.44970703125 0.12369791666666667
37 0.45751953125 0.107421875 0.46630859375 0.107421875 0.46630859375 0.119140625 0.45751953125 0.119140625
0 0.4677734375 0.107421875 0.4765625 0.107421875 0.4765625 0.123046875 0.4677734375 0.123046875
1 0.47802734375 0.107421875 0.48388671875 0.107421875 0.48388671875 0.123046875 0.47802734375 0.123046875
37 0.4853515625 0.107421875 0.494140625 0.107421875 0.494140625 0.119140625 0.4853515625 0.119140625
2 0.49560546875 0.107421875 0.50439453125 0.107421875 0.50439453125 0.12369791666666667 0.49560546875 0.12369791666666667
0 0.505859375 0.107421875 0.5146484375 0.107421875 0.5146484375 0.123046875 0.505859375 0.123046875
2 0.51611328125 0.107421875 0.52490234375 0.107421875 0.52490234375 0.12369791666666667 0.51611328125 0.12369791666666667
5 0.5263671875 0.107421875 0.53515625 0.107421875 0.53515625 0.123046875 0.5263671875 0.123046875
1 0.54638671875 0.107421875 0.55029296875 0.107421875 0.55029296875 0.12369791666666667 0.54638671875 0.12369791666666667
6 0.5517578125 0.107421875 0.55810546875 0.107421875 0.55810546875 0.12369791666666667 0.5517578125 0.12369791666666667
36 0.56005859375 0.107421875 0.56201171875 0.107421875 0.56201171875 0.1171875 0.56005859375 0.1171875
2 0.564453125 0.107421875 0.57080078125 0.107421875 0.57080078125 0.12369791666666667 0.564453125 0.12369791666666667
3 0.5732421875 0.107421875 0.58203125 0.107421875 0.58203125 0.123046875 0.5732421875 0.123046875
2 0.439453125 0.126953125 0.4482421875 0.126953125 0.4482421875 0.142578125 0.439453125 0.142578125
4 0.44970703125 0.126953125 0.4560546875 0.126953125 0.4560546875 0.14322916666666666 0.44970703125 0.14322916666666666
7 0.45849609375 0.126953125 0.46728515625 0.126953125 0.46728515625 0.142578125 0.45849609375 0.142578125
3 0.46923828125 0.126953125 0.47802734375 0.126953125 0.47802734375 0.142578125 0.46923828125 0.142578125
5 0.47998046875 0.126953125 0.48876953125 0.126953125 0.48876953125 0.14322916666666666 0.47998046875 0.14322916666666666
0 0.4912109375 0.126953125 0.49755859375 0.126953125 0.49755859375 0.14322916666666666 0.4912109375 0.14322916666666666
0 0.4990234375 0.126953125 0.5078125 0.126953125 0.5078125 0.142578125 0.4990234375 0.142578125
6 0.51025390625 0.126953125 0.51904296875 0.126953125 0.51904296875 0.142578125 0.51025390625 0.142578125
16 0.52099609375 0.126953125 0.52734375 0.126953125 0.52734375 0.14322916666666666 0.52099609375 0.14322916666666666
20 0.529296875 0.126953125 0.53564453125 0.126953125 0.53564453125 0.14322916666666666 0.529296875 0.14322916666666666
