1 0.439453125 0.107421875 0.4453125 0.107421875 0.4453125 0.123046875 0.439453125 0.123046875
6 0.44677734375 0.107421875 0.45556640625 0.107421875 0.45556640625 0.123046875 0.44677734375 0.123046875
37 0.45703125 0.107421875 0.4658203125 0.107421875 0.4658203125 0.119140625 0.45703125 0.119140625
0 0.46728515625 0.107421875 0.47607421875 0.107421875 0.47607421875 0.123046875 0.46728515625 0.123046875
3 0.4775390625 0.107421875 0.486328125 0.107421875 0.486328125 0.123046875 0.4775390625 0.123046875
37 0.48779296875 0.107421875 0.49658203125 0.107421875 0.49658203125 0.119140625 0.48779296875 0.119140625
2 0.498046875 0.107421875 0.50439453125 0.107421875 0.50439453125 0.12369791666666667 0.498046875 0.12369791666666667
0 0.505859375 0.107421875 0.5146484375 0.107421875 0.5146484375 0.123046875 0.505859375 0.123046875
2 0.51611328125 0.107421875 0.52490234375 0.107421875 0.52490234375 0.12369791666666667 0.51611328125 0.12369791666666667
5 0.5263671875 0.107421875 0.53515625 0.107421875 0.53515625 0.123046875 0.5263671875 0.123046875
1 0.54638671875 0.107421875 0.55078125 0.107421875 0.55078125 0.12369791666666667 0.54638671875 0.12369791666666667
6 0.552734375 0.107421875 0.55908203125 0.107421875 0.55908203125 0.12369791666666667 0.552734375 0.12369791666666667
36 0.5615234375 0.107421875 0.5654296875 0.107421875 0.5654296875 0.119140625 0.5615234375 0.119140625
2 0.5673828125 0.107421875 0.57373046875 0.107421875 0.57373046875 0.12369791666666667 0.5673828125 0.12369791666666667
3 0.5751953125 0.107421875 0.583984375 0.107421875 0.583984375 0.123046875 0.5751953125 0.123046875
8 0.439453125 0.126953125 0.4482421875 0.126953125 0.4482421875 0.142578125 0.439453125 0.142578125
5 0.44970703125 0.126953125 0.45849609375 0.126953125 0.45849609375 0.142578125 0.44970703125 0.142578125
3 0.4609375 0.126953125 0.4697265625 0.126953125 0.4697265625 0.14322916666666666 0.4609375 0.14322916666666666
4 0.47119140625 0.126953125 0.47998046875 0.126953125 0.47998046875 0.142578125 0.47119140625 0.142578125
4 0.4814453125 0.126953125 0.490234375 0.126953125 0.490234375 0.142578125 0.4814453125 0.142578125
3 0.4921875 0.126953125 0.49853515625 0.126953125 0.49853515625 0.14322916666666666 0.4921875 0.14322916666666666
2 0.50048828125 0.126953125 0.50927734375 0.126953125 0.50927734375 0.142578125 0.50048828125 0.142578125
9 0.5107421875 0.126953125 0.51708984375 0.126953125 0.51708984375 0.14322916666666666 0.5107421875 0.14322916666666666
18 0.51904296875 0.126953125 0.52294921875 0.126953125 0.52294921875 0.14322916666666666 0.51904296875 0.14322916666666666
32 0.52490234375 0.126953125 0.53125 0.126953125 0.53125 0.14322916666666666 0.52490234375 0.14322916666666666
