1 0.439453125 0.107421875 0.4453125 0.107421875 0.4453125 0.12369791666666667 0.439453125 0.12369791666666667
6 0.44677734375 0.107421875 0.453125 0.107421875 0.453125 0.12369791666666667 0.44677734375 0.12369791666666667
37 0.45458984375 0.107421875 0.46337890625 0.107421875 0.46337890625 0.119140625 0.45458984375 0.119140625
0 0.46484375 0.107421875 0.4736328125 0.107421875 0.4736328125 0.12369791666666667 0.46484375 0.12369791666666667
1 0.47509765625 0.107421875 0.47900390625 0.107421875 0.47900390625 0.12369791666666667 0.47509765625 0.12369791666666667
37 0.48046875 0.107421875 0.4892578125 0.107421875 0.4892578125 0.119140625 0.48046875 0.119140625
2 0.49072265625 0.107421875 0.4970703125 0.107421875 0.4970703125 0.12369791666666667 0.49072265625 0.12369791666666667
0 0.49853515625 0.107421875 0.50732421875 0.107421875 0.50732421875 0.123046875 0.49853515625 0.123046875
2 0.5087890625 0.107421875 0.51513671875 0.107421875 0.51513671875 0.12369791666666667 0.5087890625 0.12369791666666667
5 0.5166015625 0.107421875 0.525390625 0.107421875 0.525390625 0.123046875 0.5166015625 0.123046875
1 0.53662109375 0.107421875 0.54248046875 0.107421875 0.54248046875 0.12369791666666667 0.53662109375 0.12369791666666667
6 0.54443359375 0.107421875 0.55322265625 0.107421875 0.55322265625 0.123046875 0.54443359375 0.123046875
36 0.5556640625 0.107421875 0.5595703125 0.107421875 0.5595703125 0.119140625 0.5556640625 0.119140625
2 0.56103515625 0.107421875 0.5673828125 0.107421875 0.5673828125 0.12369791666666667 0.56103515625 0.12369791666666667
3 0.5693359375 0.107421875 0.57568359375 0.107421875 0.57568359375 0.12369791666666667 0.5693359375 0.12369791666666667
4 0.439453125 0.126953125 0.4482421875 0.126953125 0.4482421875 0.142578125 0.439453125 0.142578125
4 0.45068359375 0.126953125 0.45703125 0.126953125 0.45703125 0.14322916666666666 0.45068359375 0.14322916666666666
6 0.458984375 0.126953125 0.46533203125 0.126953125 0.46533203125 0.14322916666666666 0.458984375 0.14322916666666666
6 0.46728515625 0.126953125 0.4736328125 0.126953125 0.4736328125 0.14322916666666666 0.46728515625 0.14322916666666666
7 0.47607421875 0.126953125 0.48486328125 0.126953125 0.48486328125 0.142578125 0.47607421875 0.142578125
1 0.48681640625 0.126953125 0.49267578125 0.126953125 0.49267578125 0.14322916666666666 0.48681640625 0.14322916666666666
3 0.4951171875 0.126953125 0.50146484375 0.126953125 0.50146484375 0.14322916666666666 0.4951171875 0.14322916666666666
7 0.50341796875 0.126953125 0.51220703125 0.126953125 0.51220703125 0.142578125 0.50341796875 0.142578125
24 0.513671875 0.126953125 0.52001953125 0.126953125 0.52001953125 0.14322916666666666 0.513671875 0.14322916666666666
15 0.5224609375 0.126953125 0.52880859375 0.126953125 0.52880859375 0.14322916666666666 0.5224609375 0.14322916666666666
