1 0.439453125 0.107421875 0.4453125 0.107421875 0.4453125 0.123046875 0.439453125 0.123046875
8 0.44677734375 0.107421875 0.45556640625 0.107421875 0.45556640625 0.123046875 0.44677734375 0.123046875
37 0.45703125 0.107421875 0.4658203125 0.107421875 0.4658203125 0.119140625 0.45703125 0.119140625
1 0.46728515625 0.107421875 0.47119140625 0.107421875 0.47119140625 0.12369791666666667 0.46728515625 0.12369791666666667
0 0.47265625 0.107421875 0.4814453125 0.107421875 0.4814453125 0.123046875 0.47265625 0.123046875
37 0.48291015625 0.107421875 0.49169921875 0.107421875 0.49169921875 0.119140625 0.48291015625 0.119140625
2 0.4931640625 0.107421875 0.49951171875 0.107421875 0.49951171875 0.12369791666666667 0.4931640625 0.12369791666666667
0 0.5009765625 0.107421875 0.509765625 0.107421875 0.509765625 0.123046875 0.5009765625 0.123046875
2 0.51123046875 0.107421875 0.52001953125 0.107421875 0.52001953125 0.123046875 0.51123046875 0.123046875
5 0.521484375 0.107421875 0.5302734375 0.107421875 0.5302734375 0.12369791666666667 0.521484375 0.12369791666666667
1 0.54150390625 0.107421875 0.54736328125 0.107421875 0.54736328125 0.12109375 0.54150390625 0.12109375
6 0.5498046875 0.107421875 0.55859375 0.107421875 0.55859375 0.12369791666666667 0.5498046875 0.12369791666666667
36 0.56103515625 0.107421875 0.56494140625 0.107421875 0.56494140625 0.119140625 0.56103515625 0.119140625
2 0.56689453125 0.107421875 0.57568359375 0.107421875 0.57568359375 0.123046875 0.56689453125 0.123046875
3 0.57763671875 0.107421875 0.583984375 0.107421875 0.583984375 0.12369791666666667 0.57763671875 0.12369791666666667
0 0.439453125 0.126953125 0.4482421875 0.126953125 0.4482421875 0.142578125 0.439453125 0.142578125
3 0.45068359375 0.126953125 0.45703125 0.126953125 0.45703125 0.14322916666666666 0.45068359375 0.14322916666666666
4 0.458984375 0.126953125 0.4677734375 0.126953125 0.4677734375 0.142578125 0.458984375 0.142578125
0 0.46923828125 0.126953125 0.47802734375 0.126953125 0.47802734375 0.142578125 0.46923828125 0.142578125
5 0.4794921875 0.126953125 0.48828125 0.126953125 0.48828125 0.14322916666666666 0.4794921875 0.14322916666666666
3 0.48974609375 0.126953125 0.49853515625 0.126953125 0.49853515625 0.14322916666666666 0.48974609375 0.14322916666666666
7 0.5 0.126953125 0.50634765625 0.126953125 0.50634765625 0.14322916666666666 0.5 0.14322916666666666
3 0.5087890625 0.126953125 0.517578125 0.126953125 0.517578125 0.14322916666666666 0.5087890625 0.14322916666666666
33 0.51953125 0.126953125 0.52587890625 0.126953125 0.52587890625 0.14322916666666666 0.51953125 0.14322916666666666
18 0.52783203125 0.126953125 0.53173828125 0.126953125 0.53173828125 0.14322916666666666 0.52783203125 0.14322916666666666
