1 0.439453125 0.107421875 0.4453125 0.107421875 0.4453125 0.123046875 0.439453125 0.123046875
6 0.44677734375 0.107421875 0.453125 0.107421875 0.453125 0.12369791666666667 0.44677734375 0.12369791666666667
37 0.45458984375 0.107421875 0.46337890625 0.107421875 0.46337890625 0.119140625 0.45458984375 0.119140625
0 0.46484375 0.107421875 0.4736328125 0.107421875 0.4736328125 0.123046875 0.46484375 0.123046875
2 0.47509765625 0.107421875 0.4814453125 0.107421875 0.4814453125 0.12369791666666667 0.47509765625 0.12369791666666667
37 0.48291015625 0.107421875 0.49169921875 0.107421875 0.49169921875 0.119140625 0.48291015625 0.119140625
2 0.4931640625 0.107421875 0.49951171875 0.107421875 0.49951171875 0.12369791666666667 0.4931640625 0.12369791666666667
0 0.5009765625 0.107421875 0.509765625 0.107421875 0.509765625 0.123046875 0.5009765625 0.123046875
2 0.51123046875 0.107421875 0.52001953125 0.107421875 0.52001953125 0.123046875 0.51123046875 0.123046875
5 0.521484375 0.107421875 0.5302734375 0.107421875 0.5302734375 0.123046875 0.521484375 0.123046875
1 0.54150390625 0.107421875 0.54736328125 0.107421875 0.54736328125 0.123046875 0.54150390625 0.123046875
6 0.5498046875 0.107421875 0.55615234375 0.107421875 0.55615234375 0.12369791666666667 0.5498046875 0.12369791666666667
36 0.55859375 0.107421875 0.5625 0.107421875 0.5625 0.119140625 0.55859375 0.119140625
2 0.56396484375 0.107421875 0.57275390625 0.107421875 0.57275390625 0.123046875 0.56396484375 0.123046875
2 0.5751953125 0.107421875 0.58154296875 0.107421875 0.58154296875 0.12369791666666667 0.5751953125 0.12369791666666667
7 0.439453125 0.126953125 0.4482421875 0.126953125 0.4482421875 0.142578125 0.439453125 0.142578125
7 0.45068359375 0.126953125 0.45703125 0.126953125 0.45703125 0.14322916666666666 0.45068359375 0.14322916666666666
6 0.45947265625 0.126953125 0.46826171875 0.126953125 0.46826171875 0.142578125 0.45947265625 0.142578125
2 0.470703125 0.126953125 0.47705078125 0.126953125 0.47705078125 0.14322916666666666 0.470703125 0.14322916666666666
1 0.478515625 0.126953125 0.484375 0.126953125 0.484375 0.14322916666666666 0.478515625 0.14322916666666666
0 0.486328125 0.126953125 0.4951171875 0.126953125 0.4951171875 0.142578125 0.486328125 0.142578125
1 0.49658203125 0.126953125 0.50244140625 0.126953125 0.50244140625 0.142578125 0.49658203125 0.142578125
6 0.50439453125 0.126953125 0.51318359375 0.126953125 0.51318359375 0.14322916666666666 0.50439453125 0.14322916666666666
28 0.5146484375 0.126953125 0.52099609375 0.126953125 0.52099609375 0.14322916666666666 0.5146484375 0.14322916666666666
23 0.5224609375 0.126953125 0.52880859375 0.126953125 0.52880859375 0.14322916666666666 0.5224609375 0.14322916666666666
