1 0.439453125 0.107421875 0.443359375 0.107421875 0.443359375 0.12369791666666667 0.439453125 0.12369791666666667
2 0.44482421875 0.107421875 0.451171875 0.107421875 0.451171875 0.12369791666666667 0.44482421875 0.12369791666666667
37 0.45263671875 0.107421875 0.46142578125 0.107421875 0.46142578125 0.119140625 0.45263671875 0.119140625
0 0.462890625 0.107421875 0.4716796875 0.107421875 0.4716796875 0.123046875 0.462890625 0.123046875
4 0.47314453125 0.107421875 0.48193359375 0.107421875 0.48193359375 0.123046875 0.47314453125 0.123046875
37 0.4833984375 0.107421875 0.4921875 0.107421875 0.4921875 0.119140625 0.4833984375 0.119140625
2 0.49365234375 0.107421875 0.50244140625 0.107421875 0.50244140625 0.12369791666666667 0.49365234375 0.12369791666666667
0 0.50390625 0.107421875 0.51025390625 0.107421875 0.51025390625 0.12369791666666667 0.50390625 0.12369791666666667
2 0.51171875 0.107421875 0.5205078125 0.107421875 0.5205078125 0.12369791666666667 0.51171875 0.12369791666666667
5 0.52197265625 0.107421875 0.53076171875 0.107421875 0.53076171875 0.123046875 0.52197265625 0.123046875
1 0.5419921875 0.107421875 0.5458984375 0.107421875 0.5458984375 0.12369791666666667 0.5419921875 0.12369791666666667
6 0.54833984375 0.107421875 0.5546875 0.107421875 0.5546875 0.12369791666666667 0.54833984375 0.12369791666666667
36 0.55615234375 0.107421875 0.56005859375 0.107421875 0.56005859375 0.119140625 0.55615234375 0.119140625
2 0.5625 0.107421875 0.5712890625 0.107421875 0.5712890625 0.123046875 0.5625 0.123046875
3 0.57373046875 0.107421875 0.58251953125 0.107421875 0.58251953125 0.12369791666666667 0.57373046875 0.12369791666666667
9 0.439453125 0.126953125 0.4482421875 0.126953125 0.4482421875 0.142578125 0.439453125 0.142578125
7 0.44970703125 0.126953125 0.4560546875 0.126953125 0.4560546875 0.14322916666666666 0.44970703125 0.14322916666666666
0 0.45849609375 0.126953125 0.46484375 0.126953125 0.46484375 0.14322916666666666 0.45849609375 0.14322916666666666
1 0.46630859375 0.126953125 0.47021484375 0.126953125 0.47021484375 0.14322916666666666 0.46630859375 0.14322916666666666
1 0.4716796875 0.126953125 0.47705078125 0.126953125 0.47705078125 0.14322916666666666 0.4716796875 0.14322916666666666
1 0.478515625 0.126953125 0.482421875 0.126953125 0.482421875 0.14322916666666666 0.478515625 0.14322916666666666
6 0.48388671875 0.126953125 0.49267578125 0.126953125 0.49267578125 0.142578125 0.48388671875 0.142578125
2 0.4951171875 0.126953125 0.50390625 0.126953125 0.50390625 0.142578125 0.4951171875 0.142578125
22 0.505859375 0.126953125 0.51220703125 0.126953125 0.51220703125 0.14322916666666666 0.505859375 0.14322916666666666
12 0.51416015625 0.126953125 0.52294921875 0.126953125 0.52294921875 0.142578125 0.51416015625 0.142578125
