0 0.439453125 0.107421875 0.4482421875 0.107421875 0.4482421875 0.12369791666666667 0.439453125 0.12369791666666667
9 0.44970703125 0.107421875 0.4560546875 0.107421875 0.4560546875 0.12369791666666667 0.44970703125 0.12369791666666667
37 0.45751953125 0.107421875 0.46630859375 0.107421875 0.46630859375 0.119140625 0.45751953125 0.119140625
0 0.4677734375 0.107421875 0.4765625 0.107421875 0.4765625 0.123046875 0.4677734375 0.123046875
1 0.47802734375 0.107421875 0.48388671875 0.107421875 0.48388671875 0.12369791666666667 0.47802734375 0.12369791666666667
37 0.4853515625 0.107421875 0.494140625 0.107421875 0.494140625 0.119140625 0.4853515625 0.119140625
2 0.49560546875 0.107421875 0.501953125 0.107421875 0.501953125 0.12369791666666667 0.49560546875 0.12369791666666667
0 0.50341796875 0.107421875 0.509765625 0.107421875 0.509765625 0.12369791666666667 0.50341796875 0.12369791666666667
2 0.51123046875 0.107421875 0.52001953125 0.107421875 0.52001953125 0.12369791666666667 0.51123046875 0.12369791666666667
5 0.521484375 0.107421875 0.5302734375 0.107421875 0.5302734375 0.12369791666666667 0.521484375 0.12369791666666667
1 0.54150390625 0.107421875 0.5458984375 0.107421875 0.5458984375 0.12369791666666667 0.54150390625 0.12369791666666667
6 0.54736328125 0.107421875 0.5537109375 0.107421875 0.5537109375 0.12369791666666667 0.54736328125 0.12369791666666667
36 0.5556640625 0.107421875 0.5595703125 0.107421875 0.5595703125 0.119140625 0.5556640625 0.119140625
2 0.5615234375 0.107421875 0.5703125 0.107421875 0.5703125 0.123046875 0.5615234375 0.123046875
3 0.572265625 0.107421875 0.5810546875 0.107421875 0.5810546875 0.123046875 0.572265625 0.123046875
3 0.439453125 0.126953125 0.4482421875 0.126953125 0.4482421875 0.142578125 0.439453125 0.142578125
7 0.44970703125 0.126953125 0.4560546875 0.126953125 0.4560546875 0.14322916666666666 0.44970703125 0.14322916666666666
7 0.45751953125 0.126953125 0.46630859375 0.126953125 0.46630859375 0.142578125 0.45751953125 0.142578125
8 0.46826171875 0.126953125 0.47705078125 0.126953125 0.47705078125 0.142578125 0.46826171875 0.142578125
8 0.47900390625 0.126953125 0.4853515625 0.126953125 0.4853515625 0.14322916666666666 0.47900390625 0.14322916666666666
5 0.48779296875 0.126953125 0.49658203125 0.126953125 0.49658203125 0.142578125 0.48779296875 0.142578125
6 0.498046875 0.126953125 0.5068359375 0.126953125 0.5068359375 0.142578125 0.498046875 0.142578125
9 0.50927734375 0.126953125 0.51806640625 0.126953125 0.51806640625 0.142578125 0.50927734375 0.142578125
16 0.51953125 0.126953125 0.52587890625 0.126953125 0.52587890625 0.14322916666666666 0.51953125 0.14322916666666666
29 0.52734375 0.126953125 0.5361328125 0.126953125 0.5361328125 0.142578125 0.52734375 0.142578125
