2 0.439453125 0.107421875 0.44580078125 0.107421875 0.44580078125 0.12369791666666667 0.439453125 0.12369791666666667
5 0.447265625 0.107421875 0.45361328125 0.107421875 0.45361328125 0.12369791666666667 0.447265625 0.12369791666666667
37 0.455078125 0.107421875 0.4638671875 0.107421875 0.4638671875 0.119140625 0.455078125 0.119140625
0 0.46533203125 0.107421875 0.47412109375 0.107421875 0.47412109375 0.123046875 0.46533203125 0.123046875
1 0.4755859375 0.107421875 0.4814453125 0.107421875 0.4814453125 0.123046875 0.4755859375 0.123046875
37 0.48291015625 0.107421875 0.49169921875 0.107421875 0.49169921875 0.119140625 0.48291015625 0.119140625
2 0.4931640625 0.107421875 0.49951171875 0.107421875 0.49951171875 0.12369791666666667 0.4931640625 0.12369791666666667
0 0.5009765625 0.107421875 0.509765625 0.107421875 0.509765625 0.123046875 0.5009765625 0.123046875
2 0.51123046875 0.107421875 0.52001953125 0.107421875 0.52001953125 0.123046875 0.51123046875 0.123046875
5 0.521484375 0.107421875 0.52783203125 0.107421875 0.52783203125 0.12369791666666667 0.521484375 0.12369791666666667
1 0.5390625 0.107421875 0.544921875 0.107421875 0.544921875 0.123046875 0.5390625 0.123046875
6 0.54736328125 0.107421875 0.55615234375 0.107421875 0.55615234375 0.123046875 0.54736328125 0.123046875
36 0.5576171875 0.107421875 0.5595703125 0.107421875 0.5595703125 0.1171875 0.5576171875 0.1171875
2 0.56103515625 0.107421875 0.56982421875 0.107421875 0.56982421875 0.123046875 0.56103515625 0.123046875
3 0.5712890625 0.107421875 0.580078125 0.107421875 0.580078125 0.12369791666666667 0.5712890625 0.12369791666666667
0 0.439453125 0.126953125 0.44580078125 0.126953125 0.44580078125 0.14322916666666666 0.439453125 0.14322916666666666
1 0.447265625 0.126953125 0.451171875 0.126953125 0.451171875 0.14322916666666666 0.447265625 0.14322916666666666
6 0.45263671875 0.126953125 0.458984375 0.126953125 0.458984375 0.14322916666666666 0.45263671875 0.14322916666666666
9 0.46142578125 0.126953125 0.4677734375 0.126953125 0.4677734375 0.14322916666666666 0.46142578125 0.14322916666666666
6 0.46923828125 0.126953125 0.4755859375 0.126953125 0.4755859375 0.14322916666666666 0.46923828125 0.14322916666666666
2 0.47705078125 0.126953125 0.48583984375 0.126953125 0.48583984375 0.14322916666666666 0.47705078125 0.14322916666666666
5 0.4873046875 0.126953125 0.49609375 0.126953125 0.49609375 0.142578125 0.4873046875 0.142578125
6 0.49853515625 0.126953125 0.50732421875 0.126953125 0.50732421875 0.142578125 0.49853515625 0.142578125
25 0.509765625 0.126953125 0.5185546875 0.126953125 0.5185546875 0.142578125 0.509765625 0.142578125
16 0.52001953125 0.126953125 0.52880859375 0.126953125 0.52880859375 0.142578125 0.52001953125 0.142578125
