2 0.439453125 0.107421875 0.44580078125 0.107421875 0.44580078125 0.12369791666666667 0.439453125 0.12369791666666667
7 0.447265625 0.107421875 0.4560546875 0.107421875 0.4560546875 0.123046875 0.447265625 0.123046875
37 0.45751953125 0.107421875 0.46630859375 0.107421875 0.46630859375 0.119140625 0.45751953125 0.119140625
0 0.4677734375 0.107421875 0.4765625 0.107421875 0.4765625 0.12369791666666667 0.4677734375 0.12369791666666667
3 0.47802734375 0.107421875 0.48681640625 0.107421875 0.48681640625 0.12369791666666667 0.47802734375 0.12369791666666667
37 0.48828125 0.107421875 0.4970703125 0.107421875 0.4970703125 0.119140625 0.48828125 0.119140625
2 0.49853515625 0.107421875 0.50732421875 0.107421875 0.50732421875 0.123046875 0.49853515625 0.123046875
0 0.5087890625 0.107421875 0.517578125 0.107421875 0.517578125 0.123046875 0.5087890625 0.123046875
2 0.51904296875 0.107421875 0.52783203125 0.107421875 0.52783203125 0.123046875 0.51904296875 0.123046875
5 0.529296875 0.107421875 0.5380859375 0.107421875 0.5380859375 0.12369791666666667 0.529296875 0.12369791666666667
1 0.54931640625 0.107421875 0.55322265625 0.107421875 0.55322265625 0.12369791666666667 0.54931640625 0.12369791666666667
6 0.5546875 0.107421875 0.56103515625 0.107421875 0.56103515625 0.12369791666666667 0.5546875 0.12369791666666667
36 0.5625 0.107421875 0.56640625 0.107421875 0.56640625 0.119140625 0.5625 0.119140625
2 0.568359375 0.107421875 0.57470703125 0.107421875 0.57470703125 0.12369791666666667 0.568359375 0.12369791666666667
3 0.57666015625 0.107421875 0.58544921875 0.107421875 0.58544921875 0.123046875 0.57666015625 0.123046875
9 0.439453125 0.126953125 0.4482421875 0.126953125 0.4482421875 0.142578125 0.439453125 0.142578125
4 0.44970703125 0.126953125 0.45849609375 0.126953125 0.45849609375 0.142578125 0.44970703125 0.142578125
4 0.4599609375 0.126953125 0.46630859375 0.126953125 0.46630859375 0.14322916666666666 0.4599609375 0.14322916666666666
4 0.4677734375 0.126953125 0.47412109375 0.126953125 0.47412109375 0.14322916666666666 0.4677734375 0.14322916666666666
2 0.4755859375 0.126953125 0.484375 0.126953125 0.484375 0.14322916666666666 0.4755859375 0.14322916666666666
9 0.486328125 0.126953125 0.49267578125 0.126953125 0.49267578125 0.14322916666666666 0.486328125 0.14322916666666666
5 0.4951171875 0.126953125 0.50146484375 0.126953125 0.50146484375 0.14322916666666666 0.4951171875 0.14322916666666666
0 0.5029296875 0.126953125 0.51171875 0.126953125 0.51171875 0.142578125 0.5029296875 0.142578125
34 0.513671875 0.126953125 0.5224609375 0.126953125 0.5224609375 0.142578125 0.513671875 0.142578125
24 0.5244140625 0.126953125 0.533203125 0.126953125 0.533203125 0.142578125 0.5244140625 0.142578125
