0 0.439453125 0.107421875 0.44580078125 0.107421875 0.44580078125 0.12369791666666667 0.439453125 0.12369791666666667
2 0.447265625 0.107421875 0.45361328125 0.107421875 0.45361328125 0.12369791666666667 0.447265625 0.12369791666666667
37 0.455078125 0.107421875 0.4638671875 0.107421875 0.4638671875 0.119140625 0.455078125 0.119140625
0 0.46533203125 0.107421875 0.47412109375 0.107421875 0.47412109375 0.12369791666666667 0.46533203125 0.12369791666666667
8 0.4755859375 0.107421875 0.484375 0.107421875 0.484375 0.123046875 0.4755859375 0.123046875
37 0.48583984375 0.107421875 0.49462890625 0.107421875 0.49462890625 0.119140625 0.48583984375 0.119140625
2 0.49609375 0.107421875 0.5048828125 0.107421875 0.5048828125 0.123046875 0.49609375 0.123046875
0 0.50634765625 0.107421875 0.51513671875 0.107421875 0.51513671875 0.123046875 0.50634765625 0.123046875
2 0.5166015625 0.107421875 0.52294921875 0.107421875 0.52294921875 0.12369791666666667 0.5166015625 0.12369791666666667
5 0.5244140625 0.107421875 0.533203125 0.107421875 0.533203125 0.12369791666666667 0.5244140625 0.12369791666666667
1 0.54443359375 0.107421875 0.55029296875 0.107421875 0.55029296875 0.12369791666666667 0.54443359375 0.12369791666666667
6 0.5517578125 0.107421875 0.55810546875 0.107421875 0.55810546875 0.12369791666666667 0.5517578125 0.12369791666666667
36 0.560546875 0.107421875 0.564453125 0.107421875 0.564453125 0.119140625 0.560546875 0.119140625
2 0.56689453125 0.107421875 0.57568359375 0.107421875 0.57568359375 0.123046875 0.56689453125 0.123046875
3 0.578125 0.107421875 0.5869140625 0.107421875 0.5869140625 0.123046875 0.578125 0.123046875
5 0.439453125 0.126953125 0.44580078125 0.126953125 0.44580078125 0.14322916666666666 0.439453125 0.14322916666666666
1 0.447265625 0.126953125 0.451171875 0.126953125 0.451171875 0.14322916666666666 0.447265625 0.14322916666666666
9 0.453125 0.126953125 0.4619140625 0.126953125 0.4619140625 0.142578125 0.453125 0.142578125
4 0.46337890625 0.126953125 0.4697265625 0.126953125 0.4697265625 0.142578125 0.46337890625 0.142578125
4 0.47216796875 0.126953125 0.4794921875 0.126953125 0.4794921875 0.142578125 0.47216796875 0.142578125
3 0.48095703125 0.126953125 0.48974609375 0.126953125 0.48974609375 0.142578125 0.48095703125 0.142578125
9 0.4912109375 0.126953125 0.5 0.126953125 0.5 0.142578125 0.4912109375 0.142578125
3 0.501953125 0.126953125 0.5107421875 0.126953125 0.5107421875 0.142578125 0.501953125 0.142578125
23 0.5126953125 0.126953125 0.51904296875 0.126953125 0.51904296875 0.14322916666666666 0.5126953125 0.14322916666666666
12 0.5205078125 0.126953125 0.529296875 0.126953125 0.529296875 0.14322916666666666 0.5205078125 0.14322916666666666
