31 0.25 0.5623076923076923 0.27918781725888325 0.5623076923076923 0.27918781725888325 0.61 0.25 0.61
22 0.2887055837563452 0.5623076923076923 0.31789340101522845 0.5623076923076923 0.31789340101522845 0.61 0.2887055837563452 0.61
34 0.32614213197969544 0.5623076923076923 0.3477157360406091 0.5623076923076923 0.3477157360406091 0.6107692307692307 0.32614213197969544 0.6107692307692307
36 0.3553299492385787 0.5623076923076923 0.36294416243654826 0.5623076923076923 0.36294416243654826 0.5923076923076923 0.3553299492385787 0.5923076923076923
0 0.37182741116751267 0.5623076923076923 0.4010152284263959 0.5623076923076923 0.4010152284263959 0.61 0.37182741116751267 0.61
2 0.40926395939086296 0.5623076923076923 0.43083756345177665 0.5623076923076923 0.43083756345177665 0.6115384615384615 0.40926395939086296 0.6115384615384615
37 0.43781725888324874 0.5623076923076923 0.467005076142132 0.5623076923076923 0.467005076142132 0.5976923076923076 0.43781725888324874 0.5976923076923076
2 0.4746192893401015 0.5623076923076923 0.5038071065989848 0.5623076923076923 0.5038071065989848 0.6107692307692307 0.4746192893401015 0.6107692307692307
0 0.5120558375634517 0.5623076923076923 0.5336294416243654 0.5623076923076923 0.5336294416243654 0.6107692307692307 0.5120558375634517 0.6107692307692307
37 0.5425126903553299 0.5623076923076923 0.5717005076142131 0.5623076923076923 0.5717005076142131 0.5976923076923076 0.5425126903553299 0.5976923076923076
2 0.5812182741116751 0.5623076923076923 0.6104060913705583 0.5623076923076923 0.6104060913705583 0.61 0.5812182741116751 0.61
0 0.618020304568528 0.5623076923076923 0.6472081218274112 0.5623076923076923 0.6472081218274112 0.61 0.618020304568528 0.61
2 0.6554568527918782 0.5623076923076923 0.6846446700507614 0.5623076923076923 0.6846446700507614 0.61 0.6554568527918782 0.61
5 0.6941624365482234 0.5623076923076923 0.7157360406091371 0.5623076923076923 0.7157360406091371 0.6107692307692307 0.6941624365482234 0.6107692307692307
35 0.25 0.6215384615384615 0.27918781725888325 0.6215384615384615 0.27918781725888325 0.6692307692307692 0.25 0.6692307692307692
26 0.2880710659898477 0.6215384615384615 0.31725888324873097 0.6215384615384615 0.31725888324873097 0.6692307692307692 0.2880710659898477 0.6692307692307692
20 0.3267766497461929 0.6215384615384615 0.35596446700507617 0.6215384615384615 0.35596446700507617 0.6692307692307692 0.3267766497461929 0.6692307692307692
36 0.36548223350253806 0.6215384615384615 0.37944162436548223 0.6215384615384615 0.37944162436548223 0.6569230769230768 0.36548223350253806 0.6569230769230768
0 0.3883248730964467 0.6215384615384615 0.41751269035532995 0.6215384615384615 0.41751269035532995 0.6692307692307692 0.3883248730964467 0.6692307692307692
4 0.4251269035532995 0.6215384615384615 0.45431472081218277 0.6215384615384615 0.45431472081218277 0.6692307692307692 0.4251269035532995 0.6692307692307692
37 0.46383248730964466 0.6215384615384615 0.4930203045685279 0.6215384615384615 0.4930203045685279 0.6569230769230768 0.46383248730964466 0.6569230769230768
2 0.5 0.6215384615384615 0.5291878172588832 0.6215384615384615 0.5291878172588832 0.6692307692307692 0.5 0.6692307692307692
7 0.5355329949238579 0.6215384615384615 0.5647208121827411 0.6215384615384615 0.5647208121827411 0.6692307692307692 0.5355329949238579 0.6692307692307692
37 0.5723350253807107 0.6215384615384615 0.6015228426395939 0.6215384615384615 0.6015228426395939 0.6569230769230768 0.5723350253807107 0.6569230769230768
2 0.6104060913705583 0.6215384615384615 0.6395939086294415 0.6215384615384615 0.6395939086294415 0.6692307692307692 0.6104060913705583 0.6692307692307692
0 0.6459390862944162 0.6215384615384615 0.6751269035532994 0.6215384615384615 0.6751269035532994 0.6699999999999999 0.6459390862944162 0.6699999999999999
2 0.684010152284264 0.6215384615384615 0.7055837563451777 0.6215384615384615 0.7055837563451777 0.6707692307692307 0.684010152284264 0.6707692307692307
5 0.7138324873096447 0.6215384615384615 0.7430203045685279 0.6215384615384615 0.7430203045685279 0.6699999999999999 0.7138324873096447 0.6699999999999999
