19 0.25 0.6569230769230769 0.2715736040609137 0.6569230769230769 0.2715736040609137 0.7053846153846154 0.25 0.7053846153846154
35 0.2785532994923858 0.6569230769230769 0.30774111675126903 0.6569230769230769 0.30774111675126903 0.7053846153846154 0.2785532994923858 0.7053846153846154
35 0.315989847715736 0.6569230769230769 0.3375634517766497 0.6569230769230769 0.3375634517766497 0.7053846153846154 0.315989847715736 0.7053846153846154
36 0.34581218274111675 0.6569230769230769 0.35850253807106597 0.6569230769230769 0.35850253807106597 0.6923076923076923 0.34581218274111675 0.6923076923076923
0 0.36484771573604063 0.6569230769230769 0.3940355329949239 0.6569230769230769 0.3940355329949239 0.7053846153846154 0.36484771573604063 0.7053846153846154
9 0.4029187817258883 0.6569230769230769 0.43210659898477155 0.6569230769230769 0.43210659898477155 0.7053846153846154 0.4029187817258883 0.7053846153846154
37 0.43908629441624364 0.6569230769230769 0.4682741116751269 0.6569230769230769 0.4682741116751269 0.6923076923076923 0.43908629441624364 0.6923076923076923
1 0.47588832487309646 0.6569230769230769 0.48984771573604063 0.6569230769230769 0.48984771573604063 0.7053846153846154 0.47588832487309646 0.7053846153846154
9 0.4980964467005076 0.6569230769230769 0.5272842639593909 0.6569230769230769 0.5272842639593909 0.7046153846153846 0.4980964467005076 0.7046153846153846
37 0.5336294416243654 0.6569230769230769 0.5628172588832486 0.6569230769230769 0.5628172588832486 0.6923076923076923 0.5336294416243654 0.6923076923076923
2 0.5717005076142132 0.6569230769230769 0.5932741116751269 0.6569230769230769 0.5932741116751269 0.7053846153846154 0.5717005076142132 0.7053846153846154
0 0.5996192893401016 0.6569230769230769 0.6211928934010152 0.6569230769230769 0.6211928934010152 0.7053846153846154 0.5996192893401016 0.7053846153846154
2 0.6307106598984772 0.6569230769230769 0.6598984771573604 0.6569230769230769 0.6598984771573604 0.7046153846153846 0.6307106598984772 0.7046153846153846
5 0.6668781725888325 0.6569230769230769 0.6960659898477157 0.6569230769230769 0.6960659898477157 0.7046153846153846 0.6668781725888325 0.7046153846153846
12 0.25 0.7161538461538461 0.2715736040609137 0.7161538461538461 0.2715736040609137 0.7646153846153846 0.25 0.7646153846153846
18 0.28109137055837563 0.7161538461538461 0.3001269035532995 0.7161538461538461 0.3001269035532995 0.7638461538461538 0.28109137055837563 0.7638461538461538
24 0.30774111675126903 0.7161538461538461 0.3369289340101523 0.7161538461538461 0.3369289340101523 0.7638461538461538 0.30774111675126903 0.7638461538461538
36 0.34581218274111675 0.7161538461538461 0.35850253807106597 0.7161538461538461 0.35850253807106597 0.7515384615384615 0.34581218274111675 0.7515384615384615
1 0.36548223350253806 0.7161538461538461 0.38451776649746194 0.7161538461538461 0.38451776649746194 0.7638461538461538 0.36548223350253806 0.7638461538461538
2 0.39403553299492383 0.7161538461538461 0.4156091370558375 0.7161538461538461 0.4156091370558375 0.7646153846153846 0.39403553299492383 0.7646153846153846
37 0.42385786802030456 0.7161538461538461 0.4530456852791878 0.7161538461538461 0.4530456852791878 0.7523076923076923 0.42385786802030456 0.7523076923076923
2 0.4619289340101523 0.7161538461538461 0.48350253807106597 0.7161538461538461 0.48350253807106597 0.7646153846153846 0.4619289340101523 0.7646153846153846
6 0.491751269035533 0.7161538461538461 0.5133248730964467 0.7161538461538461 0.5133248730964467 0.7646153846153846 0.491751269035533 0.7646153846153846
37 0.5222081218274112 0.7161538461538461 0.5513959390862944 0.7161538461538461 0.5513959390862944 0.7515384615384615 0.5222081218274112 0.7515384615384615
2 0.5609137055837563 0.7161538461538461 0.58248730964467 0.7161538461538461 0.58248730964467 0.7646153846153846 0.5609137055837563 0.7646153846153846
0 0.5901015228426396 0.7161538461538461 0.6192893401015228 0.7161538461538461 0.6192893401015228 0.7638461538461538 0.5901015228426396 0.7638461538461538
2 0.6256345177664975 0.7161538461538461 0.6472081218274112 0.7161538461538461 0.6472081218274112 0.7646153846153846 0.6256345177664975 0.7646153846153846
4 0.6560913705583756 0.7161538461538461 0.6776649746192893 0.7161538461538461 0.6776649746192893 0.7646153846153846 0.6560913705583756 0.7646153846153846
