24 0.25 0.46 0.2715736040609137 0.46 0.2715736040609137 0.5092307692307693 0.25 0.5092307692307693
26 0.27918781725888325 0.46 0.30076142131979694 0.46 0.30076142131979694 0.5084615384615385 0.27918781725888325 0.5084615384615385
14 0.3096446700507614 0.46 0.3312182741116751 0.46 0.3312182741116751 0.5084615384615385 0.3096446700507614 0.5084615384615385
36 0.34073604060913704 0.46 0.3546954314720812 0.46 0.3546954314720812 0.4953846153846154 0.34073604060913704 0.4953846153846154
0 0.3616751269035533 0.46 0.39086294416243655 0.46 0.39086294416243655 0.5076923076923077 0.3616751269035533 0.5076923076923077
9 0.4003807106598985 0.46 0.4219543147208122 0.46 0.4219543147208122 0.5084615384615385 0.4003807106598985 0.5084615384615385
37 0.42956852791878175 0.46 0.458756345177665 0.46 0.458756345177665 0.4953846153846154 0.42956852791878175 0.4953846153846154
2 0.4682741116751269 0.46 0.4898477157360406 0.46 0.4898477157360406 0.5084615384615385 0.4682741116751269 0.5084615384615385
4 0.49619289340101524 0.46 0.5177664974619289 0.46 0.5177664974619289 0.5076923076923077 0.49619289340101524 0.5076923076923077
37 0.5260152284263959 0.46 0.5552030456852791 0.46 0.5552030456852791 0.4953846153846154 0.5260152284263959 0.4953846153846154
2 0.5634517766497462 0.46 0.5926395939086294 0.46 0.5926395939086294 0.5076923076923077 0.5634517766497462 0.5076923076923077
0 0.6021573604060914 0.46 0.623730964467005 0.46 0.623730964467005 0.5084615384615385 0.6021573604060914 0.5084615384615385
2 0.633248730964467 0.46 0.6548223350253807 0.46 0.6548223350253807 0.5084615384615385 0.633248730964467 0.5084615384615385
5 0.6630710659898477 0.46 0.6922588832487309 0.46 0.6922588832487309 0.5076923076923077 0.6630710659898477 0.5076923076923077
32 0.25 0.5192307692307693 0.27918781725888325 0.5192307692307693 0.27918781725888325 0.566923076923077 0.25 0.566923076923077
24 0.2868020304568528 0.5192307692307693 0.31598984771573607 0.5192307692307693 0.31598984771573607 0.566923076923077 0.2868020304568528 0.566923076923077
34 0.3223350253807107 0.5192307692307693 0.34390862944162437 0.5192307692307693 0.34390862944162437 0.5676923076923077 0.3223350253807107 0.5676923076923077
36 0.350253807106599 0.5192307692307693 0.36421319796954316 0.5192307692307693 0.36421319796954316 0.5546153846153846 0.350253807106599 0.5546153846153846
0 0.37182741116751267 0.5192307692307693 0.4010152284263959 0.5192307692307693 0.4010152284263959 0.566923076923077 0.37182741116751267 0.566923076923077
6 0.4098984771573604 0.5192307692307693 0.43908629441624364 0.5192307692307693 0.43908629441624364 0.5676923076923077 0.4098984771573604 0.5676923076923077
37 0.44543147208121825 0.5192307692307693 0.4746192893401015 0.5192307692307693 0.4746192893401015 0.5546153846153846 0.44543147208121825 0.5546153846153846
2 0.48413705583756345 0.5192307692307693 0.5133248730964467 0.5192307692307693 0.5133248730964467 0.566923076923077 0.48413705583756345 0.566923076923077
9 0.5228426395939086 0.5192307692307693 0.5444162436548223 0.5192307692307693 0.5444162436548223 0.5676923076923077 0.5228426395939086 0.5676923076923077
37 0.5532994923857868 0.5192307692307693 0.58248730964467 0.5192307692307693 0.58248730964467 0.5546153846153846 0.5532994923857868 0.5546153846153846
2 0.5907360406091371 0.5192307692307693 0.6199238578680203 0.5192307692307693 0.6199238578680203 0.5676923076923077 0.5907360406091371 0.5676923076923077
0 0.6288071065989848 0.5192307692307693 0.657994923857868 0.5192307692307693 0.657994923857868 0.566923076923077 0.6288071065989848 0.566923076923077
2 0.6656091370558376 0.5192307692307693 0.6947969543147208 0.5192307692307693 0.6947969543147208 0.5676923076923077 0.6656091370558376 0.5676923076923077
5 0.7011421319796954 0.5192307692307693 0.7303299492385786 0.5192307692307693 0.7303299492385786 0.5676923076923077 0.7011421319796954 0.5676923076923077
