25 0.25 0.48384615384615387 0.2715736040609137 0.48384615384615387 0.2715736040609137 0.5323076923076924 0.25 0.5323076923076924
25 0.28045685279187815 0.48384615384615387 0.30203045685279184 0.48384615384615387 0.30203045685279184 0.5323076923076924 0.28045685279187815 0.5323076923076924
17 0.3096446700507614 0.48384615384615387 0.33883248730964466 0.48384615384615387 0.33883248730964466 0.5315384615384615 0.3096446700507614 0.5315384615384615
36 0.34517766497461927 0.48384615384615387 0.35913705583756345 0.48384615384615387 0.35913705583756345 0.5192307692307693 0.34517766497461927 0.5192307692307693
1 0.36548223350253806 0.48384615384615387 0.37944162436548223 0.48384615384615387 0.37944162436548223 0.5323076923076924 0.36548223350253806 0.5323076923076924
2 0.3870558375634518 0.48384615384615387 0.41624365482233505 0.48384615384615387 0.41624365482233505 0.5315384615384615 0.3870558375634518 0.5315384615384615
37 0.4251269035532995 0.48384615384615387 0.44923857868020306 0.48384615384615387 0.44923857868020306 0.5130769230769231 0.4251269035532995 0.5130769230769231
0 0.45558375634517767 0.48384615384615387 0.4847715736040609 0.48384615384615387 0.4847715736040609 0.5315384615384615 0.45558375634517767 0.5315384615384615
3 0.49428934010152287 0.48384615384615387 0.5234771573604061 0.48384615384615387 0.5234771573604061 0.5315384615384615 0.49428934010152287 0.5315384615384615
37 0.5323604060913706 0.48384615384615387 0.5615482233502538 0.48384615384615387 0.5615482233502538 0.52 0.5323604060913706 0.52
2 0.5697969543147208 0.48384615384615387 0.598984771573604 0.48384615384615387 0.598984771573604 0.5315384615384615 0.5697969543147208 0.5315384615384615
0 0.6059644670050761 0.48384615384615387 0.6351522842639593 0.48384615384615387 0.6351522842639593 0.5315384615384615 0.6059644670050761 0.5315384615384615
2 0.6446700507614214 0.48384615384615387 0.6738578680203046 0.48384615384615387 0.6738578680203046 0.5315384615384615 0.6446700507614214 0.5315384615384615
4 0.6833756345177665 0.48384615384615387 0.7125634517766497 0.48384615384615387 0.7125634517766497 0.5315384615384615 0.6833756345177665 0.5315384615384615
20 0.25 0.5430769230769231 0.27918781725888325 0.5430769230769231 0.27918781725888325 0.5907692307692308 0.25 0.5907692307692308
22 0.2880710659898477 0.5430769230769231 0.31725888324873097 0.5430769230769231 0.31725888324873097 0.5907692307692308 0.2880710659898477 0.5907692307692308
34 0.32614213197969544 0.5430769230769231 0.3477157360406091 0.5430769230769231 0.3477157360406091 0.5923076923076923 0.32614213197969544 0.5923076923076923
36 0.35596446700507617 0.5430769230769231 0.36357868020304573 0.5430769230769231 0.36357868020304573 0.5723076923076924 0.35596446700507617 0.5723076923076924
1 0.37119289340101524 0.5430769230769231 0.3851522842639594 0.5430769230769231 0.3851522842639594 0.5923076923076923 0.37119289340101524 0.5923076923076923
2 0.39276649746192893 0.5430769230769231 0.4219543147208122 0.5430769230769231 0.4219543147208122 0.5907692307692308 0.39276649746192893 0.5907692307692308
37 0.43083756345177665 0.5430769230769231 0.4600253807106599 0.5430769230769231 0.4600253807106599 0.5784615384615385 0.43083756345177665 0.5784615384615385
2 0.4676395939086294 0.5430769230769231 0.49682741116751267 0.5430769230769231 0.49682741116751267 0.5907692307692308 0.4676395939086294 0.5907692307692308
3 0.5063451776649747 0.5430769230769231 0.5355329949238579 0.5430769230769231 0.5355329949238579 0.5907692307692308 0.5063451776649747 0.5907692307692308
37 0.5444162436548223 0.5430769230769231 0.5736040609137055 0.5430769230769231 0.5736040609137055 0.5784615384615385 0.5444162436548223 0.5784615384615385
2 0.5824873096446701 0.5430769230769231 0.6116751269035533 0.5430769230769231 0.6116751269035533 0.5907692307692308 0.5824873096446701 0.5907692307692308
0 0.618020304568528 0.5430769230769231 0.6395939086294417 0.5430769230769231 0.6395939086294417 0.5923076923076923 0.618020304568528 0.5923076923076923
2 0.6491116751269036 0.5430769230769231 0.6706852791878173 0.5430769230769231 0.6706852791878173 0.5915384615384616 0.6491116751269036 0.5915384615384616
4 0.6782994923857868 0.5430769230769231 0.6998730964467005 0.5430769230769231 0.6998730964467005 0.5915384615384616 0.6782994923857868 0.5915384615384616
