23 0.25 0.3976923076923077 0.2715736040609137 0.3976923076923077 0.2715736040609137 0.4469230769230769 0.25 0.4469230769230769
28 0.27982233502538073 0.3976923076923077 0.309010152284264 0.3976923076923077 0.309010152284264 0.4453846153846154 0.27982233502538073 0.4453846153846154
29 0.3153553299492386 0.3976923076923077 0.34454314720812185 0.3976923076923077 0.34454314720812185 0.4461538461538461 0.3153553299492386 0.4461538461538461
36 0.3534263959390863 0.3976923076923077 0.36611675126903553 0.3976923076923077 0.36611675126903553 0.4338461538461538 0.3534263959390863 0.4338461538461538
1 0.3737309644670051 0.3976923076923077 0.39276649746192893 0.3976923076923077 0.39276649746192893 0.4461538461538461 0.3737309644670051 0.4461538461538461
0 0.4010152284263959 0.3976923076923077 0.4225888324873096 0.3976923076923077 0.4225888324873096 0.4461538461538461 0.4010152284263959 0.4461538461538461
37 0.43210659898477155 0.3976923076923077 0.4612944162436548 0.3976923076923077 0.4612944162436548 0.4323076923076923 0.43210659898477155 0.4323076923076923
0 0.47017766497461927 0.3976923076923077 0.4993654822335025 0.3976923076923077 0.4993654822335025 0.4453846153846154 0.47017766497461927 0.4453846153846154
6 0.5063451776649747 0.3976923076923077 0.5279187817258884 0.3976923076923077 0.5279187817258884 0.4461538461538461 0.5063451776649747 0.4461538461538461
37 0.5348984771573604 0.3976923076923077 0.5640862944162436 0.3976923076923077 0.5640862944162436 0.4330769230769231 0.5348984771573604 0.4330769230769231
2 0.5736040609137056 0.3976923076923077 0.6027918781725888 0.3976923076923077 0.6027918781725888 0.4453846153846154 0.5736040609137056 0.4453846153846154
0 0.6123096446700508 0.3976923076923077 0.641497461928934 0.3976923076923077 0.641497461928934 0.4461538461538461 0.6123096446700508 0.4461538461538461
2 0.6503807106598984 0.3976923076923077 0.6719543147208121 0.3976923076923077 0.6719543147208121 0.4461538461538461 0.6503807106598984 0.4461538461538461
5 0.6814720812182741 0.3976923076923077 0.7106598984771573 0.3976923076923077 0.7106598984771573 0.4461538461538461 0.6814720812182741 0.4461538461538461
16 0.25 0.45692307692307693 0.27918781725888325 0.45692307692307693 0.27918781725888325 0.5046153846153846 0.25 0.5046153846153846
27 0.2887055837563452 0.45692307692307693 0.31789340101522845 0.45692307692307693 0.31789340101522845 0.5053846153846154 0.2887055837563452 0.5053846153846154
15 0.32614213197969544 0.45692307692307693 0.3553299492385787 0.45692307692307693 0.3553299492385787 0.5046153846153846 0.32614213197969544 0.5046153846153846
36 0.36421319796954316 0.45692307692307693 0.3718274111675127 0.45692307692307693 0.3718274111675127 0.4869230769230769 0.36421319796954316 0.4869230769230769
1 0.38071065989847713 0.45692307692307693 0.3946700507614213 0.45692307692307693 0.3946700507614213 0.5061538461538462 0.38071065989847713 0.5061538461538462
2 0.4029187817258883 0.45692307692307693 0.43210659898477155 0.45692307692307693 0.43210659898477155 0.5046153846153846 0.4029187817258883 0.5046153846153846
37 0.4384517766497462 0.45692307692307693 0.46763959390862947 0.45692307692307693 0.46763959390862947 0.49230769230769234 0.4384517766497462 0.49230769230769234
2 0.47652284263959394 0.45692307692307693 0.5057106598984772 0.45692307692307693 0.5057106598984772 0.5046153846153846 0.47652284263959394 0.5046153846153846
2 0.5126903553299492 0.45692307692307693 0.5342639593908629 0.45692307692307693 0.5342639593908629 0.5053846153846154 0.5126903553299492 0.5053846153846154
37 0.5406091370558376 0.45692307692307693 0.5697969543147208 0.45692307692307693 0.5697969543147208 0.49230769230769234 0.5406091370558376 0.49230769230769234
2 0.5761421319796954 0.45692307692307693 0.6053299492385786 0.45692307692307693 0.6053299492385786 0.5046153846153846 0.5761421319796954 0.5046153846153846
0 0.6123096446700508 0.45692307692307693 0.6338832487309645 0.45692307692307693 0.6338832487309645 0.5053846153846154 0.6123096446700508 0.5053846153846154
2 0.6408629441624365 0.45692307692307693 0.6700507614213197 0.45692307692307693 0.6700507614213197 0.5053846153846154 0.6408629441624365 0.5053846153846154
4 0.6789340101522843 0.45692307692307693 0.7081218274111675 0.45692307692307693 0.7081218274111675 0.5046153846153846 0.6789340101522843 0.5046153846153846
