24 0.25 0.5907692307692308 0.2715736040609137 0.5907692307692308 0.2715736040609137 0.6392307692307693 0.25 0.6392307692307693
20 0.2779187817258883 0.5907692307692308 0.30710659898477155 0.5907692307692308 0.30710659898477155 0.6392307692307693 0.2779187817258883 0.6392307692307693
21 0.315989847715736 0.5907692307692308 0.3375634517766497 0.5907692307692308 0.3375634517766497 0.6392307692307693 0.315989847715736 0.6392307692307693
36 0.34517766497461927 0.5907692307692308 0.3578680203045685 0.5907692307692308 0.3578680203045685 0.6261538461538462 0.34517766497461927 0.6261538461538462
0 0.36421319796954316 0.5907692307692308 0.3934010152284264 0.5907692307692308 0.3934010152284264 0.6384615384615385 0.36421319796954316 0.6384615384615385
4 0.4022842639593909 0.5907692307692308 0.43147208121827413 0.5907692307692308 0.43147208121827413 0.6384615384615385 0.4022842639593909 0.6384615384615385
37 0.4384517766497462 0.5907692307692308 0.46763959390862947 0.5907692307692308 0.46763959390862947 0.6253846153846154 0.4384517766497462 0.6253846153846154
1 0.47715736040609136 0.5907692307692308 0.49111675126903553 0.5907692307692308 0.49111675126903553 0.64 0.47715736040609136 0.64
0 0.4987309644670051 0.5907692307692308 0.5279187817258884 0.5907692307692308 0.5279187817258884 0.6384615384615385 0.4987309644670051 0.6384615384615385
37 0.5361675126903553 0.5907692307692308 0.5653553299492385 0.5907692307692308 0.5653553299492385 0.626923076923077 0.5361675126903553 0.626923076923077
2 0.574238578680203 0.5907692307692308 0.6034263959390862 0.5907692307692308 0.6034263959390862 0.6384615384615385 0.574238578680203 0.6384615384615385
0 0.6116751269035533 0.5907692307692308 0.6408629441624365 0.5907692307692308 0.6408629441624365 0.6384615384615385 0.6116751269035533 0.6384615384615385
2 0.6478426395939086 0.5907692307692308 0.6770304568527918 0.5907692307692308 0.6770304568527918 0.6392307692307693 0.6478426395939086 0.6392307692307693
5 0.6865482233502538 0.5907692307692308 0.7081218274111675 0.5907692307692308 0.7081218274111675 0.64 0.6865482233502538 0.64
16 0.25 0.65 0.2715736040609137 0.65 0.2715736040609137 0.6984615384615385 0.25 0.6984615384615385
13 0.27982233502538073 0.65 0.309010152284264 0.65 0.309010152284264 0.6976923076923077 0.27982233502538073 0.6976923076923077
17 0.315989847715736 0.65 0.3375634517766497 0.65 0.3375634517766497 0.6984615384615385 0.315989847715736 0.6984615384615385
36 0.3470812182741117 0.65 0.3610406091370559 0.65 0.3610406091370559 0.6853846153846154 0.3470812182741117 0.6853846153846154
0 0.3680203045685279 0.65 0.39720812182741116 0.65 0.39720812182741116 0.6984615384615385 0.3680203045685279 0.6984615384615385
1 0.40482233502538073 0.65 0.4187817258883249 0.65 0.4187817258883249 0.6984615384615385 0.40482233502538073 0.6984615384615385
37 0.4282994923857868 0.65 0.45748730964467005 0.65 0.45748730964467005 0.6853846153846154 0.4282994923857868 0.6853846153846154
2 0.46446700507614214 0.65 0.4936548223350254 0.65 0.4936548223350254 0.6976923076923077 0.46446700507614214 0.6976923076923077
1 0.501269035532995 0.65 0.5152284263959391 0.65 0.5152284263959391 0.6984615384615385 0.501269035532995 0.6984615384615385
37 0.5234771573604061 0.65 0.5526649746192893 0.65 0.5526649746192893 0.6861538461538462 0.5234771573604061 0.6861538461538462
2 0.5596446700507615 0.65 0.5888324873096447 0.65 0.5888324873096447 0.6976923076923077 0.5596446700507615 0.6976923076923077
0 0.5970812182741116 0.65 0.6186548223350253 0.65 0.6186548223350253 0.6984615384615385 0.5970812182741116 0.6984615384615385
2 0.6269035532994924 0.65 0.6560913705583756 0.65 0.6560913705583756 0.6984615384615385 0.6269035532994924 0.6984615384615385
5 0.6643401015228426 0.65 0.6935279187817258 0.65 0.6935279187817258 0.6984615384615385 0.6643401015228426 0.6984615384615385
