12 0.25 0.5438461538461539 0.27918781725888325 0.5438461538461539 0.27918781725888325 0.5915384615384616 0.25 0.5915384615384616
20 0.28553299492385786 0.5438461538461539 0.30710659898477155 0.5438461538461539 0.30710659898477155 0.5923076923076923 0.28553299492385786 0.5923076923076923
14 0.3153553299492386 0.5438461538461539 0.34454314720812185 0.5438461538461539 0.34454314720812185 0.5915384615384616 0.3153553299492386 0.5915384615384616
36 0.35279187817258884 0.5438461538461539 0.366751269035533 0.5438461538461539 0.366751269035533 0.5792307692307692 0.35279187817258884 0.5792307692307692
0 0.3737309644670051 0.5438461538461539 0.40291878172588835 0.5438461538461539 0.40291878172588835 0.5923076923076923 0.3737309644670051 0.5923076923076923
3 0.4118020304568528 0.5438461538461539 0.4333756345177665 0.5438461538461539 0.4333756345177665 0.5930769230769231 0.4118020304568528 0.5930769230769231
37 0.4397208121827411 0.5438461538461539 0.46890862944162437 0.5438461538461539 0.46890862944162437 0.5792307692307692 0.4397208121827411 0.5792307692307692
0 0.4784263959390863 0.5438461538461539 0.5076142131979695 0.5438461538461539 0.5076142131979695 0.5915384615384616 0.4784263959390863 0.5915384615384616
7 0.5158629441624365 0.5438461538461539 0.5374365482233502 0.5438461538461539 0.5374365482233502 0.5923076923076923 0.5158629441624365 0.5923076923076923
37 0.5437817258883249 0.5438461538461539 0.572969543147208 0.5438461538461539 0.572969543147208 0.5792307692307692 0.5437817258883249 0.5792307692307692
2 0.5812182741116751 0.5438461538461539 0.6104060913705583 0.5438461538461539 0.6104060913705583 0.5915384615384616 0.5812182741116751 0.5915384615384616
0 0.6186548223350253 0.5438461538461539 0.6478426395939085 0.5438461538461539 0.6478426395939085 0.5915384615384616 0.6186548223350253 0.5915384615384616
2 0.6554568527918782 0.5438461538461539 0.6770304568527918 0.5438461538461539 0.6770304568527918 0.5930769230769231 0.6554568527918782 0.5930769230769231
5 0.6846446700507615 0.5438461538461539 0.7138324873096447 0.5438461538461539 0.7138324873096447 0.5915384615384616 0.6846446700507615 0.5915384615384616
28 0.25 0.6030769230769231 0.2715736040609137 0.6030769230769231 0.2715736040609137 0.6515384615384615 0.25 0.6515384615384615
32 0.27982233502538073 0.6030769230769231 0.309010152284264 0.6030769230769231 0.309010152284264 0.6507692307692308 0.27982233502538073 0.6507692307692308
17 0.315989847715736 0.6030769230769231 0.34517766497461927 0.6030769230769231 0.34517766497461927 0.6507692307692308 0.315989847715736 0.6507692307692308
36 0.3546954314720812 0.6030769230769231 0.36738578680203043 0.6030769230769231 0.36738578680203043 0.6384615384615384 0.3546954314720812 0.6384615384615384
0 0.3743654822335025 0.6030769230769231 0.4035532994923858 0.6030769230769231 0.4035532994923858 0.6507692307692308 0.3743654822335025 0.6507692307692308
5 0.41053299492385786 0.6030769230769231 0.43210659898477155 0.6030769230769231 0.43210659898477155 0.6515384615384615 0.41053299492385786 0.6515384615384615
37 0.4397208121827411 0.6030769230769231 0.46890862944162437 0.6030769230769231 0.46890862944162437 0.6392307692307693 0.4397208121827411 0.6392307692307693
3 0.47588832487309646 0.6030769230769231 0.49746192893401014 0.6030769230769231 0.49746192893401014 0.6523076923076923 0.47588832487309646 0.6523076923076923
0 0.5038071065989848 0.6030769230769231 0.532994923857868 0.6030769230769231 0.532994923857868 0.6515384615384615 0.5038071065989848 0.6515384615384615
37 0.5418781725888325 0.6030769230769231 0.5710659898477157 0.6030769230769231 0.5710659898477157 0.6384615384615384 0.5418781725888325 0.6384615384615384
2 0.5799492385786802 0.6030769230769231 0.6091370558375634 0.6030769230769231 0.6091370558375634 0.6515384615384615 0.5799492385786802 0.6515384615384615
0 0.6154822335025381 0.6030769230769231 0.6446700507614213 0.6030769230769231 0.6446700507614213 0.6507692307692308 0.6154822335025381 0.6507692307692308
2 0.6535532994923858 0.6030769230769231 0.682741116751269 0.6030769230769231 0.682741116751269 0.6515384615384615 0.6535532994923858 0.6515384615384615
5 0.6903553299492385 0.6030769230769231 0.7195431472081217 0.6030769230769231 0.7195431472081217 0.6507692307692308 0.6903553299492385 0.6507692307692308
