16 0.25 0.5615384615384615 0.27918781725888325 0.5615384615384615 0.27918781725888325 0.6092307692307692 0.25 0.6092307692307692
21 0.28743654822335024 0.5615384615384615 0.30901015228426393 0.5615384615384615 0.30901015228426393 0.61 0.28743654822335024 0.61
28 0.3153553299492386 0.5615384615384615 0.34454314720812185 0.5615384615384615 0.34454314720812185 0.6092307692307692 0.3153553299492386 0.6092307692307692
36 0.35088832487309646 0.5615384615384615 0.358502538071066 0.5615384615384615 0.358502538071066 0.5907692307692308 0.35088832487309646 0.5907692307692308
1 0.36611675126903553 0.5615384615384615 0.3851522842639594 0.5615384615384615 0.3851522842639594 0.6092307692307692 0.36611675126903553 0.6092307692307692
0 0.39149746192893403 0.5615384615384615 0.4206852791878173 0.5615384615384615 0.4206852791878173 0.61 0.39149746192893403 0.61
37 0.4276649746192893 0.5615384615384615 0.45685279187817257 0.5615384615384615 0.45685279187817257 0.5969230769230769 0.4276649746192893 0.5969230769230769
1 0.4663705583756345 0.5615384615384615 0.48540609137055835 0.5615384615384615 0.48540609137055835 0.6092307692307692 0.4663705583756345 0.6092307692307692
2 0.49428934010152287 0.5615384615384615 0.5158629441624366 0.5615384615384615 0.5158629441624366 0.61 0.49428934010152287 0.61
37 0.5234771573604061 0.5615384615384615 0.5526649746192893 0.5615384615384615 0.5526649746192893 0.5969230769230769 0.5234771573604061 0.5969230769230769
2 0.5615482233502538 0.5615384615384615 0.5831218274111675 0.5615384615384615 0.5831218274111675 0.61 0.5615482233502538 0.61
0 0.5907360406091371 0.5615384615384615 0.6199238578680203 0.5615384615384615 0.6199238578680203 0.6092307692307692 0.5907360406091371 0.6092307692307692
2 0.6275380710659898 0.5615384615384615 0.6491116751269035 0.5615384615384615 0.6491116751269035 0.61 0.6275380710659898 0.61
5 0.6579949238578681 0.5615384615384615 0.6871827411167513 0.5615384615384615 0.6871827411167513 0.6092307692307692 0.6579949238578681 0.6092307692307692
30 0.25 0.6207692307692307 0.2715736040609137 0.6207692307692307 0.2715736040609137 0.6692307692307692 0.25 0.6692307692307692
32 0.27982233502538073 0.6207692307692307 0.3013959390862944 0.6207692307692307 0.3013959390862944 0.6692307692307692 0.27982233502538073 0.6692307692307692
13 0.3102791878172589 0.6207692307692307 0.33946700507614214 0.6207692307692307 0.33946700507614214 0.6684615384615384 0.3102791878172589 0.6684615384615384
36 0.34581218274111675 0.6207692307692307 0.3534263959390863 0.6207692307692307 0.3534263959390863 0.6507692307692308 0.34581218274111675 0.6507692307692308
0 0.3610406091370558 0.6207692307692307 0.3902284263959391 0.6207692307692307 0.3902284263959391 0.6692307692307692 0.3610406091370558 0.6692307692307692
5 0.39784263959390864 0.6207692307692307 0.4270304568527919 0.6207692307692307 0.4270304568527919 0.6692307692307692 0.39784263959390864 0.6692307692307692
37 0.4346446700507614 0.6207692307692307 0.46383248730964466 0.6207692307692307 0.46383248730964466 0.6561538461538461 0.4346446700507614 0.6561538461538461
2 0.4714467005076142 0.6207692307692307 0.5006345177664975 0.6207692307692307 0.5006345177664975 0.6684615384615384 0.4714467005076142 0.6684615384615384
2 0.5076142131979695 0.6207692307692307 0.5291878172588832 0.6207692307692307 0.5291878172588832 0.6692307692307692 0.5076142131979695 0.6692307692307692
37 0.5355329949238579 0.6207692307692307 0.5647208121827411 0.6207692307692307 0.5647208121827411 0.6561538461538461 0.5355329949238579 0.6561538461538461
2 0.5736040609137056 0.6207692307692307 0.6027918781725888 0.6207692307692307 0.6027918781725888 0.6692307692307692 0.5736040609137056 0.6692307692307692
0 0.6091370558375635 0.6207692307692307 0.6383248730964467 0.6207692307692307 0.6383248730964467 0.6684615384615384 0.6091370558375635 0.6684615384615384
2 0.6446700507614214 0.6207692307692307 0.6738578680203046 0.6207692307692307 0.6738578680203046 0.6684615384615384 0.6446700507614214 0.6684615384615384
5 0.6821065989847716 0.6207692307692307 0.7112944162436547 0.6207692307692307 0.7112944162436547 0.6684615384615384 0.6821065989847716 0.6684615384615384
