11 0.25 0.3576923076923077 0.27918781725888325 0.3576923076923077 0.27918781725888325 0.4053846153846154 0.25 0.4053846153846154
13 0.28743654822335024 0.3576923076923077 0.3166243654822335 0.3576923076923077 0.3166243654822335 0.4053846153846154 0.28743654822335024 0.4053846153846154
11 0.32614213197969544 0.3576923076923077 0.3477157360406091 0.3576923076923077 0.3477157360406091 0.40692307692307694 0.32614213197969544 0.40692307692307694
36 0.35596446700507617 0.3576923076923077 0.36357868020304573 0.3576923076923077 0.36357868020304573 0.38769230769230767 0.35596446700507617 0.38769230769230767
0 0.37119289340101524 0.3576923076923077 0.39276649746192893 0.3576923076923077 0.39276649746192893 0.40615384615384614 0.37119289340101524 0.40615384615384614
6 0.399746192893401 0.3576923076923077 0.4289340101522843 0.3576923076923077 0.4289340101522843 0.4053846153846154 0.399746192893401 0.4053846153846154
37 0.43718274111675126 0.3576923076923077 0.4663705583756345 0.3576923076923077 0.4663705583756345 0.3923076923076923 0.43718274111675126 0.3923076923076923
0 0.4733502538071066 0.3576923076923077 0.5025380710659898 0.3576923076923077 0.5025380710659898 0.4053846153846154 0.4733502538071066 0.4053846153846154
8 0.5120558375634517 0.3576923076923077 0.5412436548223349 0.3576923076923077 0.5412436548223349 0.4053846153846154 0.5120558375634517 0.4053846153846154
37 0.5482233502538071 0.3576923076923077 0.5774111675126903 0.3576923076923077 0.5774111675126903 0.3930769230769231 0.5482233502538071 0.3930769230769231
2 0.5856598984771574 0.3576923076923077 0.6148477157360406 0.3576923076923077 0.6148477157360406 0.4053846153846154 0.5856598984771574 0.4053846153846154
0 0.6230964467005076 0.3576923076923077 0.6522842639593908 0.3576923076923077 0.6522842639593908 0.4053846153846154 0.6230964467005076 0.4053846153846154
2 0.6618020304568528 0.3576923076923077 0.690989847715736 0.3576923076923077 0.690989847715736 0.4053846153846154 0.6618020304568528 0.4053846153846154
5 0.6973350253807107 0.3576923076923077 0.7265228426395939 0.3576923076923077 0.7265228426395939 0.4053846153846154 0.6973350253807107 0.4053846153846154
32 0.25 0.4169230769230769 0.27918781725888325 0.4169230769230769 0.27918781725888325 0.4646153846153846 0.25 0.4646153846153846
25 0.2868020304568528 0.4169230769230769 0.31598984771573607 0.4169230769230769 0.31598984771573607 0.4646153846153846 0.2868020304568528 0.4646153846153846
17 0.3248730964467005 0.4169230769230769 0.35406091370558374 0.4169230769230769 0.35406091370558374 0.4646153846153846 0.3248730964467005 0.4646153846153846
36 0.3610406091370558 0.4169230769230769 0.3686548223350254 0.4169230769230769 0.3686548223350254 0.44692307692307687 0.3610406091370558 0.44692307692307687
1 0.3756345177664975 0.4169230769230769 0.3934010152284264 0.4169230769230769 0.3934010152284264 0.46538461538461534 0.3756345177664975 0.46538461538461534
2 0.4022842639593909 0.4169230769230769 0.42385786802030456 0.4169230769230769 0.42385786802030456 0.46538461538461534 0.4022842639593909 0.46538461538461534
37 0.43210659898477155 0.4169230769230769 0.4612944162436548 0.4169230769230769 0.4612944162436548 0.4523076923076923 0.43210659898477155 0.4523076923076923
2 0.47017766497461927 0.4169230769230769 0.4993654822335025 0.4169230769230769 0.4993654822335025 0.4646153846153846 0.47017766497461927 0.4646153846153846
9 0.5057106598984772 0.4169230769230769 0.5348984771573604 0.4169230769230769 0.5348984771573604 0.4646153846153846 0.5057106598984772 0.4646153846153846
37 0.5418781725888325 0.4169230769230769 0.5710659898477157 0.4169230769230769 0.5710659898477157 0.45307692307692304 0.5418781725888325 0.45307692307692304
2 0.5799492385786802 0.4169230769230769 0.6091370558375634 0.4169230769230769 0.6091370558375634 0.4646153846153846 0.5799492385786802 0.4646153846153846
0 0.6186548223350253 0.4169230769230769 0.6478426395939085 0.4169230769230769 0.6478426395939085 0.4646153846153846 0.6186548223350253 0.4646153846153846
2 0.6567258883248731 0.4169230769230769 0.6859137055837563 0.4169230769230769 0.6859137055837563 0.46538461538461534 0.6567258883248731 0.46538461538461534
4 0.6941624365482234 0.4169230769230769 0.7233502538071066 0.4169230769230769 0.7233502538071066 0.4646153846153846 0.6941624365482234 0.4646153846153846
