25 0.25 0.4076923076923077 0.2715736040609137 0.4076923076923077 0.2715736040609137 0.45615384615384613 0.25 0.45615384615384613
29 0.2779187817258883 0.4076923076923077 0.30710659898477155 0.4076923076923077 0.30710659898477155 0.4553846153846154 0.2779187817258883 0.4553846153846154
21 0.3147208121827411 0.4076923076923077 0.3362944162436548 0.4076923076923077 0.3362944162436548 0.45615384615384613 0.3147208121827411 0.45615384615384613
36 0.34517766497461927 0.4076923076923077 0.35913705583756345 0.4076923076923077 0.35913705583756345 0.4430769230769231 0.34517766497461927 0.4430769230769231
1 0.36738578680203043 0.4076923076923077 0.38197969543147203 0.4076923076923077 0.38197969543147203 0.45615384615384613 0.36738578680203043 0.45615384615384613
0 0.3889593908629442 0.4076923076923077 0.41814720812182743 0.4076923076923077 0.41814720812182743 0.4553846153846154 0.3889593908629442 0.4553846153846154
37 0.42576142131979694 0.4076923076923077 0.4549492385786802 0.4076923076923077 0.4549492385786802 0.4430769230769231 0.42576142131979694 0.4430769230769231
1 0.46446700507614214 0.4076923076923077 0.4784263959390863 0.4076923076923077 0.4784263959390863 0.45615384615384613 0.46446700507614214 0.45615384615384613
6 0.4860406091370558 0.4076923076923077 0.515228426395939 0.4076923076923077 0.515228426395939 0.4553846153846154 0.4860406091370558 0.4553846153846154
37 0.5215736040609137 0.4076923076923077 0.5507614213197969 0.4076923076923077 0.5507614213197969 0.4430769230769231 0.5215736040609137 0.4430769230769231
2 0.557741116751269 0.4076923076923077 0.5869289340101522 0.4076923076923077 0.5869289340101522 0.45615384615384613 0.557741116751269 0.45615384615384613
0 0.5932741116751269 0.4076923076923077 0.6224619289340101 0.4076923076923077 0.6224619289340101 0.45615384615384613 0.5932741116751269 0.45615384615384613
2 0.6294416243654822 0.4076923076923077 0.6510152284263959 0.4076923076923077 0.6510152284263959 0.45692307692307693 0.6294416243654822 0.45692307692307693
5 0.6598984771573604 0.4076923076923077 0.6890862944162436 0.4076923076923077 0.6890862944162436 0.4553846153846154 0.6598984771573604 0.4553846153846154
35 0.25 0.46692307692307694 0.27918781725888325 0.46692307692307694 0.27918781725888325 0.5146153846153846 0.25 0.5146153846153846
30 0.28743654822335024 0.46692307692307694 0.30901015228426393 0.46692307692307694 0.30901015228426393 0.5161538461538462 0.28743654822335024 0.5161538461538462
10 0.31852791878172587 0.46692307692307694 0.3477157360406091 0.46692307692307694 0.3477157360406091 0.5146153846153846 0.31852791878172587 0.5146153846153846
36 0.3565989847715736 0.46692307692307694 0.3692893401015228 0.46692307692307694 0.3692893401015228 0.5030769230769231 0.3565989847715736 0.5030769230769231
0 0.3762690355329949 0.46692307692307694 0.40545685279187815 0.46692307692307694 0.40545685279187815 0.5153846153846154 0.3762690355329949 0.5153846153846154
9 0.4130710659898477 0.46692307692307694 0.4346446700507614 0.46692307692307694 0.4346446700507614 0.5153846153846154 0.4130710659898477 0.5153846153846154
37 0.44352791878172587 0.46692307692307694 0.4727157360406091 0.46692307692307694 0.4727157360406091 0.5023076923076923 0.44352791878172587 0.5023076923076923
2 0.4815989847715736 0.46692307692307694 0.5107868020304568 0.46692307692307694 0.5107868020304568 0.5146153846153846 0.4815989847715736 0.5146153846153846
6 0.5196700507614214 0.46692307692307694 0.5488578680203046 0.46692307692307694 0.5488578680203046 0.5146153846153846 0.5196700507614214 0.5146153846153846
37 0.5583756345177665 0.46692307692307694 0.5875634517766497 0.46692307692307694 0.5875634517766497 0.5015384615384616 0.5583756345177665 0.5015384615384616
2 0.5958121827411168 0.46692307692307694 0.6173857868020305 0.46692307692307694 0.6173857868020305 0.5161538461538462 0.5958121827411168 0.5161538461538462
0 0.6243654822335025 0.46692307692307694 0.6535532994923857 0.46692307692307694 0.6535532994923857 0.5146153846153846 0.6243654822335025 0.5146153846153846
2 0.6618020304568528 0.46692307692307694 0.6833756345177665 0.46692307692307694 0.6833756345177665 0.5161538461538462 0.6618020304568528 0.5161538461538462
5 0.6903553299492385 0.46692307692307694 0.7119289340101522 0.46692307692307694 0.7119289340101522 0.5153846153846154 0.6903553299492385 0.5153846153846154
