23 0.25 0.3953846153846154 0.27918781725888325 0.3953846153846154 0.27918781725888325 0.4430769230769231 0.25 0.4430769230769231
28 0.2880710659898477 0.3953846153846154 0.3096446700507614 0.3953846153846154 0.3096446700507614 0.44461538461538463 0.2880710659898477 0.44461538461538463
17 0.31789340101522845 0.3953846153846154 0.3470812182741117 0.3953846153846154 0.3470812182741117 0.4430769230769231 0.31789340101522845 0.4430769230769231
36 0.35406091370558374 0.3953846153846154 0.3680203045685279 0.3953846153846154 0.3680203045685279 0.43153846153846154 0.35406091370558374 0.43153846153846154
1 0.375 0.3953846153846154 0.3940355329949239 0.3953846153846154 0.3940355329949239 0.4430769230769231 0.375 0.4430769230769231
1 0.4035532994923858 0.3953846153846154 0.4213197969543147 0.3953846153846154 0.4213197969543147 0.4430769230769231 0.4035532994923858 0.4430769230769231
37 0.43083756345177665 0.3953846153846154 0.4600253807106599 0.3953846153846154 0.4600253807106599 0.43 0.43083756345177665 0.43
2 0.4663705583756345 0.3953846153846154 0.49555837563451777 0.3953846153846154 0.49555837563451777 0.4430769230769231 0.4663705583756345 0.4430769230769231
8 0.5044416243654822 0.3953846153846154 0.5336294416243654 0.3953846153846154 0.5336294416243654 0.44384615384615383 0.5044416243654822 0.44384615384615383
37 0.5418781725888325 0.3953846153846154 0.5710659898477157 0.3953846153846154 0.5710659898477157 0.43153846153846154 0.5418781725888325 0.43153846153846154
2 0.5799492385786802 0.3953846153846154 0.6091370558375634 0.3953846153846154 0.6091370558375634 0.4430769230769231 0.5799492385786802 0.4430769230769231
0 0.618020304568528 0.3953846153846154 0.6472081218274112 0.3953846153846154 0.6472081218274112 0.44384615384615383 0.618020304568528 0.44384615384615383
2 0.6567258883248731 0.3953846153846154 0.6782994923857868 0.3953846153846154 0.6782994923857868 0.44461538461538463 0.6567258883248731 0.44461538461538463
4 0.6865482233502538 0.3953846153846154 0.7081218274111675 0.3953846153846154 0.7081218274111675 0.44384615384615383 0.6865482233502538 0.44384615384615383
21 0.25 0.4546153846153846 0.27918781725888325 0.4546153846153846 0.27918781725888325 0.5023076923076922 0.25 0.5023076923076922
28 0.2868020304568528 0.4546153846153846 0.3083756345177665 0.4546153846153846 0.3083756345177665 0.5030769230769231 0.2868020304568528 0.5030769230769231
18 0.3147208121827411 0.4546153846153846 0.33375634517766495 0.4546153846153846 0.33375634517766495 0.5030769230769231 0.3147208121827411 0.5030769230769231
36 0.342005076142132 0.4546153846153846 0.3546954314720812 0.4546153846153846 0.3546954314720812 0.49 0.342005076142132 0.49
0 0.36421319796954316 0.4546153846153846 0.3934010152284264 0.4546153846153846 0.3934010152284264 0.5023076923076922 0.36421319796954316 0.5023076923076922
1 0.4010152284263959 0.4546153846153846 0.4200507614213198 0.4546153846153846 0.4200507614213198 0.5023076923076922 0.4010152284263959 0.5023076923076922
37 0.4276649746192893 0.4546153846153846 0.45685279187817257 0.4546153846153846 0.45685279187817257 0.49 0.4276649746192893 0.49
0 0.46446700507614214 0.4546153846153846 0.4936548223350254 0.4546153846153846 0.4936548223350254 0.5023076923076922 0.46446700507614214 0.5023076923076922
6 0.5019035532994924 0.4546153846153846 0.5310913705583756 0.4546153846153846 0.5310913705583756 0.5030769230769231 0.5019035532994924 0.5030769230769231
37 0.5399746192893401 0.4546153846153846 0.5691624365482233 0.4546153846153846 0.5691624365482233 0.49 0.5399746192893401 0.49
2 0.5767766497461929 0.4546153846153846 0.6059644670050761 0.4546153846153846 0.6059644670050761 0.5023076923076922 0.5767766497461929 0.5023076923076922
0 0.6154822335025381 0.4546153846153846 0.6370558375634517 0.4546153846153846 0.6370558375634517 0.5030769230769231 0.6154822335025381 0.5030769230769231
2 0.6453045685279187 0.4546153846153846 0.6668781725888324 0.4546153846153846 0.6668781725888324 0.5030769230769231 0.6453045685279187 0.5030769230769231
5 0.675761421319797 0.4546153846153846 0.7049492385786802 0.4546153846153846 0.7049492385786802 0.5023076923076922 0.675761421319797 0.5023076923076922
