30 0.25 0.39615384615384613 0.27918781725888325 0.39615384615384613 0.27918781725888325 0.44384615384615383 0.25 0.44384615384615383
11 0.28616751269035534 0.39615384615384613 0.30774111675126903 0.39615384615384613 0.30774111675126903 0.4446153846153846 0.28616751269035534 0.4446153846153846
14 0.3166243654822335 0.39615384615384613 0.34581218274111675 0.39615384615384613 0.34581218274111675 0.44384615384615383 0.3166243654822335 0.44384615384615383
36 0.3546954314720812 0.39615384615384613 0.3686548223350254 0.39615384615384613 0.3686548223350254 0.4323076923076923 0.3546954314720812 0.4323076923076923
0 0.37753807106598986 0.39615384615384613 0.4067258883248731 0.39615384615384613 0.4067258883248731 0.44384615384615383 0.37753807106598986 0.44384615384615383
6 0.4137055837563452 0.39615384615384613 0.44289340101522845 0.39615384615384613 0.44289340101522845 0.4446153846153846 0.4137055837563452 0.4446153846153846
37 0.45050761421319796 0.39615384615384613 0.4796954314720812 0.39615384615384613 0.4796954314720812 0.4323076923076923 0.45050761421319796 0.4323076923076923
1 0.4866751269035533 0.39615384615384613 0.5057106598984772 0.39615384615384613 0.5057106598984772 0.44384615384615383 0.4866751269035533 0.44384615384615383
1 0.5120558375634517 0.39615384615384613 0.5310913705583756 0.39615384615384613 0.5310913705583756 0.4446153846153846 0.5120558375634517 0.4446153846153846
37 0.5399746192893401 0.39615384615384613 0.5691624365482233 0.39615384615384613 0.5691624365482233 0.43153846153846154 0.5399746192893401 0.43153846153846154
2 0.575507614213198 0.39615384615384613 0.6046954314720812 0.39615384615384613 0.6046954314720812 0.44384615384615383 0.575507614213198 0.44384615384615383
0 0.6123096446700508 0.39615384615384613 0.641497461928934 0.39615384615384613 0.641497461928934 0.44384615384615383 0.6123096446700508 0.44384615384615383
2 0.6478426395939086 0.39615384615384613 0.6770304568527918 0.39615384615384613 0.6770304568527918 0.44384615384615383 0.6478426395939086 0.44384615384615383
5 0.6852791878172588 0.39615384615384613 0.7068527918781725 0.39615384615384613 0.7068527918781725 0.4453846153846154 0.6852791878172588 0.4453846153846154
10 0.25 0.4553846153846154 0.27918781725888325 0.4553846153846154 0.27918781725888325 0.5038461538461538 0.25 0.5038461538461538
19 0.2887055837563452 0.4553846153846154 0.31789340101522845 0.4553846153846154 0.31789340101522845 0.5030769230769231 0.2887055837563452 0.5030769230769231
10 0.32741116751269034 0.4553846153846154 0.348984771573604 0.4553846153846154 0.348984771573604 0.5038461538461538 0.32741116751269034 0.5038461538461538
36 0.3553299492385787 0.4553846153846154 0.3680203045685279 0.4553846153846154 0.3680203045685279 0.4907692307692308 0.3553299492385787 0.4907692307692308
0 0.375 0.4553846153846154 0.40418781725888325 0.4553846153846154 0.40418781725888325 0.5030769230769231 0.375 0.5030769230769231
7 0.41116751269035534 0.4553846153846154 0.43274111675126903 0.4553846153846154 0.43274111675126903 0.5038461538461538 0.41116751269035534 0.5038461538461538
37 0.4397208121827411 0.4553846153846154 0.46890862944162437 0.4553846153846154 0.46890862944162437 0.4907692307692308 0.4397208121827411 0.4907692307692308
2 0.47779187817258884 0.4553846153846154 0.506979695431472 0.4553846153846154 0.506979695431472 0.5030769230769231 0.47779187817258884 0.5030769230769231
0 0.5158629441624365 0.4553846153846154 0.5450507614213197 0.4553846153846154 0.5450507614213197 0.5030769230769231 0.5158629441624365 0.5030769230769231
37 0.5539340101522843 0.4553846153846154 0.5831218274111675 0.4553846153846154 0.5831218274111675 0.4907692307692308 0.5539340101522843 0.4907692307692308
2 0.5894670050761421 0.4553846153846154 0.6186548223350253 0.4553846153846154 0.6186548223350253 0.5030769230769231 0.5894670050761421 0.5030769230769231
0 0.6269035532994924 0.4553846153846154 0.6560913705583756 0.4553846153846154 0.6560913705583756 0.5030769230769231 0.6269035532994924 0.5030769230769231
2 0.6630710659898477 0.4553846153846154 0.6922588832487309 0.4553846153846154 0.6922588832487309 0.5030769230769231 0.6630710659898477 0.5030769230769231
5 0.7017766497461929 0.4553846153846154 0.7309644670050761 0.4553846153846154 0.7309644670050761 0.5038461538461538 0.7017766497461929 0.5038461538461538
