31 0.25 0.47846153846153844 0.2715736040609137 0.47846153846153844 0.2715736040609137 0.5269230769230769 0.25 0.5269230769230769
12 0.2785532994923858 0.47846153846153844 0.30012690355329946 0.47846153846153844 0.30012690355329946 0.5276923076923077 0.2785532994923858 0.5276923076923077
10 0.309010152284264 0.47846153846153844 0.33058375634517767 0.47846153846153844 0.33058375634517767 0.5276923076923077 0.309010152284264 0.5276923076923077
36 0.3369289340101523 0.47846153846153844 0.3432741116751269 0.47846153846153844 0.3432741116751269 0.5084615384615384 0.3369289340101523 0.5084615384615384
0 0.35215736040609136 0.47846153846153844 0.3813451776649746 0.47846153846153844 0.3813451776649746 0.5269230769230769 0.35215736040609136 0.5269230769230769
5 0.3902284263959391 0.47846153846153844 0.41180203045685276 0.47846153846153844 0.41180203045685276 0.5269230769230769 0.3902284263959391 0.5269230769230769
37 0.41941624365482233 0.47846153846153844 0.4486040609137056 0.47846153846153844 0.4486040609137056 0.5146153846153846 0.41941624365482233 0.5146153846153846
0 0.4549492385786802 0.47846153846153844 0.48413705583756345 0.47846153846153844 0.48413705583756345 0.5261538461538461 0.4549492385786802 0.5261538461538461
5 0.49111675126903553 0.47846153846153844 0.5126903553299492 0.47846153846153844 0.5126903553299492 0.5269230769230769 0.49111675126903553 0.5269230769230769
37 0.5190355329949239 0.47846153846153844 0.5482233502538071 0.47846153846153844 0.5482233502538071 0.5138461538461538 0.5190355329949239 0.5138461538461538
2 0.5545685279187818 0.47846153846153844 0.5761421319796954 0.47846153846153844 0.5761421319796954 0.5269230769230769 0.5545685279187818 0.5269230769230769
0 0.5856598984771574 0.47846153846153844 0.6072335025380711 0.47846153846153844 0.6072335025380711 0.5269230769230769 0.5856598984771574 0.5269230769230769
2 0.6154822335025381 0.47846153846153844 0.6446700507614213 0.47846153846153844 0.6446700507614213 0.5261538461538461 0.6154822335025381 0.5261538461538461
5 0.6516497461928934 0.47846153846153844 0.6732233502538071 0.47846153846153844 0.6732233502538071 0.5269230769230769 0.6516497461928934 0.5269230769230769
10 0.25 0.5376923076923077 0.27918781725888325 0.5376923076923077 0.27918781725888325 0.5853846153846154 0.25 0.5853846153846154
33 0.2868020304568528 0.5376923076923077 0.31598984771573607 0.5376923076923077 0.31598984771573607 0.5853846153846154 0.2868020304568528 0.5853846153846154
12 0.3223350253807107 0.5376923076923077 0.34390862944162437 0.5376923076923077 0.34390862944162437 0.5861538461538461 0.3223350253807107 0.5861538461538461
36 0.35279187817258884 0.5376923076923077 0.36548223350253806 0.5376923076923077 0.36548223350253806 0.5738461538461539 0.35279187817258884 0.5738461538461539
1 0.3730964467005076 0.5376923076923077 0.39213197969543145 0.5376923076923077 0.39213197969543145 0.5853846153846154 0.3730964467005076 0.5853846153846154
2 0.4010152284263959 0.5376923076923077 0.4302030456852792 0.5376923076923077 0.4302030456852792 0.5853846153846154 0.4010152284263959 0.5853846153846154
37 0.4397208121827411 0.5376923076923077 0.46890862944162437 0.5376923076923077 0.46890862944162437 0.573076923076923 0.4397208121827411 0.573076923076923
2 0.47652284263959394 0.5376923076923077 0.4980964467005076 0.5376923076923077 0.4980964467005076 0.5861538461538461 0.47652284263959394 0.5861538461538461
2 0.5076142131979695 0.5376923076923077 0.5291878172588832 0.5376923076923077 0.5291878172588832 0.5869230769230769 0.5076142131979695 0.5869230769230769
37 0.5355329949238579 0.5376923076923077 0.5647208121827411 0.5376923076923077 0.5647208121827411 0.5738461538461539 0.5355329949238579 0.5738461538461539
2 0.5729695431472082 0.5376923076923077 0.6021573604060914 0.5376923076923077 0.6021573604060914 0.5853846153846154 0.5729695431472082 0.5853846153846154
0 0.6097715736040609 0.5376923076923077 0.6313451776649746 0.5376923076923077 0.6313451776649746 0.5861538461538461 0.6097715736040609 0.5861538461538461
2 0.6395939086294417 0.5376923076923077 0.6687817258883249 0.5376923076923077 0.6687817258883249 0.5853846153846154 0.6395939086294417 0.5853846153846154
4 0.6782994923857868 0.5376923076923077 0.6998730964467005 0.5376923076923077 0.6998730964467005 0.5861538461538461 0.6782994923857868 0.5861538461538461
