28 0.25 0.3346153846153846 0.2715736040609137 0.3346153846153846 0.2715736040609137 0.38384615384615384 0.25 0.38384615384615384
26 0.28045685279187815 0.3346153846153846 0.3096446700507614 0.3346153846153846 0.3096446700507614 0.3823076923076923 0.28045685279187815 0.3823076923076923
11 0.31916243654822335 0.3346153846153846 0.3483502538071066 0.3346153846153846 0.3483502538071066 0.3823076923076923 0.31916243654822335 0.3823076923076923
36 0.3553299492385787 0.3346153846153846 0.3680203045685279 0.3346153846153846 0.3680203045685279 0.37 0.3553299492385787 0.37
0 0.375 0.3346153846153846 0.40418781725888325 0.3346153846153846 0.40418781725888325 0.3823076923076923 0.375 0.3823076923076923
7 0.41116751269035534 0.3346153846153846 0.4403553299492386 0.3346153846153846 0.4403553299492386 0.3823076923076923 0.41116751269035534 0.3823076923076923
37 0.4479695431472081 0.3346153846153846 0.47715736040609136 0.3346153846153846 0.47715736040609136 0.37076923076923074 0.4479695431472081 0.37076923076923074
0 0.4854060913705584 0.3346153846153846 0.5145939086294417 0.3346153846153846 0.5145939086294417 0.3823076923076923 0.4854060913705584 0.3823076923076923
9 0.5228426395939086 0.3346153846153846 0.5520304568527918 0.3346153846153846 0.5520304568527918 0.3823076923076923 0.5228426395939086 0.3823076923076923
37 0.5615482233502538 0.3346153846153846 0.590736040609137 0.3346153846153846 0.590736040609137 0.37 0.5615482233502538 0.37
2 0.600253807106599 0.3346153846153846 0.6218274111675127 0.3346153846153846 0.6218274111675127 0.38307692307692304 0.600253807106599 0.38307692307692304
0 0.6288071065989848 0.3346153846153846 0.6503807106598984 0.3346153846153846 0.6503807106598984 0.38307692307692304 0.6288071065989848 0.38307692307692304
2 0.6579949238578681 0.3346153846153846 0.6795685279187818 0.3346153846153846 0.6795685279187818 0.38307692307692304 0.6579949238578681 0.38307692307692304
5 0.6884517766497462 0.3346153846153846 0.7100253807106599 0.3346153846153846 0.7100253807106599 0.38307692307692304 0.6884517766497462 0.38307692307692304
29 0.25 0.39384615384615385 0.27918781725888325 0.39384615384615385 0.27918781725888325 0.44153846153846155 0.25 0.44153846153846155
30 0.2880710659898477 0.39384615384615385 0.3096446700507614 0.39384615384615385 0.3096446700507614 0.4423076923076923 0.2880710659898477 0.4423076923076923
30 0.315989847715736 0.39384615384615385 0.34517766497461927 0.39384615384615385 0.34517766497461927 0.44153846153846155 0.315989847715736 0.44153846153846155
36 0.3534263959390863 0.39384615384615385 0.3610406091370559 0.39384615384615385 0.3610406091370559 0.4238461538461539 0.3534263959390863 0.4238461538461539
0 0.3686548223350254 0.39384615384615385 0.39784263959390864 0.39384615384615385 0.39784263959390864 0.44153846153846155 0.3686548223350254 0.44153846153846155
3 0.4073604060913706 0.39384615384615385 0.43654822335025384 0.39384615384615385 0.43654822335025384 0.44153846153846155 0.4073604060913706 0.44153846153846155
37 0.4447969543147208 0.39384615384615385 0.4739847715736041 0.39384615384615385 0.4739847715736041 0.42923076923076925 0.4447969543147208 0.42923076923076925
0 0.48223350253807107 0.39384615384615385 0.5114213197969543 0.39384615384615385 0.5114213197969543 0.4423076923076923 0.48223350253807107 0.4423076923076923
3 0.5209390862944162 0.39384615384615385 0.5501269035532994 0.39384615384615385 0.5501269035532994 0.4423076923076923 0.5209390862944162 0.4423076923076923
37 0.559010152284264 0.39384615384615385 0.5881979695431472 0.39384615384615385 0.5881979695431472 0.42923076923076925 0.559010152284264 0.42923076923076925
2 0.5945431472081218 0.39384615384615385 0.623730964467005 0.39384615384615385 0.623730964467005 0.44153846153846155 0.5945431472081218 0.44153846153846155
0 0.6307106598984772 0.39384615384615385 0.6598984771573604 0.39384615384615385 0.6598984771573604 0.4423076923076923 0.6307106598984772 0.4423076923076923
2 0.666243654822335 0.39384615384615385 0.6954314720812182 0.39384615384615385 0.6954314720812182 0.44153846153846155 0.666243654822335 0.44153846153846155
5 0.7024111675126904 0.39384615384615385 0.7315989847715736 0.39384615384615385 0.7315989847715736 0.44153846153846155 0.7024111675126904 0.44153846153846155
