17 0.25 0.3892307692307692 0.2715736040609137 0.3892307692307692 0.2715736040609137 0.43769230769230766 0.25 0.43769230769230766
35 0.2779187817258883 0.3892307692307692 0.299492385786802 0.3892307692307692 0.299492385786802 0.43769230769230766 0.2779187817258883 0.43769230769230766
17 0.30583756345177665 0.3892307692307692 0.3350253807106599 0.3892307692307692 0.3350253807106599 0.4369230769230769 0.30583756345177665 0.4369230769230769
36 0.34390862944162437 0.3892307692307692 0.3565989847715736 0.3892307692307692 0.3565989847715736 0.4246153846153846 0.34390862944162437 0.4246153846153846
0 0.3635786802030457 0.3892307692307692 0.39276649746192893 0.3892307692307692 0.39276649746192893 0.4369230769230769 0.3635786802030457 0.4369230769230769
6 0.4016497461928934 0.3892307692307692 0.4232233502538071 0.3892307692307692 0.4232233502538071 0.43846153846153846 0.4016497461928934 0.43846153846153846
37 0.43147208121827413 0.3892307692307692 0.4606598984771574 0.3892307692307692 0.4606598984771574 0.4246153846153846 0.43147208121827413 0.4246153846153846
2 0.4682741116751269 0.3892307692307692 0.4898477157360406 0.3892307692307692 0.4898477157360406 0.43769230769230766 0.4682741116751269 0.43769230769230766
2 0.4980964467005076 0.3892307692307692 0.5272842639593909 0.3892307692307692 0.5272842639593909 0.4369230769230769 0.4980964467005076 0.4369230769230769
37 0.5342639593908629 0.3892307692307692 0.5634517766497461 0.3892307692307692 0.5634517766497461 0.4246153846153846 0.5342639593908629 0.4246153846153846
2 0.5723350253807107 0.3892307692307692 0.6015228426395939 0.3892307692307692 0.6015228426395939 0.4369230769230769 0.5723350253807107 0.4369230769230769
0 0.6097715736040609 0.3892307692307692 0.6389593908629441 0.3892307692307692 0.6389593908629441 0.4369230769230769 0.6097715736040609 0.4369230769230769
2 0.6484771573604061 0.3892307692307692 0.6776649746192893 0.3892307692307692 0.6776649746192893 0.4369230769230769 0.6484771573604061 0.4369230769230769
5 0.6865482233502538 0.3892307692307692 0.715736040609137 0.3892307692307692 0.715736040609137 0.4369230769230769 0.6865482233502538 0.4369230769230769
16 0.25 0.44846153846153847 0.27918781725888325 0.44846153846153847 0.27918781725888325 0.49615384615384617 0.25 0.49615384615384617
14 0.28553299492385786 0.44846153846153847 0.3147208121827411 0.44846153846153847 0.3147208121827411 0.49615384615384617 0.28553299492385786 0.49615384615384617
14 0.3223350253807107 0.44846153846153847 0.35152284263959394 0.44846153846153847 0.35152284263959394 0.49615384615384617 0.3223350253807107 0.49615384615384617
36 0.35786802030456855 0.44846153846153847 0.3654822335025381 0.44846153846153847 0.3654822335025381 0.4784615384615385 0.35786802030456855 0.4784615384615385
0 0.3737309644670051 0.44846153846153847 0.3953045685279188 0.44846153846153847 0.3953045685279188 0.4976923076923077 0.3737309644670051 0.4976923076923077
5 0.40418781725888325 0.44846153846153847 0.4333756345177665 0.44846153846153847 0.4333756345177665 0.4969230769230769 0.40418781725888325 0.4969230769230769
37 0.4397208121827411 0.44846153846153847 0.46890862944162437 0.44846153846153847 0.46890862944162437 0.48384615384615387 0.4397208121827411 0.48384615384615387
2 0.47715736040609136 0.44846153846153847 0.5063451776649746 0.44846153846153847 0.5063451776649746 0.4969230769230769 0.47715736040609136 0.4969230769230769
0 0.5145939086294417 0.44846153846153847 0.5361675126903553 0.44846153846153847 0.5361675126903553 0.4969230769230769 0.5145939086294417 0.4969230769230769
37 0.5444162436548223 0.44846153846153847 0.5736040609137055 0.44846153846153847 0.5736040609137055 0.4846153846153846 0.5444162436548223 0.4846153846153846
2 0.5812182741116751 0.44846153846153847 0.6104060913705583 0.44846153846153847 0.6104060913705583 0.49615384615384617 0.5812182741116751 0.49615384615384617
0 0.6192893401015228 0.44846153846153847 0.6408629441624365 0.44846153846153847 0.6408629441624365 0.4969230769230769 0.6192893401015228 0.4969230769230769
2 0.6503807106598984 0.44846153846153847 0.6795685279187816 0.44846153846153847 0.6795685279187816 0.4969230769230769 0.6503807106598984 0.4969230769230769
5 0.6865482233502538 0.44846153846153847 0.715736040609137 0.44846153846153847 0.715736040609137 0.49615384615384617 0.6865482233502538 0.49615384615384617
