18 0.25 0.4715384615384615 0.2639593908629442 0.4715384615384615 0.2639593908629442 0.52 0.25 0.52
35 0.27347715736040606 0.4715384615384615 0.3026649746192893 0.4715384615384615 0.3026649746192893 0.52 0.27347715736040606 0.52
32 0.31091370558375636 0.4715384615384615 0.3401015228426396 0.4715384615384615 0.3401015228426396 0.52 0.31091370558375636 0.52
36 0.3470812182741117 0.4715384615384615 0.3610406091370559 0.4715384615384615 0.3610406091370559 0.5069230769230769 0.3470812182741117 0.5069230769230769
0 0.3699238578680203 0.4715384615384615 0.39911167512690354 0.4715384615384615 0.39911167512690354 0.5192307692307692 0.3699238578680203 0.5192307692307692
6 0.40609137055837563 0.4715384615384615 0.4276649746192893 0.4715384615384615 0.4276649746192893 0.52 0.40609137055837563 0.52
37 0.4365482233502538 0.4715384615384615 0.46573604060913704 0.4715384615384615 0.46573604060913704 0.5069230769230769 0.4365482233502538 0.5069230769230769
2 0.4739847715736041 0.4715384615384615 0.5031725888324873 0.4715384615384615 0.5031725888324873 0.52 0.4739847715736041 0.52
7 0.5114213197969543 0.4715384615384615 0.532994923857868 0.4715384615384615 0.532994923857868 0.52 0.5114213197969543 0.52
37 0.5399746192893401 0.4715384615384615 0.5691624365482233 0.4715384615384615 0.5691624365482233 0.5069230769230769 0.5399746192893401 0.5069230769230769
2 0.5780456852791879 0.4715384615384615 0.6072335025380711 0.4715384615384615 0.6072335025380711 0.5192307692307692 0.5780456852791879 0.5192307692307692
0 0.616751269035533 0.4715384615384615 0.6459390862944162 0.4715384615384615 0.6459390862944162 0.5192307692307692 0.616751269035533 0.5192307692307692
2 0.6522842639593909 0.4715384615384615 0.6738578680203046 0.4715384615384615 0.6738578680203046 0.52 0.6522842639593909 0.52
5 0.682741116751269 0.4715384615384615 0.7043147208121827 0.4715384615384615 0.7043147208121827 0.52 0.682741116751269 0.52
24 0.25 0.5307692307692308 0.2715736040609137 0.5307692307692308 0.2715736040609137 0.5792307692307692 0.25 0.5792307692307692
26 0.2785532994923858 0.5307692307692308 0.30012690355329946 0.5307692307692308 0.30012690355329946 0.58 0.2785532994923858 0.58
17 0.3083756345177665 0.5307692307692308 0.3299492385786802 0.5307692307692308 0.3299492385786802 0.5792307692307692 0.3083756345177665 0.5792307692307692
36 0.33946700507614214 0.5307692307692308 0.3534263959390863 0.5307692307692308 0.3534263959390863 0.5661538461538461 0.33946700507614214 0.5661538461538461
0 0.3610406091370558 0.5307692307692308 0.3826142131979695 0.5307692307692308 0.3826142131979695 0.5792307692307692 0.3610406091370558 0.5792307692307692
8 0.3895939086294416 0.5307692307692308 0.4111675126903553 0.5307692307692308 0.4111675126903553 0.5792307692307692 0.3895939086294416 0.5792307692307692
37 0.41878172588832485 0.5307692307692308 0.4479695431472081 0.5307692307692308 0.4479695431472081 0.566923076923077 0.41878172588832485 0.566923076923077
2 0.45748730964467005 0.5307692307692308 0.47906091370558374 0.5307692307692308 0.47906091370558374 0.5792307692307692 0.45748730964467005 0.5792307692307692
6 0.4879441624365482 0.5307692307692308 0.5171319796954315 0.5307692307692308 0.5171319796954315 0.5784615384615385 0.4879441624365482 0.5784615384615385
37 0.5260152284263959 0.5307692307692308 0.5552030456852791 0.5307692307692308 0.5552030456852791 0.566923076923077 0.5260152284263959 0.566923076923077
2 0.5647208121827412 0.5307692307692308 0.5862944162436549 0.5307692307692308 0.5862944162436549 0.5792307692307692 0.5647208121827412 0.5792307692307692
0 0.5958121827411168 0.5307692307692308 0.625 0.5307692307692308 0.625 0.5784615384615385 0.5958121827411168 0.5784615384615385
2 0.631979695431472 0.5307692307692308 0.6535532994923857 0.5307692307692308 0.6535532994923857 0.5792307692307692 0.631979695431472 0.5792307692307692
5 0.6630710659898477 0.5307692307692308 0.6922588832487309 0.5307692307692308 0.6922588832487309 0.5784615384615385 0.6630710659898477 0.5784615384615385
