28 0.25 0.45153846153846156 0.2715736040609137 0.45153846153846156 0.2715736040609137 0.5 0.25 0.5
32 0.2785532994923858 0.45153846153846156 0.30774111675126903 0.45153846153846156 0.30774111675126903 0.49923076923076926 0.2785532994923858 0.49923076923076926
16 0.3147208121827411 0.45153846153846156 0.34390862944162437 0.45153846153846156 0.34390862944162437 0.49923076923076926 0.3147208121827411 0.49923076923076926
36 0.35215736040609136 0.45153846153846156 0.36611675126903553 0.45153846153846156 0.36611675126903553 0.48692307692307696 0.35215736040609136 0.48692307692307696
0 0.3743654822335025 0.45153846153846156 0.4035532994923858 0.45153846153846156 0.4035532994923858 0.49923076923076926 0.3743654822335025 0.49923076923076926
3 0.41053299492385786 0.45153846153846156 0.4397208121827411 0.45153846153846156 0.4397208121827411 0.49923076923076926 0.41053299492385786 0.49923076923076926
37 0.4479695431472081 0.45153846153846156 0.47715736040609136 0.45153846153846156 0.47715736040609136 0.48692307692307696 0.4479695431472081 0.48692307692307696
3 0.4860406091370558 0.45153846153846156 0.5076142131979695 0.45153846153846156 0.5076142131979695 0.5 0.4860406091370558 0.5
0 0.5171319796954315 0.45153846153846156 0.5387055837563451 0.45153846153846156 0.5387055837563451 0.5 0.5171319796954315 0.5
37 0.5475888324873096 0.45153846153846156 0.5767766497461928 0.45153846153846156 0.5767766497461928 0.48692307692307696 0.5475888324873096 0.48692307692307696
2 0.5856598984771574 0.45153846153846156 0.6148477157360406 0.45153846153846156 0.6148477157360406 0.49923076923076926 0.5856598984771574 0.49923076923076926
0 0.6211928934010152 0.45153846153846156 0.6503807106598984 0.45153846153846156 0.6503807106598984 0.5 0.6211928934010152 0.5
2 0.6579949238578681 0.45153846153846156 0.6871827411167513 0.45153846153846156 0.6871827411167513 0.49923076923076926 0.6579949238578681 0.49923076923076926
5 0.6947969543147208 0.45153846153846156 0.723984771573604 0.45153846153846156 0.723984771573604 0.5 0.6947969543147208 0.5
27 0.25 0.5107692307692308 0.2715736040609137 0.5107692307692308 0.2715736040609137 0.5592307692307692 0.25 0.5592307692307692
35 0.2785532994923858 0.5107692307692308 0.30012690355329946 0.5107692307692308 0.30012690355329946 0.5592307692307692 0.2785532994923858 0.5592307692307692
18 0.30710659898477155 0.5107692307692308 0.32614213197969544 0.5107692307692308 0.32614213197969544 0.5584615384615385 0.30710659898477155 0.5584615384615385
36 0.3350253807106599 0.5107692307692308 0.3489847715736041 0.5107692307692308 0.3489847715736041 0.5461538461538461 0.3350253807106599 0.5461538461538461
0 0.35596446700507617 0.5107692307692308 0.3851522842639594 0.5107692307692308 0.3851522842639594 0.5584615384615385 0.35596446700507617 0.5584615384615385
7 0.3946700507614213 0.5107692307692308 0.42385786802030456 0.5107692307692308 0.42385786802030456 0.5584615384615385 0.3946700507614213 0.5584615384615385
37 0.4333756345177665 0.5107692307692308 0.46256345177664976 0.5107692307692308 0.46256345177664976 0.5461538461538461 0.4333756345177665 0.5461538461538461
3 0.46954314720812185 0.5107692307692308 0.49111675126903553 0.5107692307692308 0.49111675126903553 0.5592307692307692 0.46954314720812185 0.5592307692307692
0 0.4987309644670051 0.5107692307692308 0.5203045685279188 0.5107692307692308 0.5203045685279188 0.5592307692307692 0.4987309644670051 0.5592307692307692
37 0.5272842639593909 0.5107692307692308 0.5564720812182741 0.5107692307692308 0.5564720812182741 0.546923076923077 0.5272842639593909 0.546923076923077
2 0.5634517766497462 0.5107692307692308 0.5850253807106599 0.5107692307692308 0.5850253807106599 0.5599999999999999 0.5634517766497462 0.5599999999999999
0 0.5926395939086294 0.5107692307692308 0.6218274111675126 0.5107692307692308 0.6218274111675126 0.5584615384615385 0.5926395939086294 0.5584615384615385
2 0.6313451776649747 0.5107692307692308 0.6605329949238579 0.5107692307692308 0.6605329949238579 0.5592307692307692 0.6313451776649747 0.5592307692307692
5 0.6668781725888325 0.5107692307692308 0.6960659898477157 0.5107692307692308 0.6960659898477157 0.5584615384615385 0.6668781725888325 0.5584615384615385
