25 0.25 0.5269230769230769 0.27918781725888325 0.5269230769230769 0.27918781725888325 0.5746153846153846 0.25 0.5746153846153846
31 0.28616751269035534 0.5269230769230769 0.30774111675126903 0.5269230769230769 0.30774111675126903 0.5753846153846154 0.28616751269035534 0.5753846153846154
19 0.3153553299492386 0.5269230769230769 0.34454314720812185 0.5269230769230769 0.34454314720812185 0.5746153846153846 0.3153553299492386 0.5746153846153846
36 0.3534263959390863 0.5269230769230769 0.3673857868020305 0.5269230769230769 0.3673857868020305 0.5623076923076923 0.3534263959390863 0.5623076923076923
0 0.3762690355329949 0.5269230769230769 0.40545685279187815 0.5269230769230769 0.40545685279187815 0.5746153846153846 0.3762690355329949 0.5746153846153846
2 0.4143401015228426 0.5269230769230769 0.44352791878172587 0.5269230769230769 0.44352791878172587 0.5753846153846154 0.4143401015228426 0.5753846153846154
37 0.45114213197969544 0.5269230769230769 0.4803299492385787 0.5269230769230769 0.4803299492385787 0.5623076923076923 0.45114213197969544 0.5623076923076923
0 0.48984771573604063 0.5269230769230769 0.5190355329949239 0.5269230769230769 0.5190355329949239 0.5746153846153846 0.48984771573604063 0.5746153846153846
9 0.5272842639593909 0.5269230769230769 0.5488578680203046 0.5269230769230769 0.5488578680203046 0.5753846153846154 0.5272842639593909 0.5753846153846154
37 0.5583756345177665 0.5269230769230769 0.5875634517766497 0.5269230769230769 0.5875634517766497 0.5630769230769231 0.5583756345177665 0.5630769230769231
2 0.5958121827411168 0.5269230769230769 0.625 0.5269230769230769 0.625 0.5753846153846154 0.5958121827411168 0.5753846153846154
0 0.6338832487309645 0.5269230769230769 0.6630710659898477 0.5269230769230769 0.6630710659898477 0.5746153846153846 0.6338832487309645 0.5746153846153846
2 0.6700507614213198 0.5269230769230769 0.699238578680203 0.5269230769230769 0.699238578680203 0.5753846153846154 0.6700507614213198 0.5753846153846154
5 0.7062182741116751 0.5269230769230769 0.7354060913705583 0.5269230769230769 0.7354060913705583 0.5746153846153846 0.7062182741116751 0.5746153846153846
12 0.25 0.5861538461538461 0.2715736040609137 0.5861538461538461 0.2715736040609137 0.6353846153846153 0.25 0.6353846153846153
21 0.27982233502538073 0.5861538461538461 0.3013959390862944 0.5861538461538461 0.3013959390862944 0.6353846153846153 0.27982233502538073 0.6353846153846153
32 0.309010152284264 0.5861538461538461 0.33058375634517767 0.5861538461538461 0.33058375634517767 0.6346153846153846 0.309010152284264 0.6346153846153846
36 0.33883248730964466 0.5861538461538461 0.3515228426395939 0.5861538461538461 0.3515228426395939 0.6215384615384615 0.33883248730964466 0.6215384615384615
1 0.3597715736040609 0.5861538461538461 0.3737309644670051 0.5861538461538461 0.3737309644670051 0.6346153846153846 0.3597715736040609 0.6346153846153846
2 0.3813451776649746 0.5861538461538461 0.41053299492385786 0.5861538461538461 0.41053299492385786 0.6338461538461538 0.3813451776649746 0.6338461538461538
37 0.41751269035532995 0.5861538461538461 0.4467005076142132 0.5861538461538461 0.4467005076142132 0.6215384615384615 0.41751269035532995 0.6215384615384615
1 0.45621827411167515 0.5861538461538461 0.4701776649746193 0.5861538461538461 0.4701776649746193 0.6346153846153846 0.45621827411167515 0.6346153846153846
7 0.47715736040609136 0.5861538461538461 0.49873096446700504 0.5861538461538461 0.49873096446700504 0.6353846153846153 0.47715736040609136 0.6353846153846153
37 0.5076142131979695 0.5861538461538461 0.5368020304568527 0.5861538461538461 0.5368020304568527 0.6215384615384615 0.5076142131979695 0.6215384615384615
2 0.5463197969543148 0.5861538461538461 0.575507614213198 0.5861538461538461 0.575507614213198 0.6346153846153846 0.5463197969543148 0.6346153846153846
0 0.5850253807106599 0.5861538461538461 0.6142131979695431 0.5861538461538461 0.6142131979695431 0.6338461538461538 0.5850253807106599 0.6338461538461538
2 0.6211928934010152 0.5861538461538461 0.6503807106598984 0.5861538461538461 0.6503807106598984 0.6338461538461538 0.6211928934010152 0.6338461538461538
4 0.6592639593908629 0.5861538461538461 0.6884517766497461 0.5861538461538461 0.6884517766497461 0.6338461538461538 0.6592639593908629 0.6338461538461538
