27 0.25 0.4530769230769231 0.27918781725888325 0.4530769230769231 0.27918781725888325 0.5007692307692307 0.25 0.5007692307692307
32 0.2868020304568528 0.4530769230769231 0.31598984771573607 0.4530769230769231 0.31598984771573607 0.5007692307692307 0.2868020304568528 0.5007692307692307
22 0.3236040609137056 0.4530769230769231 0.34517766497461927 0.4530769230769231 0.34517766497461927 0.5015384615384616 0.3236040609137056 0.5015384615384616
36 0.35215736040609136 0.4530769230769231 0.36611675126903553 0.4530769230769231 0.36611675126903553 0.4884615384615385 0.35215736040609136 0.4884615384615385
0 0.375 0.4530769230769231 0.40418781725888325 0.4530769230769231 0.40418781725888325 0.5007692307692307 0.375 0.5007692307692307
6 0.4130710659898477 0.4530769230769231 0.4346446700507614 0.4530769230769231 0.4346446700507614 0.5015384615384616 0.4130710659898477 0.5015384615384616
37 0.440989847715736 0.4530769230769231 0.47017766497461927 0.4530769230769231 0.47017766497461927 0.4884615384615385 0.440989847715736 0.4884615384615385
2 0.47906091370558374 0.4530769230769231 0.508248730964467 0.4530769230769231 0.508248730964467 0.5015384615384616 0.47906091370558374 0.5015384615384616
3 0.5171319796954315 0.4530769230769231 0.5463197969543147 0.4530769230769231 0.5463197969543147 0.5007692307692307 0.5171319796954315 0.5007692307692307
37 0.5552030456852792 0.4530769230769231 0.5843908629441624 0.4530769230769231 0.5843908629441624 0.48923076923076925 0.5552030456852792 0.48923076923076925
2 0.5932741116751269 0.4530769230769231 0.6224619289340101 0.4530769230769231 0.6224619289340101 0.5007692307692307 0.5932741116751269 0.5007692307692307
0 0.6300761421319797 0.4530769230769231 0.6516497461928934 0.4530769230769231 0.6516497461928934 0.5023076923076923 0.6300761421319797 0.5023076923076923
2 0.6586294416243654 0.4530769230769231 0.6878172588832486 0.4530769230769231 0.6878172588832486 0.5007692307692307 0.6586294416243654 0.5007692307692307
5 0.6941624365482234 0.4530769230769231 0.7233502538071066 0.4530769230769231 0.7233502538071066 0.5007692307692307 0.6941624365482234 0.5007692307692307
15 0.25 0.5123076923076924 0.2715736040609137 0.5123076923076924 0.2715736040609137 0.5607692307692308 0.25 0.5607692307692308
34 0.28045685279187815 0.5123076923076924 0.3096446700507614 0.5123076923076924 0.3096446700507614 0.5607692307692308 0.28045685279187815 0.5607692307692308
27 0.31916243654822335 0.5123076923076924 0.3483502538071066 0.5123076923076924 0.3483502538071066 0.56 0.31916243654822335 0.56
36 0.3546954314720812 0.5123076923076924 0.36738578680203043 0.5123076923076924 0.36738578680203043 0.5476923076923077 0.3546954314720812 0.5476923076923077
0 0.375 0.5123076923076924 0.40418781725888325 0.5123076923076924 0.40418781725888325 0.56 0.375 0.56
8 0.4137055837563452 0.5123076923076924 0.44289340101522845 0.5123076923076924 0.44289340101522845 0.56 0.4137055837563452 0.56
37 0.4517766497461929 0.5123076923076924 0.48096446700507617 0.5123076923076924 0.48096446700507617 0.5484615384615386 0.4517766497461929 0.5484615384615386
2 0.48984771573604063 0.5123076923076924 0.5190355329949239 0.5123076923076924 0.5190355329949239 0.56 0.48984771573604063 0.56
1 0.5260152284263959 0.5123076923076924 0.5399746192893401 0.5123076923076924 0.5399746192893401 0.5615384615384615 0.5260152284263959 0.5615384615384615
37 0.5463197969543148 0.5123076923076924 0.575507614213198 0.5123076923076924 0.575507614213198 0.5476923076923077 0.5463197969543148 0.5476923076923077
2 0.5818527918781726 0.5123076923076924 0.6110406091370558 0.5123076923076924 0.6110406091370558 0.56 0.5818527918781726 0.56
0 0.6173857868020305 0.5123076923076924 0.6465736040609137 0.5123076923076924 0.6465736040609137 0.56 0.6173857868020305 0.56
2 0.6535532994923858 0.5123076923076924 0.682741116751269 0.5123076923076924 0.682741116751269 0.56 0.6535532994923858 0.56
5 0.6890862944162437 0.5123076923076924 0.7182741116751269 0.5123076923076924 0.7182741116751269 0.56 0.6890862944162437 0.56
