14 0.25 0.37461538461538463 0.2715736040609137 0.37461538461538463 0.2715736040609137 0.4238461538461539 0.25 0.4238461538461539
25 0.2779187817258883 0.37461538461538463 0.299492385786802 0.37461538461538463 0.299492385786802 0.4238461538461539 0.2779187817258883 0.4238461538461539
16 0.309010152284264 0.37461538461538463 0.33819796954314724 0.37461538461538463 0.33819796954314724 0.42230769230769233 0.309010152284264 0.42230769230769233
36 0.3470812182741117 0.37461538461538463 0.3597715736040609 0.37461538461538463 0.3597715736040609 0.41000000000000003 0.3470812182741117 0.41000000000000003
0 0.36611675126903553 0.37461538461538463 0.3953045685279188 0.37461538461538463 0.3953045685279188 0.42230769230769233 0.36611675126903553 0.42230769230769233
7 0.40418781725888325 0.37461538461538463 0.4333756345177665 0.37461538461538463 0.4333756345177665 0.42230769230769233 0.40418781725888325 0.42230769230769233
37 0.44289340101522845 0.37461538461538463 0.4720812182741117 0.37461538461538463 0.4720812182741117 0.4107692307692308 0.44289340101522845 0.4107692307692308
2 0.4803299492385787 0.37461538461538463 0.5095177664974619 0.37461538461538463 0.5095177664974619 0.42230769230769233 0.4803299492385787 0.42230769230769233
8 0.5177664974619289 0.37461538461538463 0.5393401015228426 0.37461538461538463 0.5393401015228426 0.4230769230769231 0.5177664974619289 0.4230769230769231
37 0.5482233502538071 0.37461538461538463 0.5774111675126903 0.37461538461538463 0.5774111675126903 0.41000000000000003 0.5482233502538071 0.41000000000000003
2 0.5856598984771574 0.37461538461538463 0.6148477157360406 0.37461538461538463 0.6148477157360406 0.42230769230769233 0.5856598984771574 0.42230769230769233
0 0.6211928934010152 0.37461538461538463 0.6503807106598984 0.37461538461538463 0.6503807106598984 0.4230769230769231 0.6211928934010152 0.4230769230769231
2 0.6573604060913706 0.37461538461538463 0.6789340101522843 0.37461538461538463 0.6789340101522843 0.4230769230769231 0.6573604060913706 0.4230769230769231
5 0.6878172588832487 0.37461538461538463 0.7093908629441624 0.37461538461538463 0.7093908629441624 0.4230769230769231 0.6878172588832487 0.4230769230769231
28 0.25 0.4338461538461538 0.2715736040609137 0.4338461538461538 0.2715736040609137 0.48307692307692307 0.25 0.48307692307692307
11 0.2779187817258883 0.4338461538461538 0.30710659898477155 0.4338461538461538 0.30710659898477155 0.4815384615384615 0.2779187817258883 0.4815384615384615
33 0.3166243654822335 0.4338461538461538 0.34581218274111675 0.4338461538461538 0.34581218274111675 0.4815384615384615 0.3166243654822335 0.4815384615384615
36 0.35406091370558374 0.4338461538461538 0.36675126903553296 0.4338461538461538 0.36675126903553296 0.46923076923076923 0.35406091370558374 0.46923076923076923
0 0.3737309644670051 0.4338461538461538 0.40291878172588835 0.4338461538461538 0.40291878172588835 0.4815384615384615 0.3737309644670051 0.4815384615384615
9 0.40926395939086296 0.4338461538461538 0.43083756345177665 0.4338461538461538 0.43083756345177665 0.48230769230769227 0.40926395939086296 0.48230769230769227
37 0.43908629441624364 0.4338461538461538 0.4682741116751269 0.4338461538461538 0.4682741116751269 0.46923076923076923 0.43908629441624364 0.46923076923076923
2 0.47715736040609136 0.4338461538461538 0.5063451776649746 0.4338461538461538 0.5063451776649746 0.48230769230769227 0.47715736040609136 0.48230769230769227
0 0.5145939086294417 0.4338461538461538 0.5437817258883249 0.4338461538461538 0.5437817258883249 0.4815384615384615 0.5145939086294417 0.4815384615384615
37 0.550761421319797 0.4338461538461538 0.5799492385786802 0.4338461538461538 0.5799492385786802 0.46923076923076923 0.550761421319797 0.46923076923076923
2 0.5875634517766497 0.4338461538461538 0.6167512690355329 0.4338461538461538 0.6167512690355329 0.4815384615384615 0.5875634517766497 0.4815384615384615
0 0.6230964467005076 0.4338461538461538 0.6446700507614213 0.4338461538461538 0.6446700507614213 0.48230769230769227 0.6230964467005076 0.48230769230769227
2 0.6522842639593909 0.4338461538461538 0.6814720812182741 0.4338461538461538 0.6814720812182741 0.48230769230769227 0.6522842639593909 0.48230769230769227
5 0.6890862944162437 0.4338461538461538 0.7182741116751269 0.4338461538461538 0.7182741116751269 0.48230769230769227 0.6890862944162437 0.48230769230769227
