12 0.25 0.3992307692307692 0.27918781725888325 0.3992307692307692 0.27918781725888325 0.4469230769230769 0.25 0.4469230769230769
17 0.2868020304568528 0.3992307692307692 0.31598984771573607 0.3992307692307692 0.31598984771573607 0.4469230769230769 0.2868020304568528 0.4469230769230769
22 0.3236040609137056 0.3992307692307692 0.34517766497461927 0.3992307692307692 0.34517766497461927 0.44769230769230767 0.3236040609137056 0.44769230769230767
36 0.35406091370558374 0.3992307692307692 0.3680203045685279 0.3992307692307692 0.3680203045685279 0.4346153846153846 0.35406091370558374 0.4346153846153846
0 0.3756345177664975 0.3992307692307692 0.40482233502538073 0.3992307692307692 0.40482233502538073 0.44769230769230767 0.3756345177664975 0.44769230769230767
1 0.4118020304568528 0.3992307692307692 0.4308375634517767 0.3992307692307692 0.4308375634517767 0.4469230769230769 0.4118020304568528 0.4469230769230769
37 0.43781725888324874 0.3992307692307692 0.467005076142132 0.3992307692307692 0.467005076142132 0.43538461538461537 0.43781725888324874 0.43538461538461537
1 0.475253807106599 0.3992307692307692 0.4879441624365482 0.3992307692307692 0.4879441624365482 0.4469230769230769 0.475253807106599 0.4469230769230769
0 0.49682741116751267 0.3992307692307692 0.5260152284263959 0.3992307692307692 0.5260152284263959 0.4469230769230769 0.49682741116751267 0.4469230769230769
37 0.5342639593908629 0.3992307692307692 0.5634517766497461 0.3992307692307692 0.5634517766497461 0.43538461538461537 0.5342639593908629 0.43538461538461537
2 0.5704314720812182 0.3992307692307692 0.5996192893401014 0.3992307692307692 0.5996192893401014 0.4469230769230769 0.5704314720812182 0.4469230769230769
0 0.6059644670050761 0.3992307692307692 0.6275380710659898 0.3992307692307692 0.6275380710659898 0.44769230769230767 0.6059644670050761 0.44769230769230767
2 0.6338832487309645 0.3992307692307692 0.6554568527918782 0.3992307692307692 0.6554568527918782 0.44846153846153847 0.6338832487309645 0.44846153846153847
5 0.6649746192893401 0.3992307692307692 0.6865482233502538 0.3992307692307692 0.6865482233502538 0.44769230769230767 0.6649746192893401 0.44769230769230767
19 0.25 0.4584615384615385 0.27918781725888325 0.4584615384615385 0.27918781725888325 0.5061538461538462 0.25 0.5061538461538462
26 0.2868020304568528 0.4584615384615385 0.31598984771573607 0.4584615384615385 0.31598984771573607 0.5061538461538462 0.2868020304568528 0.5061538461538462
13 0.3248730964467005 0.4584615384615385 0.35406091370558374 0.4584615384615385 0.35406091370558374 0.5069230769230769 0.3248730964467005 0.5069230769230769
36 0.3623096446700508 0.4584615384615385 0.375 0.4584615384615385 0.375 0.4938461538461539 0.3623096446700508 0.4938461538461539
0 0.38388324873096447 0.4584615384615385 0.4130710659898477 0.4584615384615385 0.4130710659898477 0.5061538461538462 0.38388324873096447 0.5061538461538462
6 0.41941624365482233 0.4584615384615385 0.440989847715736 0.4584615384615385 0.440989847715736 0.5069230769230769 0.41941624365482233 0.5069230769230769
37 0.4479695431472081 0.4584615384615385 0.47715736040609136 0.4584615384615385 0.47715736040609136 0.4938461538461539 0.4479695431472081 0.4938461538461539
0 0.4866751269035533 0.4584615384615385 0.5158629441624365 0.4584615384615385 0.5158629441624365 0.5061538461538462 0.4866751269035533 0.5061538461538462
5 0.5228426395939086 0.4584615384615385 0.5520304568527918 0.4584615384615385 0.5520304568527918 0.5069230769230769 0.5228426395939086 0.5069230769230769
37 0.5609137055837563 0.4584615384615385 0.5901015228426395 0.4584615384615385 0.5901015228426395 0.4946153846153846 0.5609137055837563 0.4946153846153846
2 0.5996192893401016 0.4584615384615385 0.6288071065989848 0.4584615384615385 0.6288071065989848 0.5061538461538462 0.5996192893401016 0.5061538461538462
0 0.6364213197969543 0.4584615384615385 0.657994923857868 0.4584615384615385 0.657994923857868 0.5069230769230769 0.6364213197969543 0.5069230769230769
2 0.6656091370558376 0.4584615384615385 0.6871827411167513 0.4584615384615385 0.6871827411167513 0.5069230769230769 0.6656091370558376 0.5069230769230769
5 0.6954314720812182 0.4584615384615385 0.7170050761421319 0.4584615384615385 0.7170050761421319 0.5069230769230769 0.6954314720812182 0.5069230769230769
