11 0.25 0.3330769230769231 0.2715736040609137 0.3330769230769231 0.2715736040609137 0.38153846153846155 0.25 0.38153846153846155
32 0.28109137055837563 0.3330769230769231 0.3026649746192893 0.3330769230769231 0.3026649746192893 0.38153846153846155 0.28109137055837563 0.38153846153846155
31 0.3102791878172589 0.3330769230769231 0.33185279187817257 0.3330769230769231 0.33185279187817257 0.38153846153846155 0.3102791878172589 0.38153846153846155
36 0.3413705583756345 0.3330769230769231 0.3553299492385787 0.3330769230769231 0.3553299492385787 0.36923076923076925 0.3413705583756345 0.36923076923076925
1 0.3616751269035533 0.3330769230769231 0.3756345177664975 0.3330769230769231 0.3756345177664975 0.38153846153846155 0.3616751269035533 0.38153846153846155
0 0.38388324873096447 0.3330769230769231 0.4130710659898477 0.3330769230769231 0.4130710659898477 0.3807692307692308 0.38388324873096447 0.3807692307692308
37 0.41941624365482233 0.3330769230769231 0.4486040609137056 0.3330769230769231 0.4486040609137056 0.3684615384615385 0.41941624365482233 0.3684615384615385
1 0.4549492385786802 0.3330769230769231 0.46510152284263956 0.3330769230769231 0.46510152284263956 0.38153846153846155 0.4549492385786802 0.38153846153846155
9 0.4727157360406091 0.3330769230769231 0.4942893401015228 0.3330769230769231 0.4942893401015228 0.38153846153846155 0.4727157360406091 0.38153846153846155
37 0.5038071065989848 0.3330769230769231 0.532994923857868 0.3330769230769231 0.532994923857868 0.3684615384615385 0.5038071065989848 0.3684615384615385
2 0.5399746192893401 0.3330769230769231 0.5691624365482233 0.3330769230769231 0.5691624365482233 0.3807692307692308 0.5399746192893401 0.3807692307692308
0 0.5780456852791879 0.3330769230769231 0.5996192893401016 0.3330769230769231 0.5996192893401016 0.38153846153846155 0.5780456852791879 0.38153846153846155
2 0.6078680203045685 0.3330769230769231 0.6294416243654822 0.3330769230769231 0.6294416243654822 0.38153846153846155 0.6078680203045685 0.38153846153846155
5 0.6370558375634517 0.3330769230769231 0.6586294416243654 0.3330769230769231 0.6586294416243654 0.38153846153846155 0.6370558375634517 0.38153846153846155
34 0.25 0.3923076923076923 0.27918781725888325 0.3923076923076923 0.27918781725888325 0.44 0.25 0.44
13 0.2887055837563452 0.3923076923076923 0.3102791878172589 0.3923076923076923 0.3102791878172589 0.44076923076923075 0.2887055837563452 0.44076923076923075
24 0.31852791878172587 0.3923076923076923 0.3477157360406091 0.3923076923076923 0.3477157360406091 0.44 0.31852791878172587 0.44
36 0.35596446700507617 0.3923076923076923 0.36992385786802034 0.3923076923076923 0.36992385786802034 0.4276923076923077 0.35596446700507617 0.4276923076923077
0 0.37880710659898476 0.3923076923076923 0.40038071065989844 0.3923076923076923 0.40038071065989844 0.44076923076923075 0.37880710659898476 0.44076923076923075
2 0.407994923857868 0.3923076923076923 0.4295685279187817 0.3923076923076923 0.4295685279187817 0.44153846153846155 0.407994923857868 0.44153846153846155
37 0.43781725888324874 0.3923076923076923 0.467005076142132 0.3923076923076923 0.467005076142132 0.4276923076923077 0.43781725888324874 0.4276923076923077
0 0.4739847715736041 0.3923076923076923 0.5031725888324873 0.3923076923076923 0.5031725888324873 0.44076923076923075 0.4739847715736041 0.44076923076923075
3 0.5101522842639594 0.3923076923076923 0.5317258883248731 0.3923076923076923 0.5317258883248731 0.44076923076923075 0.5101522842639594 0.44076923076923075
37 0.5393401015228426 0.3923076923076923 0.5685279187817258 0.3923076923076923 0.5685279187817258 0.4276923076923077 0.5393401015228426 0.4276923076923077
2 0.5774111675126904 0.3923076923076923 0.5989847715736041 0.3923076923076923 0.5989847715736041 0.44076923076923075 0.5774111675126904 0.44076923076923075
0 0.6059644670050761 0.3923076923076923 0.6351522842639593 0.3923076923076923 0.6351522842639593 0.44 0.6059644670050761 0.44
2 0.6446700507614214 0.3923076923076923 0.6738578680203046 0.3923076923076923 0.6738578680203046 0.44076923076923075 0.6446700507614214 0.44076923076923075
5 0.6814720812182741 0.3923076923076923 0.7106598984771573 0.3923076923076923 0.7106598984771573 0.44 0.6814720812182741 0.44
