16 0.25 0.45076923076923076 0.2715736040609137 0.45076923076923076 0.2715736040609137 0.4992307692307692 0.25 0.4992307692307692
21 0.28109137055837563 0.45076923076923076 0.3026649746192893 0.45076923076923076 0.3026649746192893 0.4992307692307692 0.28109137055837563 0.4992307692307692
33 0.3102791878172589 0.45076923076923076 0.33185279187817257 0.45076923076923076 0.33185279187817257 0.4992307692307692 0.3102791878172589 0.4992307692307692
36 0.3401015228426396 0.45076923076923076 0.3540609137055838 0.45076923076923076 0.3540609137055838 0.4869230769230769 0.3401015228426396 0.4869230769230769
0 0.3616751269035533 0.45076923076923076 0.39086294416243655 0.45076923076923076 0.39086294416243655 0.4992307692307692 0.3616751269035533 0.4992307692307692
2 0.4003807106598985 0.45076923076923076 0.42956852791878175 0.45076923076923076 0.42956852791878175 0.49846153846153846 0.4003807106598985 0.49846153846153846
37 0.4384517766497462 0.45076923076923076 0.46763959390862947 0.45076923076923076 0.46763959390862947 0.4869230769230769 0.4384517766497462 0.4869230769230769
2 0.475253807106599 0.45076923076923076 0.49682741116751267 0.45076923076923076 0.49682741116751267 0.4992307692307692 0.475253807106599 0.4992307692307692
3 0.5050761421319797 0.45076923076923076 0.5342639593908629 0.45076923076923076 0.5342639593908629 0.49846153846153846 0.5050761421319797 0.49846153846153846
37 0.5437817258883249 0.45076923076923076 0.572969543147208 0.45076923076923076 0.572969543147208 0.48615384615384616 0.5437817258883249 0.48615384615384616
2 0.5818527918781726 0.45076923076923076 0.6034263959390863 0.45076923076923076 0.6034263959390863 0.5 0.5818527918781726 0.5
0 0.6123096446700508 0.45076923076923076 0.641497461928934 0.45076923076923076 0.641497461928934 0.49846153846153846 0.6123096446700508 0.49846153846153846
2 0.6491116751269036 0.45076923076923076 0.6706852791878173 0.45076923076923076 0.6706852791878173 0.4992307692307692 0.6491116751269036 0.4992307692307692
5 0.6776649746192893 0.45076923076923076 0.7068527918781725 0.45076923076923076 0.7068527918781725 0.49846153846153846 0.6776649746192893 0.49846153846153846
18 0.25 0.51 0.2639593908629442 0.51 0.2639593908629442 0.5592307692307692 0.25 0.5592307692307692
23 0.27220812182741116 0.51 0.29378172588832485 0.51 0.29378172588832485 0.5584615384615385 0.27220812182741116 0.5584615384615385
16 0.3001269035532995 0.51 0.32931472081218277 0.51 0.32931472081218277 0.5584615384615385 0.3001269035532995 0.5584615384615385
36 0.33883248730964466 0.51 0.3515228426395939 0.51 0.3515228426395939 0.5453846153846154 0.33883248730964466 0.5453846153846154
0 0.3610406091370558 0.51 0.3902284263959391 0.51 0.3902284263959391 0.5576923076923077 0.3610406091370558 0.5576923076923077
6 0.39911167512690354 0.51 0.4282994923857868 0.51 0.4282994923857868 0.5576923076923077 0.39911167512690354 0.5576923076923077
37 0.43718274111675126 0.51 0.4663705583756345 0.51 0.4663705583756345 0.5453846153846154 0.43718274111675126 0.5453846153846154
1 0.4733502538071066 0.51 0.4873096446700508 0.51 0.4873096446700508 0.5592307692307692 0.4733502538071066 0.5592307692307692
1 0.4949238578680203 0.51 0.5095177664974619 0.51 0.5095177664974619 0.5592307692307692 0.4949238578680203 0.5592307692307692
37 0.5171319796954315 0.51 0.5463197969543147 0.51 0.5463197969543147 0.5453846153846154 0.5171319796954315 0.5453846153846154
2 0.5526649746192893 0.51 0.574238578680203 0.51 0.574238578680203 0.5592307692307692 0.5526649746192893 0.5592307692307692
0 0.5805837563451777 0.51 0.6021573604060914 0.51 0.6021573604060914 0.5584615384615385 0.5805837563451777 0.5584615384615385
2 0.6097715736040609 0.51 0.6389593908629441 0.51 0.6389593908629441 0.5576923076923077 0.6097715736040609 0.5576923076923077
5 0.6453045685279187 0.51 0.6744923857868019 0.51 0.6744923857868019 0.5576923076923077 0.6453045685279187 0.5576923076923077
