16 0.25 0.3792307692307692 0.27918781725888325 0.3792307692307692 0.27918781725888325 0.4269230769230769 0.25 0.4269230769230769
34 0.2868020304568528 0.3792307692307692 0.31598984771573607 0.3792307692307692 0.31598984771573607 0.4269230769230769 0.2868020304568528 0.4269230769230769
25 0.3223350253807107 0.3792307692307692 0.35152284263959394 0.3792307692307692 0.35152284263959394 0.4269230769230769 0.3223350253807107 0.4269230769230769
36 0.3604060913705584 0.3792307692307692 0.3743654822335026 0.3792307692307692 0.3743654822335026 0.41538461538461535 0.3604060913705584 0.41538461538461535
0 0.38071065989847713 0.3792307692307692 0.4098984771573604 0.3792307692307692 0.4098984771573604 0.4269230769230769 0.38071065989847713 0.4269230769230769
8 0.4168781725888325 0.3792307692307692 0.43845177664974616 0.3792307692307692 0.43845177664974616 0.42846153846153845 0.4168781725888325 0.42846153846153845
37 0.44543147208121825 0.3792307692307692 0.4746192893401015 0.3792307692307692 0.4746192893401015 0.41538461538461535 0.44543147208121825 0.41538461538461535
2 0.4815989847715736 0.3792307692307692 0.5107868020304568 0.3792307692307692 0.5107868020304568 0.4269230769230769 0.4815989847715736 0.4269230769230769
2 0.5203045685279187 0.3792307692307692 0.5494923857868019 0.3792307692307692 0.5494923857868019 0.4269230769230769 0.5203045685279187 0.4269230769230769
37 0.557741116751269 0.3792307692307692 0.5869289340101522 0.3792307692307692 0.5869289340101522 0.4146153846153846 0.557741116751269 0.4146153846153846
2 0.5945431472081218 0.3792307692307692 0.623730964467005 0.3792307692307692 0.623730964467005 0.4269230769230769 0.5945431472081218 0.4269230769230769
0 0.6300761421319797 0.3792307692307692 0.6592639593908629 0.3792307692307692 0.6592639593908629 0.4269230769230769 0.6300761421319797 0.4269230769230769
2 0.6681472081218274 0.3792307692307692 0.6973350253807106 0.3792307692307692 0.6973350253807106 0.4269230769230769 0.6681472081218274 0.4269230769230769
5 0.7068527918781726 0.3792307692307692 0.7360406091370558 0.3792307692307692 0.7360406091370558 0.4269230769230769 0.7068527918781726 0.4269230769230769
26 0.25 0.43846153846153846 0.27918781725888325 0.43846153846153846 0.27918781725888325 0.48615384615384616 0.25 0.48615384615384616
25 0.28616751269035534 0.43846153846153846 0.3153553299492386 0.43846153846153846 0.3153553299492386 0.48615384615384616 0.28616751269035534 0.48615384615384616
21 0.32423857868020306 0.43846153846153846 0.34581218274111675 0.43846153846153846 0.34581218274111675 0.4876923076923077 0.32423857868020306 0.4876923076923077
36 0.3553299492385787 0.43846153846153846 0.3680203045685279 0.43846153846153846 0.3680203045685279 0.47384615384615386 0.3553299492385787 0.47384615384615386
0 0.3762690355329949 0.43846153846153846 0.40545685279187815 0.43846153846153846 0.40545685279187815 0.48615384615384616 0.3762690355329949 0.48615384615384616
4 0.4149746192893401 0.43846153846153846 0.4365482233502538 0.43846153846153846 0.4365482233502538 0.4869230769230769 0.4149746192893401 0.4869230769230769
37 0.4447969543147208 0.43846153846153846 0.4739847715736041 0.43846153846153846 0.4739847715736041 0.47307692307692306 0.4447969543147208 0.47307692307692306
0 0.48223350253807107 0.43846153846153846 0.5114213197969543 0.43846153846153846 0.5114213197969543 0.4869230769230769 0.48223350253807107 0.4869230769230769
3 0.5196700507614214 0.43846153846153846 0.5488578680203046 0.43846153846153846 0.5488578680203046 0.4869230769230769 0.5196700507614214 0.4869230769230769
37 0.5583756345177665 0.43846153846153846 0.5875634517766497 0.43846153846153846 0.5875634517766497 0.4746153846153846 0.5583756345177665 0.4746153846153846
2 0.5945431472081218 0.43846153846153846 0.6161167512690355 0.43846153846153846 0.6161167512690355 0.4869230769230769 0.5945431472081218 0.4869230769230769
0 0.6230964467005076 0.43846153846153846 0.6522842639593908 0.43846153846153846 0.6522842639593908 0.48615384615384616 0.6230964467005076 0.48615384615384616
2 0.6592639593908629 0.43846153846153846 0.6884517766497461 0.43846153846153846 0.6884517766497461 0.48615384615384616 0.6592639593908629 0.48615384615384616
5 0.6979695431472082 0.43846153846153846 0.7271573604060914 0.43846153846153846 0.7271573604060914 0.48615384615384616 0.6979695431472082 0.48615384615384616
