25 0.25 0.4576923076923077 0.27918781725888325 0.4576923076923077 0.27918781725888325 0.5053846153846153 0.25 0.5053846153846153
14 0.28616751269035534 0.4576923076923077 0.30774111675126903 0.4576923076923077 0.30774111675126903 0.5061538461538462 0.28616751269035534 0.5061538461538462
35 0.3166243654822335 0.4576923076923077 0.3381979695431472 0.4576923076923077 0.3381979695431472 0.5061538461538462 0.3166243654822335 0.5061538461538462
36 0.34454314720812185 0.4576923076923077 0.35723350253807107 0.4576923076923077 0.35723350253807107 0.4930769230769231 0.34454314720812185 0.4930769230769231
1 0.3635786802030457 0.4576923076923077 0.3826142131979695 0.4576923076923077 0.3826142131979695 0.5053846153846153 0.3635786802030457 0.5053846153846153
2 0.39086294416243655 0.4576923076923077 0.4200507614213198 0.4576923076923077 0.4200507614213198 0.5061538461538462 0.39086294416243655 0.5061538461538462
37 0.42956852791878175 0.4576923076923077 0.458756345177665 0.4576923076923077 0.458756345177665 0.4930769230769231 0.42956852791878175 0.4930769230769231
1 0.4682741116751269 0.4576923076923077 0.4873096446700508 0.4576923076923077 0.4873096446700508 0.5053846153846153 0.4682741116751269 0.5053846153846153
2 0.49428934010152287 0.4576923076923077 0.5234771573604061 0.4576923076923077 0.5234771573604061 0.5053846153846153 0.49428934010152287 0.5053846153846153
37 0.5304568527918782 0.4576923076923077 0.5596446700507614 0.4576923076923077 0.5596446700507614 0.4930769230769231 0.5304568527918782 0.4930769230769231
2 0.567258883248731 0.4576923076923077 0.5964467005076142 0.4576923076923077 0.5964467005076142 0.5053846153846153 0.567258883248731 0.5053846153846153
0 0.6034263959390863 0.4576923076923077 0.6326142131979695 0.4576923076923077 0.6326142131979695 0.5053846153846153 0.6034263959390863 0.5053846153846153
2 0.6408629441624365 0.4576923076923077 0.6700507614213197 0.4576923076923077 0.6700507614213197 0.5053846153846153 0.6408629441624365 0.5053846153846153
4 0.6782994923857868 0.4576923076923077 0.6998730964467005 0.4576923076923077 0.6998730964467005 0.5061538461538462 0.6782994923857868 0.5061538461538462
14 0.25 0.5169230769230769 0.27918781725888325 0.5169230769230769 0.27918781725888325 0.5646153846153846 0.25 0.5646153846153846
29 0.28553299492385786 0.5169230769230769 0.3147208121827411 0.5169230769230769 0.3147208121827411 0.5646153846153846 0.28553299492385786 0.5646153846153846
18 0.3229695431472081 0.5169230769230769 0.3369289340101523 0.5169230769230769 0.3369289340101523 0.5653846153846154 0.3229695431472081 0.5653846153846154
36 0.34454314720812185 0.5169230769230769 0.35723350253807107 0.5169230769230769 0.35723350253807107 0.5523076923076923 0.34454314720812185 0.5523076923076923
0 0.366751269035533 0.5169230769230769 0.3883248730964467 0.5169230769230769 0.3883248730964467 0.5653846153846154 0.366751269035533 0.5653846153846154
6 0.39593908629441626 0.5169230769230769 0.4251269035532995 0.5169230769230769 0.4251269035532995 0.5646153846153846 0.39593908629441626 0.5646153846153846
37 0.4333756345177665 0.5169230769230769 0.46256345177664976 0.5169230769230769 0.46256345177664976 0.5523076923076923 0.4333756345177665 0.5523076923076923
2 0.46954314720812185 0.5169230769230769 0.4987309644670051 0.5169230769230769 0.4987309644670051 0.5646153846153846 0.46954314720812185 0.5646153846153846
0 0.5076142131979695 0.5169230769230769 0.5368020304568527 0.5169230769230769 0.5368020304568527 0.5646153846153846 0.5076142131979695 0.5646153846153846
37 0.5463197969543148 0.5169230769230769 0.575507614213198 0.5169230769230769 0.575507614213198 0.5515384615384615 0.5463197969543148 0.5515384615384615
2 0.5824873096446701 0.5169230769230769 0.6116751269035533 0.5169230769230769 0.6116751269035533 0.5646153846153846 0.5824873096446701 0.5646153846153846
0 0.6199238578680203 0.5169230769230769 0.641497461928934 0.5169230769230769 0.641497461928934 0.5653846153846154 0.6199238578680203 0.5653846153846154
2 0.6478426395939086 0.5169230769230769 0.6770304568527918 0.5169230769230769 0.6770304568527918 0.5646153846153846 0.6478426395939086 0.5646153846153846
5 0.6846446700507615 0.5169230769230769 0.7138324873096447 0.5169230769230769 0.7138324873096447 0.5646153846153846 0.6846446700507615 0.5646153846153846
