22 0.25 0.5423076923076923 0.2715736040609137 0.5423076923076923 0.2715736040609137 0.5907692307692307 0.25 0.5907692307692307
35 0.27918781725888325 0.5423076923076923 0.3083756345177665 0.5423076923076923 0.3083756345177665 0.5907692307692307 0.27918781725888325 0.5907692307692307
28 0.3153553299492386 0.5423076923076923 0.3369289340101523 0.5423076923076923 0.3369289340101523 0.5915384615384615 0.3153553299492386 0.5915384615384615
36 0.34390862944162437 0.5423076923076923 0.35786802030456855 0.5423076923076923 0.35786802030456855 0.5776923076923076 0.34390862944162437 0.5776923076923076
0 0.366751269035533 0.5423076923076923 0.39593908629441626 0.5423076923076923 0.39593908629441626 0.59 0.366751269035533 0.59
8 0.4035532994923858 0.5423076923076923 0.43274111675126903 0.5423076923076923 0.43274111675126903 0.59 0.4035532994923858 0.59
37 0.4403553299492386 0.5423076923076923 0.46954314720812185 0.5423076923076923 0.46954314720812185 0.5776923076923076 0.4403553299492386 0.5776923076923076
2 0.47779187817258884 0.5423076923076923 0.4993654822335025 0.5423076923076923 0.4993654822335025 0.5907692307692307 0.47779187817258884 0.5907692307692307
1 0.5088832487309645 0.5423076923076923 0.5279187817258884 0.5423076923076923 0.5279187817258884 0.59 0.5088832487309645 0.59
37 0.5355329949238579 0.5423076923076923 0.5647208121827411 0.5423076923076923 0.5647208121827411 0.5776923076923076 0.5355329949238579 0.5776923076923076
2 0.5717005076142132 0.5423076923076923 0.6008883248730964 0.5423076923076923 0.6008883248730964 0.59 0.5717005076142132 0.59
0 0.608502538071066 0.5423076923076923 0.6376903553299492 0.5423076923076923 0.6376903553299492 0.59 0.608502538071066 0.59
2 0.6440355329949239 0.5423076923076923 0.6732233502538071 0.5423076923076923 0.6732233502538071 0.59 0.6440355329949239 0.59
5 0.6802030456852792 0.5423076923076923 0.7093908629441624 0.5423076923076923 0.7093908629441624 0.5907692307692307 0.6802030456852792 0.5907692307692307
15 0.25 0.6015384615384616 0.27918781725888325 0.6015384615384616 0.27918781725888325 0.6492307692307693 0.25 0.6492307692307693
10 0.2887055837563452 0.6015384615384616 0.3102791878172589 0.6015384615384616 0.3102791878172589 0.65 0.2887055837563452 0.65
13 0.31789340101522845 0.6015384615384616 0.3470812182741117 0.6015384615384616 0.3470812182741117 0.65 0.31789340101522845 0.65
36 0.3546954314720812 0.6015384615384616 0.3686548223350254 0.6015384615384616 0.3686548223350254 0.6376923076923078 0.3546954314720812 0.6376923076923078
1 0.3756345177664975 0.6015384615384616 0.38959390862944165 0.6015384615384616 0.38959390862944165 0.65 0.3756345177664975 0.65
2 0.39784263959390864 0.6015384615384616 0.4270304568527919 0.6015384615384616 0.4270304568527919 0.6492307692307693 0.39784263959390864 0.6492307692307693
37 0.4365482233502538 0.6015384615384616 0.46573604060913704 0.6015384615384616 0.46573604060913704 0.6369230769230769 0.4365482233502538 0.6369230769230769
0 0.4720812182741117 0.6015384615384616 0.501269035532995 0.6015384615384616 0.501269035532995 0.6492307692307693 0.4720812182741117 0.6492307692307693
1 0.5107868020304569 0.6015384615384616 0.5247461928934011 0.6015384615384616 0.5247461928934011 0.65 0.5107868020304569 0.65
37 0.5329949238578681 0.6015384615384616 0.5621827411167513 0.6015384615384616 0.5621827411167513 0.6376923076923078 0.5329949238578681 0.6376923076923078
2 0.5710659898477157 0.6015384615384616 0.5926395939086294 0.6015384615384616 0.5926395939086294 0.65 0.5710659898477157 0.65
0 0.5996192893401016 0.6015384615384616 0.6288071065989848 0.6015384615384616 0.6288071065989848 0.6492307692307693 0.5996192893401016 0.6492307692307693
2 0.6376903553299492 0.6015384615384616 0.6668781725888324 0.6015384615384616 0.6668781725888324 0.6492307692307693 0.6376903553299492 0.6492307692307693
4 0.6751269035532995 0.6015384615384616 0.6967005076142132 0.6015384615384616 0.6967005076142132 0.6492307692307693 0.6751269035532995 0.6492307692307693
