18 0.25 0.3446153846153846 0.2639593908629442 0.3446153846153846 0.2639593908629442 0.39307692307692305 0.25 0.39307692307692305
24 0.27093908629441626 0.3446153846153846 0.29251269035532995 0.3446153846153846 0.29251269035532995 0.39307692307692305 0.27093908629441626 0.39307692307692305
32 0.29885786802030456 0.3446153846153846 0.3280456852791878 0.3446153846153846 0.3280456852791878 0.39307692307692305 0.29885786802030456 0.39307692307692305
36 0.3356598984771574 0.3446153846153846 0.34961928934010156 0.3446153846153846 0.34961928934010156 0.38 0.3356598984771574 0.38
0 0.35786802030456855 0.3446153846153846 0.37944162436548223 0.3446153846153846 0.37944162436548223 0.39307692307692305 0.35786802030456855 0.39307692307692305
4 0.3870558375634518 0.3446153846153846 0.4086294416243655 0.3446153846153846 0.4086294416243655 0.39307692307692305 0.3870558375634518 0.39307692307692305
37 0.41814720812182743 0.3446153846153846 0.4473350253807107 0.3446153846153846 0.4473350253807107 0.38 0.41814720812182743 0.38
2 0.45558375634517767 0.3446153846153846 0.47715736040609136 0.3446153846153846 0.47715736040609136 0.39307692307692305 0.45558375634517767 0.39307692307692305
1 0.4860406091370558 0.3446153846153846 0.5 0.3446153846153846 0.5 0.39384615384615385 0.4860406091370558 0.39384615384615385
37 0.5088832487309645 0.3446153846153846 0.5380710659898477 0.3446153846153846 0.5380710659898477 0.38 0.5088832487309645 0.38
2 0.5475888324873096 0.3446153846153846 0.5767766497461928 0.3446153846153846 0.5767766497461928 0.39307692307692305 0.5475888324873096 0.39307692307692305
0 0.5831218274111675 0.3446153846153846 0.6123096446700507 0.3446153846153846 0.6123096446700507 0.3923076923076923 0.5831218274111675 0.3923076923076923
2 0.6218274111675127 0.3446153846153846 0.6510152284263959 0.3446153846153846 0.6510152284263959 0.3923076923076923 0.6218274111675127 0.3923076923076923
5 0.6592639593908629 0.3446153846153846 0.6884517766497461 0.3446153846153846 0.6884517766497461 0.3923076923076923 0.6592639593908629 0.3923076923076923
10 0.25 0.40384615384615385 0.27918781725888325 0.40384615384615385 0.27918781725888325 0.45153846153846156 0.25 0.45153846153846156
15 0.28743654822335024 0.40384615384615385 0.30901015228426393 0.40384615384615385 0.30901015228426393 0.4523076923076923 0.28743654822335024 0.4523076923076923
26 0.315989847715736 0.40384615384615385 0.34517766497461927 0.40384615384615385 0.34517766497461927 0.4523076923076923 0.315989847715736 0.4523076923076923
36 0.35152284263959394 0.40384615384615385 0.3591370558375635 0.40384615384615385 0.3591370558375635 0.4346153846153846 0.35152284263959394 0.4346153846153846
0 0.36548223350253806 0.40384615384615385 0.3946700507614213 0.40384615384615385 0.3946700507614213 0.4523076923076923 0.36548223350253806 0.4523076923076923
9 0.4022842639593909 0.40384615384615385 0.43147208121827413 0.40384615384615385 0.43147208121827413 0.45153846153846156 0.4022842639593909 0.45153846153846156
37 0.440989847715736 0.40384615384615385 0.47017766497461927 0.40384615384615385 0.47017766497461927 0.43923076923076926 0.440989847715736 0.43923076923076926
2 0.4796954314720812 0.40384615384615385 0.5088832487309645 0.40384615384615385 0.5088832487309645 0.45153846153846156 0.4796954314720812 0.45153846153846156
8 0.5184010152284264 0.40384615384615385 0.5399746192893401 0.40384615384615385 0.5399746192893401 0.4523076923076923 0.5184010152284264 0.4523076923076923
37 0.5469543147208121 0.40384615384615385 0.5761421319796953 0.40384615384615385 0.5761421319796953 0.43923076923076926 0.5469543147208121 0.43923076923076926
2 0.5850253807106599 0.40384615384615385 0.6142131979695431 0.40384615384615385 0.6142131979695431 0.4523076923076923 0.5850253807106599 0.4523076923076923
0 0.6211928934010152 0.40384615384615385 0.6503807106598984 0.40384615384615385 0.6503807106598984 0.45153846153846156 0.6211928934010152 0.45153846153846156
2 0.6592639593908629 0.40384615384615385 0.6884517766497461 0.40384615384615385 0.6884517766497461 0.4523076923076923 0.6592639593908629 0.4523076923076923
5 0.6954314720812182 0.40384615384615385 0.7170050761421319 0.40384615384615385 0.7170050761421319 0.4523076923076923 0.6954314720812182 0.4523076923076923
