23 0.25 0.5284615384615384 0.27918781725888325 0.5284615384615384 0.27918781725888325 0.5761538461538461 0.25 0.5761538461538461
14 0.28553299492385786 0.5284615384615384 0.3147208121827411 0.5284615384615384 0.3147208121827411 0.5761538461538461 0.28553299492385786 0.5761538461538461
22 0.3210659898477157 0.5284615384615384 0.350253807106599 0.5284615384615384 0.350253807106599 0.5761538461538461 0.3210659898477157 0.5761538461538461
36 0.35786802030456855 0.5284615384615384 0.3718274111675127 0.5284615384615384 0.3718274111675127 0.5646153846153846 0.35786802030456855 0.5646153846153846
0 0.37880710659898476 0.5284615384615384 0.407994923857868 0.5284615384615384 0.407994923857868 0.5761538461538461 0.37880710659898476 0.5761538461538461
5 0.4149746192893401 0.5284615384615384 0.44416243654822335 0.5284615384615384 0.44416243654822335 0.5761538461538461 0.4149746192893401 0.5761538461538461
37 0.4530456852791878 0.5284615384615384 0.48223350253807107 0.5284615384615384 0.48223350253807107 0.5638461538461538 0.4530456852791878 0.5638461538461538
1 0.48921319796954316 0.5284615384615384 0.5031725888324873 0.5284615384615384 0.5031725888324873 0.5769230769230769 0.48921319796954316 0.5769230769230769
5 0.5114213197969543 0.5284615384615384 0.5406091370558375 0.5284615384615384 0.5406091370558375 0.5769230769230769 0.5114213197969543 0.5769230769230769
37 0.5475888324873096 0.5284615384615384 0.5767766497461928 0.5284615384615384 0.5767766497461928 0.5638461538461538 0.5475888324873096 0.5638461538461538
2 0.5850253807106599 0.5284615384615384 0.6142131979695431 0.5284615384615384 0.6142131979695431 0.5761538461538461 0.5850253807106599 0.5761538461538461
0 0.6230964467005076 0.5284615384615384 0.6522842639593908 0.5284615384615384 0.6522842639593908 0.5761538461538461 0.6230964467005076 0.5761538461538461
2 0.6598984771573604 0.5284615384615384 0.6890862944162436 0.5284615384615384 0.6890862944162436 0.5761538461538461 0.6598984771573604 0.5761538461538461
5 0.6979695431472082 0.5284615384615384 0.7271573604060914 0.5284615384615384 0.7271573604060914 0.5761538461538461 0.6979695431472082 0.5761538461538461
11 0.25 0.5876923076923077 0.27918781725888325 0.5876923076923077 0.27918781725888325 0.6353846153846154 0.25 0.6353846153846154
15 0.2868020304568528 0.5876923076923077 0.31598984771573607 0.5876923076923077 0.31598984771573607 0.6353846153846154 0.2868020304568528 0.6353846153846154
27 0.3223350253807107 0.5876923076923077 0.34390862944162437 0.5876923076923077 0.34390862944162437 0.6361538461538462 0.3223350253807107 0.6361538461538462
36 0.3534263959390863 0.5876923076923077 0.36611675126903553 0.5876923076923077 0.36611675126903553 0.6230769230769231 0.3534263959390863 0.6230769230769231
0 0.375 0.5876923076923077 0.40418781725888325 0.5876923076923077 0.40418781725888325 0.6353846153846154 0.375 0.6353846153846154
8 0.4118020304568528 0.5876923076923077 0.4333756345177665 0.5876923076923077 0.4333756345177665 0.6369230769230769 0.4118020304568528 0.6369230769230769
37 0.4416243654822335 0.5876923076923077 0.47081218274111675 0.5876923076923077 0.47081218274111675 0.6238461538461539 0.4416243654822335 0.6238461538461539
2 0.47906091370558374 0.5876923076923077 0.5006345177664975 0.5876923076923077 0.5006345177664975 0.6361538461538462 0.47906091370558374 0.6361538461538462
7 0.5076142131979695 0.5876923076923077 0.5368020304568527 0.5876923076923077 0.5368020304568527 0.6353846153846154 0.5076142131979695 0.6353846153846154
37 0.5444162436548223 0.5876923076923077 0.5736040609137055 0.5876923076923077 0.5736040609137055 0.6230769230769231 0.5444162436548223 0.6230769230769231
2 0.5831218274111675 0.5876923076923077 0.6123096446700507 0.5876923076923077 0.6123096446700507 0.6353846153846154 0.5831218274111675 0.6353846153846154
0 0.6199238578680203 0.5876923076923077 0.6491116751269035 0.5876923076923077 0.6491116751269035 0.6353846153846154 0.6199238578680203 0.6353846153846154
2 0.6567258883248731 0.5876923076923077 0.6859137055837563 0.5876923076923077 0.6859137055837563 0.6353846153846154 0.6567258883248731 0.6353846153846154
5 0.6941624365482234 0.5876923076923077 0.7233502538071066 0.5876923076923077 0.7233502538071066 0.6353846153846154 0.6941624365482234 0.6353846153846154
