11 0.25 0.38076923076923075 0.27918781725888325 0.38076923076923075 0.27918781725888325 0.42846153846153845 0.25 0.42846153846153845
13 0.28616751269035534 0.38076923076923075 0.30774111675126903 0.38076923076923075 0.30774111675126903 0.4292307692307692 0.28616751269035534 0.4292307692307692
33 0.31725888324873097 0.38076923076923075 0.33883248730964466 0.38076923076923075 0.33883248730964466 0.4292307692307692 0.31725888324873097 0.4292307692307692
36 0.34517766497461927 0.38076923076923075 0.35279187817258884 0.38076923076923075 0.35279187817258884 0.4115384615384615 0.34517766497461927 0.4115384615384615
0 0.3604060913705584 0.38076923076923075 0.3819796954314721 0.38076923076923075 0.3819796954314721 0.4292307692307692 0.3604060913705584 0.4292307692307692
2 0.39086294416243655 0.38076923076923075 0.41243654822335024 0.38076923076923075 0.41243654822335024 0.4292307692307692 0.39086294416243655 0.4292307692307692
37 0.4206852791878173 0.38076923076923075 0.44987309644670054 0.38076923076923075 0.44987309644670054 0.41615384615384615 0.4206852791878173 0.41615384615384615
0 0.45621827411167515 0.38076923076923075 0.4854060913705584 0.38076923076923075 0.4854060913705584 0.42846153846153845 0.45621827411167515 0.42846153846153845
7 0.4930203045685279 0.38076923076923075 0.5145939086294417 0.38076923076923075 0.5145939086294417 0.4292307692307692 0.4930203045685279 0.4292307692307692
37 0.5234771573604061 0.38076923076923075 0.5526649746192893 0.38076923076923075 0.5526649746192893 0.41615384615384615 0.5234771573604061 0.41615384615384615
2 0.559010152284264 0.38076923076923075 0.5881979695431472 0.38076923076923075 0.5881979695431472 0.42846153846153845 0.559010152284264 0.42846153846153845
0 0.5977157360406091 0.38076923076923075 0.6269035532994923 0.38076923076923075 0.6269035532994923 0.42846153846153845 0.5977157360406091 0.42846153846153845
2 0.633248730964467 0.38076923076923075 0.6624365482233502 0.38076923076923075 0.6624365482233502 0.42846153846153845 0.633248730964467 0.42846153846153845
5 0.6706852791878173 0.38076923076923075 0.6998730964467005 0.38076923076923075 0.6998730964467005 0.42846153846153845 0.6706852791878173 0.42846153846153845
10 0.25 0.44 0.2715736040609137 0.44 0.2715736040609137 0.48846153846153845 0.25 0.48846153846153845
22 0.2785532994923858 0.44 0.30012690355329946 0.44 0.30012690355329946 0.48846153846153845 0.2785532994923858 0.48846153846153845
12 0.30774111675126903 0.44 0.3293147208121827 0.44 0.3293147208121827 0.48846153846153845 0.30774111675126903 0.48846153846153845
36 0.3362944162436548 0.44 0.350253807106599 0.44 0.350253807106599 0.4753846153846154 0.3362944162436548 0.4753846153846154
1 0.35723350253807107 0.44 0.37119289340101524 0.44 0.37119289340101524 0.48846153846153845 0.35723350253807107 0.48846153846153845
2 0.37817258883248733 0.44 0.399746192893401 0.44 0.399746192893401 0.48846153846153845 0.37817258883248733 0.48846153846153845
37 0.407994923857868 0.44 0.43718274111675126 0.44 0.43718274111675126 0.4753846153846154 0.407994923857868 0.4753846153846154
1 0.4460659898477157 0.44 0.4600253807106599 0.44 0.4600253807106599 0.48846153846153845 0.4460659898477157 0.48846153846153845
1 0.46890862944162437 0.44 0.48794416243654826 0.44 0.48794416243654826 0.4876923076923077 0.46890862944162437 0.4876923076923077
37 0.49555837563451777 0.44 0.524746192893401 0.44 0.524746192893401 0.4753846153846154 0.49555837563451777 0.4753846153846154
2 0.5329949238578681 0.44 0.5621827411167513 0.44 0.5621827411167513 0.48846153846153845 0.5329949238578681 0.48846153846153845
0 0.5691624365482234 0.44 0.5907360406091371 0.44 0.5907360406091371 0.48846153846153845 0.5691624365482234 0.48846153846153845
2 0.5977157360406091 0.44 0.6269035532994923 0.44 0.6269035532994923 0.4876923076923077 0.5977157360406091 0.4876923076923077
4 0.6364213197969543 0.44 0.657994923857868 0.44 0.657994923857868 0.48846153846153845 0.6364213197969543 0.48846153846153845
