20 0.25 0.35384615384615387 0.27918781725888325 0.35384615384615387 0.27918781725888325 0.40153846153846157 0.25 0.40153846153846157
10 0.2880710659898477 0.35384615384615387 0.31725888324873097 0.35384615384615387 0.31725888324873097 0.4023076923076923 0.2880710659898477 0.4023076923076923
14 0.3236040609137056 0.35384615384615387 0.35279187817258884 0.35384615384615387 0.35279187817258884 0.40153846153846157 0.3236040609137056 0.40153846153846157
36 0.3604060913705584 0.35384615384615387 0.3730964467005076 0.35384615384615387 0.3730964467005076 0.38923076923076927 0.3604060913705584 0.38923076923076927
1 0.3819796954314721 0.35384615384615387 0.39593908629441626 0.35384615384615387 0.39593908629441626 0.4023076923076923 0.3819796954314721 0.4023076923076923
2 0.4022842639593909 0.35384615384615387 0.43147208121827413 0.35384615384615387 0.43147208121827413 0.40153846153846157 0.4022842639593909 0.40153846153846157
37 0.4397208121827411 0.35384615384615387 0.46890862944162437 0.35384615384615387 0.46890862944162437 0.38923076923076927 0.4397208121827411 0.38923076923076927
3 0.47588832487309646 0.35384615384615387 0.5050761421319797 0.35384615384615387 0.5050761421319797 0.40153846153846157 0.47588832487309646 0.40153846153846157
0 0.5114213197969543 0.35384615384615387 0.532994923857868 0.35384615384615387 0.532994923857868 0.4023076923076923 0.5114213197969543 0.4023076923076923
37 0.5425126903553299 0.35384615384615387 0.5717005076142131 0.35384615384615387 0.5717005076142131 0.38923076923076927 0.5425126903553299 0.38923076923076927
2 0.5812182741116751 0.35384615384615387 0.6104060913705583 0.35384615384615387 0.6104060913705583 0.40153846153846157 0.5812182741116751 0.40153846153846157
0 0.618020304568528 0.35384615384615387 0.6472081218274112 0.35384615384615387 0.6472081218274112 0.40153846153846157 0.618020304568528 0.40153846153846157
2 0.6541878172588832 0.35384615384615387 0.6833756345177664 0.35384615384615387 0.6833756345177664 0.4023076923076923 0.6541878172588832 0.4023076923076923
4 0.6916243654822335 0.35384615384615387 0.7208121827411167 0.35384615384615387 0.7208121827411167 0.40153846153846157 0.6916243654822335 0.40153846153846157
10 0.25 0.41307692307692306 0.27918781725888325 0.41307692307692306 0.27918781725888325 0.46076923076923076 0.25 0.46076923076923076
10 0.28743654822335024 0.41307692307692306 0.3166243654822335 0.41307692307692306 0.3166243654822335 0.46076923076923076 0.28743654822335024 0.46076923076923076
11 0.3229695431472081 0.41307692307692306 0.3445431472081218 0.41307692307692306 0.3445431472081218 0.4615384615384615 0.3229695431472081 0.4615384615384615
36 0.35406091370558374 0.41307692307692306 0.3616751269035533 0.41307692307692306 0.3616751269035533 0.44307692307692303 0.35406091370558374 0.44307692307692303
1 0.36928934010152287 0.41307692307692306 0.3883248730964467 0.41307692307692306 0.3883248730964467 0.4615384615384615 0.36928934010152287 0.4615384615384615
2 0.39593908629441626 0.41307692307692306 0.41751269035532995 0.41307692307692306 0.41751269035532995 0.4615384615384615 0.39593908629441626 0.4615384615384615
37 0.4270304568527919 0.41307692307692306 0.45621827411167515 0.41307692307692306 0.45621827411167515 0.4492307692307692 0.4270304568527919 0.4492307692307692
3 0.46256345177664976 0.41307692307692306 0.491751269035533 0.41307692307692306 0.491751269035533 0.46076923076923076 0.46256345177664976 0.46076923076923076
1 0.5 0.41307692307692306 0.5190355329949239 0.41307692307692306 0.5190355329949239 0.46076923076923076 0.5 0.46076923076923076
37 0.5272842639593909 0.41307692307692306 0.5564720812182741 0.41307692307692306 0.5564720812182741 0.44846153846153847 0.5272842639593909 0.44846153846153847
2 0.5647208121827412 0.41307692307692306 0.5862944162436549 0.41307692307692306 0.5862944162436549 0.4615384615384615 0.5647208121827412 0.4615384615384615
0 0.5939086294416244 0.41307692307692306 0.6230964467005076 0.41307692307692306 0.6230964467005076 0.46076923076923076 0.5939086294416244 0.46076923076923076
2 0.6294416243654822 0.41307692307692306 0.6586294416243654 0.41307692307692306 0.6586294416243654 0.46076923076923076 0.6294416243654822 0.46076923076923076
4 0.6656091370558376 0.41307692307692306 0.6871827411167513 0.41307692307692306 0.6871827411167513 0.4615384615384615 0.6656091370558376 0.4615384615384615
