29 0.25 0.3607692307692308 0.27918781725888325 0.3607692307692308 0.27918781725888325 0.4084615384615385 0.25 0.4084615384615385
11 0.28743654822335024 0.3607692307692308 0.30901015228426393 0.3607692307692308 0.30901015228426393 0.40923076923076923 0.28743654822335024 0.40923076923076923
26 0.31725888324873097 0.3607692307692308 0.3464467005076142 0.3607692307692308 0.3464467005076142 0.4084615384615385 0.31725888324873097 0.4084615384615385
36 0.35596446700507617 0.3607692307692308 0.36357868020304573 0.3607692307692308 0.36357868020304573 0.39 0.35596446700507617 0.39
0 0.3730964467005076 0.3607692307692308 0.4022842639593909 0.3607692307692308 0.4022842639593909 0.4084615384615385 0.3730964467005076 0.4084615384615385
5 0.41053299492385786 0.3607692307692308 0.4397208121827411 0.3607692307692308 0.4397208121827411 0.40923076923076923 0.41053299492385786 0.40923076923076923
37 0.4467005076142132 0.3607692307692308 0.47588832487309646 0.3607692307692308 0.47588832487309646 0.3961538461538462 0.4467005076142132 0.3961538461538462
0 0.48223350253807107 0.3607692307692308 0.5038071065989848 0.3607692307692308 0.5038071065989848 0.40923076923076923 0.48223350253807107 0.40923076923076923
1 0.5114213197969543 0.3607692307692308 0.5304568527918782 0.3607692307692308 0.5304568527918782 0.4084615384615385 0.5114213197969543 0.4084615384615385
37 0.5393401015228426 0.3607692307692308 0.5685279187817258 0.3607692307692308 0.5685279187817258 0.3961538461538462 0.5393401015228426 0.3961538461538462
2 0.5774111675126904 0.3607692307692308 0.6065989847715736 0.3607692307692308 0.6065989847715736 0.4084615384615385 0.5774111675126904 0.4084615384615385
0 0.6161167512690355 0.3607692307692308 0.6453045685279187 0.3607692307692308 0.6453045685279187 0.4084615384615385 0.6161167512690355 0.4084615384615385
2 0.6529187817258884 0.3607692307692308 0.6821065989847716 0.3607692307692308 0.6821065989847716 0.4084615384615385 0.6529187817258884 0.4084615384615385
5 0.6897208121827412 0.3607692307692308 0.7189086294416244 0.3607692307692308 0.7189086294416244 0.4084615384615385 0.6897208121827412 0.4084615384615385
20 0.25 0.42 0.27918781725888325 0.42 0.27918781725888325 0.4676923076923077 0.25 0.4676923076923077
27 0.28743654822335024 0.42 0.30901015228426393 0.42 0.30901015228426393 0.46923076923076923 0.28743654822335024 0.46923076923076923
12 0.3166243654822335 0.42 0.3381979695431472 0.42 0.3381979695431472 0.46846153846153843 0.3166243654822335 0.46846153846153843
36 0.3477157360406091 0.42 0.3616751269035533 0.42 0.3616751269035533 0.4553846153846154 0.3477157360406091 0.4553846153846154
1 0.3699238578680203 0.42 0.38388324873096447 0.42 0.38388324873096447 0.46923076923076923 0.3699238578680203 0.46923076923076923
2 0.39276649746192893 0.42 0.4219543147208122 0.42 0.4219543147208122 0.4676923076923077 0.39276649746192893 0.4676923076923077
37 0.4302030456852792 0.42 0.4543147208121827 0.42 0.4543147208121827 0.4492307692307692 0.4302030456852792 0.4492307692307692
0 0.4612944162436548 0.42 0.49048223350253806 0.42 0.49048223350253806 0.46846153846153843 0.4612944162436548 0.46846153846153843
3 0.4980964467005076 0.42 0.5272842639593909 0.42 0.5272842639593909 0.46846153846153843 0.4980964467005076 0.46846153846153843
37 0.5336294416243654 0.42 0.5628172588832486 0.42 0.5628172588832486 0.4553846153846154 0.5336294416243654 0.4553846153846154
2 0.5710659898477157 0.42 0.5926395939086294 0.42 0.5926395939086294 0.46846153846153843 0.5710659898477157 0.46846153846153843
0 0.6015228426395939 0.42 0.6307106598984771 0.42 0.6307106598984771 0.4676923076923077 0.6015228426395939 0.4676923076923077
2 0.6370558375634517 0.42 0.6586294416243654 0.42 0.6586294416243654 0.46846153846153843 0.6370558375634517 0.46846153846153843
4 0.6681472081218274 0.42 0.6897208121827411 0.42 0.6897208121827411 0.46846153846153843 0.6681472081218274 0.46846153846153843
