26 0.25 0.4753846153846154 0.27918781725888325 0.4753846153846154 0.27918781725888325 0.5230769230769231 0.25 0.5230769230769231
21 0.28743654822335024 0.4753846153846154 0.3166243654822335 0.4753846153846154 0.3166243654822335 0.5238461538461539 0.28743654822335024 0.5238461538461539
11 0.32423857868020306 0.4753846153846154 0.3534263959390863 0.4753846153846154 0.3534263959390863 0.5230769230769231 0.32423857868020306 0.5230769230769231
36 0.3629441624365482 0.4753846153846154 0.3756345177664974 0.4753846153846154 0.3756345177664974 0.5107692307692308 0.3629441624365482 0.5107692307692308
0 0.38515228426395937 0.4753846153846154 0.4143401015228426 0.4753846153846154 0.4143401015228426 0.5230769230769231 0.38515228426395937 0.5230769230769231
9 0.4219543147208122 0.4753846153846154 0.45114213197969544 0.4753846153846154 0.45114213197969544 0.5238461538461539 0.4219543147208122 0.5238461538461539
37 0.4606598984771574 0.4753846153846154 0.48984771573604063 0.4753846153846154 0.48984771573604063 0.5115384615384616 0.4606598984771574 0.5115384615384616
2 0.4980964467005076 0.4753846153846154 0.5196700507614214 0.4753846153846154 0.5196700507614214 0.5238461538461539 0.4980964467005076 0.5238461538461539
5 0.5291878172588832 0.4753846153846154 0.5583756345177664 0.4753846153846154 0.5583756345177664 0.5230769230769231 0.5291878172588832 0.5230769230769231
37 0.567258883248731 0.4753846153846154 0.5964467005076142 0.4753846153846154 0.5964467005076142 0.5115384615384616 0.567258883248731 0.5115384615384616
2 0.6059644670050761 0.4753846153846154 0.6351522842639593 0.4753846153846154 0.6351522842639593 0.5230769230769231 0.6059644670050761 0.5230769230769231
0 0.6440355329949239 0.4753846153846154 0.6732233502538071 0.4753846153846154 0.6732233502538071 0.5238461538461539 0.6440355329949239 0.5238461538461539
2 0.6814720812182741 0.4753846153846154 0.7106598984771573 0.4753846153846154 0.7106598984771573 0.5238461538461539 0.6814720812182741 0.5238461538461539
5 0.7195431472081218 0.4753846153846154 0.7411167512690355 0.4753846153846154 0.7411167512690355 0.5246153846153846 0.7195431472081218 0.5246153846153846
23 0.25 0.5346153846153846 0.27918781725888325 0.5346153846153846 0.27918781725888325 0.583076923076923 0.25 0.583076923076923
35 0.28743654822335024 0.5346153846153846 0.3166243654822335 0.5346153846153846 0.3166243654822335 0.5823076923076923 0.28743654822335024 0.5823076923076923
12 0.32550761421319796 0.5346153846153846 0.3546954314720812 0.5346153846153846 0.3546954314720812 0.5823076923076923 0.32550761421319796 0.5823076923076923
36 0.3635786802030457 0.5346153846153846 0.37753807106598986 0.5346153846153846 0.37753807106598986 0.57 0.3635786802030457 0.57
0 0.3870558375634518 0.5346153846153846 0.41624365482233505 0.5346153846153846 0.41624365482233505 0.5823076923076923 0.3870558375634518 0.5823076923076923
9 0.42385786802030456 0.5346153846153846 0.4530456852791878 0.5346153846153846 0.4530456852791878 0.583076923076923 0.42385786802030456 0.583076923076923
37 0.4619289340101523 0.5346153846153846 0.49111675126903553 0.5346153846153846 0.49111675126903553 0.57 0.4619289340101523 0.57
2 0.49746192893401014 0.5346153846153846 0.5190355329949239 0.5346153846153846 0.5190355329949239 0.583076923076923 0.49746192893401014 0.583076923076923
0 0.5285532994923858 0.5346153846153846 0.557741116751269 0.5346153846153846 0.557741116751269 0.5823076923076923 0.5285532994923858 0.5823076923076923
37 0.5647208121827412 0.5346153846153846 0.5939086294416244 0.5346153846153846 0.5939086294416244 0.57 0.5647208121827412 0.57
2 0.6008883248730964 0.5346153846153846 0.6300761421319796 0.5346153846153846 0.6300761421319796 0.5823076923076923 0.6008883248730964 0.5823076923076923
0 0.6364213197969543 0.5346153846153846 0.6656091370558375 0.5346153846153846 0.6656091370558375 0.5823076923076923 0.6364213197969543 0.5823076923076923
2 0.6751269035532995 0.5346153846153846 0.7043147208121827 0.5346153846153846 0.7043147208121827 0.5823076923076923 0.6751269035532995 0.5823076923076923
5 0.7106598984771574 0.5346153846153846 0.7398477157360406 0.5346153846153846 0.7398477157360406 0.5823076923076923 0.7106598984771574 0.5823076923076923
