21 0.25 0.3392307692307692 0.27918781725888325 0.3392307692307692 0.27918781725888325 0.3869230769230769 0.25 0.3869230769230769
14 0.28553299492385786 0.3392307692307692 0.3147208121827411 0.3392307692307692 0.3147208121827411 0.38769230769230767 0.28553299492385786 0.38769230769230767
23 0.3210659898477157 0.3392307692307692 0.350253807106599 0.3392307692307692 0.350253807106599 0.3869230769230769 0.3210659898477157 0.3869230769230769
36 0.35723350253807107 0.3392307692307692 0.3699238578680203 0.3392307692307692 0.3699238578680203 0.37461538461538463 0.35723350253807107 0.37461538461538463
0 0.3769035532994924 0.3392307692307692 0.39847715736040606 0.3392307692307692 0.39847715736040606 0.38769230769230767 0.3769035532994924 0.38769230769230767
4 0.4067258883248731 0.3392307692307692 0.4282994923857868 0.3392307692307692 0.4282994923857868 0.38769230769230767 0.4067258883248731 0.38769230769230767
37 0.43718274111675126 0.3392307692307692 0.4663705583756345 0.3392307692307692 0.4663705583756345 0.37461538461538463 0.43718274111675126 0.37461538461538463
0 0.47588832487309646 0.3392307692307692 0.5050761421319797 0.3392307692307692 0.5050761421319797 0.3869230769230769 0.47588832487309646 0.3869230769230769
7 0.5126903553299492 0.3392307692307692 0.5418781725888324 0.3392307692307692 0.5418781725888324 0.3869230769230769 0.5126903553299492 0.3869230769230769
37 0.5501269035532995 0.3392307692307692 0.5742385786802031 0.3392307692307692 0.5742385786802031 0.36846153846153845 0.5501269035532995 0.36846153846153845
2 0.583756345177665 0.3392307692307692 0.6053299492385786 0.3392307692307692 0.6053299492385786 0.38846153846153847 0.583756345177665 0.38846153846153847
0 0.6129441624365483 0.3392307692307692 0.6345177664974619 0.3392307692307692 0.6345177664974619 0.38769230769230767 0.6129441624365483 0.38769230769230767
2 0.641497461928934 0.3392307692307692 0.6630710659898477 0.3392307692307692 0.6630710659898477 0.38769230769230767 0.641497461928934 0.38769230769230767
5 0.6719543147208121 0.3392307692307692 0.7011421319796953 0.3392307692307692 0.7011421319796953 0.3869230769230769 0.6719543147208121 0.3869230769230769
19 0.25 0.3984615384615385 0.2715736040609137 0.3984615384615385 0.2715736040609137 0.4469230769230769 0.25 0.4469230769230769
28 0.28109137055837563 0.3984615384615385 0.3102791878172589 0.3984615384615385 0.3102791878172589 0.4461538461538462 0.28109137055837563 0.4461538461538462
27 0.31725888324873097 0.3984615384615385 0.3464467005076142 0.3984615384615385 0.3464467005076142 0.4461538461538462 0.31725888324873097 0.4461538461538462
36 0.3546954314720812 0.3984615384615385 0.3686548223350254 0.3984615384615385 0.3686548223350254 0.4338461538461539 0.3546954314720812 0.4338461538461539
1 0.375 0.3984615384615385 0.3889593908629442 0.3984615384615385 0.3889593908629442 0.4469230769230769 0.375 0.4469230769230769
2 0.3965736040609137 0.3984615384615385 0.42576142131979694 0.3984615384615385 0.42576142131979694 0.4461538461538462 0.3965736040609137 0.4461538461538462
37 0.4346446700507614 0.3984615384615385 0.46383248730964466 0.3984615384615385 0.46383248730964466 0.4338461538461539 0.4346446700507614 0.4338461538461539
2 0.4714467005076142 0.3984615384615385 0.5006345177664975 0.3984615384615385 0.5006345177664975 0.4469230769230769 0.4714467005076142 0.4469230769230769
4 0.5101522842639594 0.3984615384615385 0.5393401015228426 0.3984615384615385 0.5393401015228426 0.4461538461538462 0.5101522842639594 0.4461538461538462
37 0.5463197969543148 0.3984615384615385 0.575507614213198 0.3984615384615385 0.575507614213198 0.4338461538461539 0.5463197969543148 0.4338461538461539
2 0.5850253807106599 0.3984615384615385 0.6065989847715736 0.3984615384615385 0.6065989847715736 0.4469230769230769 0.5850253807106599 0.4469230769230769
0 0.6154822335025381 0.3984615384615385 0.6446700507614213 0.3984615384615385 0.6446700507614213 0.4461538461538462 0.6154822335025381 0.4461538461538462
2 0.6510152284263959 0.3984615384615385 0.6802030456852791 0.3984615384615385 0.6802030456852791 0.4469230769230769 0.6510152284263959 0.4469230769230769
4 0.6884517766497462 0.3984615384615385 0.7100253807106599 0.3984615384615385 0.7100253807106599 0.4461538461538462 0.6884517766497462 0.4461538461538462
