13 0.25 0.33692307692307694 0.27918781725888325 0.33692307692307694 0.27918781725888325 0.3853846153846154 0.25 0.3853846153846154
21 0.2880710659898477 0.33692307692307694 0.31725888324873097 0.33692307692307694 0.31725888324873097 0.38461538461538464 0.2880710659898477 0.38461538461538464
15 0.3236040609137056 0.33692307692307694 0.35279187817258884 0.33692307692307694 0.35279187817258884 0.38461538461538464 0.3236040609137056 0.38461538461538464
36 0.35913705583756345 0.33692307692307694 0.3730964467005076 0.33692307692307694 0.3730964467005076 0.37230769230769234 0.35913705583756345 0.37230769230769234
0 0.37944162436548223 0.33692307692307694 0.4086294416243655 0.33692307692307694 0.4086294416243655 0.3853846153846154 0.37944162436548223 0.3853846153846154
4 0.4149746192893401 0.33692307692307694 0.4365482233502538 0.33692307692307694 0.4365482233502538 0.38461538461538464 0.4149746192893401 0.38461538461538464
37 0.44352791878172587 0.33692307692307694 0.4727157360406091 0.33692307692307694 0.4727157360406091 0.37230769230769234 0.44352791878172587 0.37230769230769234
3 0.4803299492385787 0.33692307692307694 0.5095177664974619 0.33692307692307694 0.5095177664974619 0.3853846153846154 0.4803299492385787 0.3853846153846154
0 0.5158629441624365 0.33692307692307694 0.5450507614213197 0.33692307692307694 0.5450507614213197 0.38461538461538464 0.5158629441624365 0.38461538461538464
37 0.5513959390862944 0.33692307692307694 0.5805837563451776 0.33692307692307694 0.5805837563451776 0.37230769230769234 0.5513959390862944 0.37230769230769234
2 0.5869289340101523 0.33692307692307694 0.6161167512690355 0.33692307692307694 0.6161167512690355 0.38461538461538464 0.5869289340101523 0.38461538461538464
0 0.625 0.33692307692307694 0.6541878172588832 0.33692307692307694 0.6541878172588832 0.38461538461538464 0.625 0.38461538461538464
2 0.6637055837563451 0.33692307692307694 0.6928934010152283 0.33692307692307694 0.6928934010152283 0.38461538461538464 0.6637055837563451 0.38461538461538464
5 0.700507614213198 0.33692307692307694 0.7220812182741116 0.33692307692307694 0.7220812182741116 0.3861538461538462 0.700507614213198 0.3861538461538462
32 0.25 0.39615384615384613 0.27918781725888325 0.39615384615384613 0.27918781725888325 0.44384615384615383 0.25 0.44384615384615383
11 0.28553299492385786 0.39615384615384613 0.30710659898477155 0.39615384615384613 0.30710659898477155 0.4453846153846154 0.28553299492385786 0.4453846153846154
33 0.3147208121827411 0.39615384615384613 0.3362944162436548 0.39615384615384613 0.3362944162436548 0.4446153846153846 0.3147208121827411 0.4446153846153846
36 0.34454314720812185 0.39615384615384613 0.35723350253807107 0.39615384615384613 0.35723350253807107 0.43153846153846154 0.34454314720812185 0.43153846153846154
0 0.3635786802030457 0.39615384615384613 0.39276649746192893 0.39615384615384613 0.39276649746192893 0.44384615384615383 0.3635786802030457 0.44384615384615383
8 0.4016497461928934 0.39615384615384613 0.4232233502538071 0.39615384615384613 0.4232233502538071 0.4446153846153846 0.4016497461928934 0.4446153846153846
37 0.4302030456852792 0.39615384615384613 0.4593908629441624 0.39615384615384613 0.4593908629441624 0.43153846153846154 0.4302030456852792 0.43153846153846154
0 0.46890862944162437 0.39615384615384613 0.4980964467005076 0.39615384615384613 0.4980964467005076 0.44384615384615383 0.46890862944162437 0.44384615384615383
4 0.5063451776649747 0.39615384615384613 0.5279187817258884 0.39615384615384613 0.5279187817258884 0.4446153846153846 0.5063451776649747 0.4446153846153846
37 0.5368020304568528 0.39615384615384613 0.565989847715736 0.39615384615384613 0.565989847715736 0.43153846153846154 0.5368020304568528 0.43153846153846154
2 0.5729695431472082 0.39615384615384613 0.6021573604060914 0.39615384615384613 0.6021573604060914 0.44384615384615383 0.5729695431472082 0.44384615384615383
0 0.6116751269035533 0.39615384615384613 0.633248730964467 0.39615384615384613 0.633248730964467 0.4453846153846154 0.6116751269035533 0.4453846153846154
2 0.6421319796954315 0.39615384615384613 0.6713197969543147 0.39615384615384613 0.6713197969543147 0.4446153846153846 0.6421319796954315 0.4446153846153846
5 0.6789340101522843 0.39615384615384613 0.7081218274111675 0.39615384615384613 0.7081218274111675 0.44384615384615383 0.6789340101522843 0.44384615384615383
