20 0.25 0.36846153846153845 0.27918781725888325 0.36846153846153845 0.27918781725888325 0.41615384615384615 0.25 0.41615384615384615
33 0.2880710659898477 0.36846153846153845 0.31725888324873097 0.36846153846153845 0.31725888324873097 0.41615384615384615 0.2880710659898477 0.41615384615384615
30 0.3248730964467005 0.36846153846153845 0.34644670050761417 0.36846153846153845 0.34644670050761417 0.4169230769230769 0.3248730964467005 0.4169230769230769
36 0.3534263959390863 0.36846153846153845 0.3610406091370559 0.36846153846153845 0.3610406091370559 0.3992307692307692 0.3534263959390863 0.3992307692307692
0 0.37055837563451777 0.36846153846153845 0.399746192893401 0.36846153846153845 0.399746192893401 0.41615384615384615 0.37055837563451777 0.41615384615384615
9 0.4086294416243655 0.36846153846153845 0.43781725888324874 0.36846153846153845 0.43781725888324874 0.41615384615384615 0.4086294416243655 0.41615384615384615
37 0.4467005076142132 0.36846153846153845 0.47588832487309646 0.36846153846153845 0.47588832487309646 0.40384615384615385 0.4467005076142132 0.40384615384615385
0 0.48286802030456855 0.36846153846153845 0.5120558375634517 0.36846153846153845 0.5120558375634517 0.41615384615384615 0.48286802030456855 0.41615384615384615
2 0.5190355329949239 0.36846153846153845 0.5482233502538071 0.36846153846153845 0.5482233502538071 0.4169230769230769 0.5190355329949239 0.4169230769230769
37 0.5564720812182741 0.36846153846153845 0.5856598984771573 0.36846153846153845 0.5856598984771573 0.40384615384615385 0.5564720812182741 0.40384615384615385
2 0.5945431472081218 0.36846153846153845 0.623730964467005 0.36846153846153845 0.623730964467005 0.41615384615384615 0.5945431472081218 0.41615384615384615
0 0.6326142131979695 0.36846153846153845 0.6541878172588832 0.36846153846153845 0.6541878172588832 0.4176923076923077 0.6326142131979695 0.4176923076923077
2 0.6637055837563451 0.36846153846153845 0.6928934010152283 0.36846153846153845 0.6928934010152283 0.41615384615384615 0.6637055837563451 0.41615384615384615
5 0.6998730964467005 0.36846153846153845 0.7290609137055837 0.36846153846153845 0.7290609137055837 0.4169230769230769 0.6998730964467005 0.4169230769230769
34 0.25 0.4276923076923077 0.2715736040609137 0.4276923076923077 0.2715736040609137 0.47615384615384615 0.25 0.47615384615384615
13 0.28109137055837563 0.4276923076923077 0.3026649746192893 0.4276923076923077 0.3026649746192893 0.47615384615384615 0.28109137055837563 0.47615384615384615
16 0.3096446700507614 0.4276923076923077 0.33883248730964466 0.4276923076923077 0.33883248730964466 0.47615384615384615 0.3096446700507614 0.47615384615384615
36 0.34517766497461927 0.4276923076923077 0.35913705583756345 0.4276923076923077 0.35913705583756345 0.4630769230769231 0.34517766497461927 0.4630769230769231
0 0.36611675126903553 0.4276923076923077 0.3953045685279188 0.4276923076923077 0.3953045685279188 0.4753846153846154 0.36611675126903553 0.4753846153846154
2 0.40482233502538073 0.4276923076923077 0.434010152284264 0.4276923076923077 0.434010152284264 0.47615384615384615 0.40482233502538073 0.47615384615384615
37 0.44225888324873097 0.4276923076923077 0.4714467005076142 0.4276923076923077 0.4714467005076142 0.4630769230769231 0.44225888324873097 0.4630769230769231
0 0.48096446700507617 0.4276923076923077 0.5101522842639594 0.4276923076923077 0.5101522842639594 0.4753846153846154 0.48096446700507617 0.4753846153846154
9 0.5171319796954315 0.4276923076923077 0.5463197969543147 0.4276923076923077 0.5463197969543147 0.4753846153846154 0.5171319796954315 0.4753846153846154
37 0.5552030456852792 0.4276923076923077 0.5843908629441624 0.4276923076923077 0.5843908629441624 0.46384615384615385 0.5552030456852792 0.46384615384615385
2 0.5907360406091371 0.4276923076923077 0.6123096446700508 0.4276923076923077 0.6123096446700508 0.47692307692307695 0.5907360406091371 0.47692307692307695
0 0.6211928934010152 0.4276923076923077 0.6503807106598984 0.4276923076923077 0.6503807106598984 0.47615384615384615 0.6211928934010152 0.47615384615384615
2 0.6586294416243654 0.4276923076923077 0.6878172588832486 0.4276923076923077 0.6878172588832486 0.4753846153846154 0.6586294416243654 0.4753846153846154
5 0.6973350253807107 0.4276923076923077 0.7189086294416244 0.4276923076923077 0.7189086294416244 0.47615384615384615 0.6973350253807107 0.47615384615384615
