20 0.25 0.5430769230769231 0.2715736040609137 0.5430769230769231 0.2715736040609137 0.5923076923076923 0.25 0.5923076923076923
34 0.27982233502538073 0.5430769230769231 0.309010152284264 0.5430769230769231 0.309010152284264 0.5907692307692308 0.27982233502538073 0.5907692307692308
19 0.3153553299492386 0.5430769230769231 0.34454314720812185 0.5430769230769231 0.34454314720812185 0.5907692307692308 0.3153553299492386 0.5907692307692308
36 0.35279187817258884 0.5430769230769231 0.3604060913705584 0.5430769230769231 0.3604060913705584 0.5730769230769232 0.35279187817258884 0.5730769230769232
0 0.36738578680203043 0.5430769230769231 0.3965736040609137 0.5430769230769231 0.3965736040609137 0.5907692307692308 0.36738578680203043 0.5907692307692308
3 0.4035532994923858 0.5430769230769231 0.43274111675126903 0.5430769230769231 0.43274111675126903 0.5907692307692308 0.4035532994923858 0.5907692307692308
37 0.43908629441624364 0.5430769230769231 0.4682741116751269 0.5430769230769231 0.4682741116751269 0.5792307692307693 0.43908629441624364 0.5792307692307693
3 0.4746192893401015 0.5430769230769231 0.5038071065989848 0.5430769230769231 0.5038071065989848 0.5907692307692308 0.4746192893401015 0.5907692307692308
1 0.5107868020304569 0.5430769230769231 0.5298223350253808 0.5430769230769231 0.5298223350253808 0.5907692307692308 0.5107868020304569 0.5907692307692308
37 0.5387055837563451 0.5430769230769231 0.5678934010152283 0.5430769230769231 0.5678934010152283 0.5784615384615385 0.5387055837563451 0.5784615384615385
2 0.5767766497461929 0.5430769230769231 0.5983502538071066 0.5430769230769231 0.5983502538071066 0.5923076923076923 0.5767766497461929 0.5923076923076923
0 0.6078680203045685 0.5430769230769231 0.6294416243654822 0.5430769230769231 0.6294416243654822 0.5915384615384616 0.6078680203045685 0.5915384615384616
2 0.6389593908629442 0.5430769230769231 0.6681472081218274 0.5430769230769231 0.6681472081218274 0.5907692307692308 0.6389593908629442 0.5907692307692308
5 0.6751269035532995 0.5430769230769231 0.7043147208121827 0.5430769230769231 0.7043147208121827 0.5907692307692308 0.6751269035532995 0.5907692307692308
28 0.25 0.6023076923076923 0.2715736040609137 0.6023076923076923 0.2715736040609137 0.6507692307692308 0.25 0.6507692307692308
26 0.27982233502538073 0.6023076923076923 0.3013959390862944 0.6023076923076923 0.3013959390862944 0.6507692307692308 0.27982233502538073 0.6507692307692308
33 0.31091370558375636 0.6023076923076923 0.3401015228426396 0.6023076923076923 0.3401015228426396 0.65 0.31091370558375636 0.65
36 0.3470812182741117 0.6023076923076923 0.3597715736040609 0.6023076923076923 0.3597715736040609 0.6376923076923077 0.3470812182741117 0.6376923076923077
0 0.3686548223350254 0.6023076923076923 0.39784263959390864 0.6023076923076923 0.39784263959390864 0.65 0.3686548223350254 0.65
7 0.4067258883248731 0.6023076923076923 0.4282994923857868 0.6023076923076923 0.4282994923857868 0.6507692307692308 0.4067258883248731 0.6507692307692308
37 0.4365482233502538 0.6023076923076923 0.46573604060913704 0.6023076923076923 0.46573604060913704 0.6376923076923077 0.4365482233502538 0.6376923076923077
3 0.4720812182741117 0.6023076923076923 0.501269035532995 0.6023076923076923 0.501269035532995 0.6507692307692308 0.4720812182741117 0.6507692307692308
0 0.5107868020304569 0.6023076923076923 0.5399746192893401 0.6023076923076923 0.5399746192893401 0.65 0.5107868020304569 0.65
37 0.5488578680203046 0.6023076923076923 0.5780456852791878 0.6023076923076923 0.5780456852791878 0.6369230769230769 0.5488578680203046 0.6369230769230769
2 0.5850253807106599 0.6023076923076923 0.6142131979695431 0.6023076923076923 0.6142131979695431 0.65 0.5850253807106599 0.65
0 0.6205583756345178 0.6023076923076923 0.649746192893401 0.6023076923076923 0.649746192893401 0.65 0.6205583756345178 0.65
2 0.6567258883248731 0.6023076923076923 0.6782994923857868 0.6023076923076923 0.6782994923857868 0.6507692307692308 0.6567258883248731 0.6507692307692308
5 0.6865482233502538 0.6023076923076923 0.715736040609137 0.6023076923076923 0.715736040609137 0.65 0.6865482233502538 0.65
