10 0.25 0.56 0.27918781725888325 0.56 0.27918781725888325 0.6076923076923078 0.25 0.6076923076923078
19 0.2887055837563452 0.56 0.3102791878172589 0.56 0.3102791878172589 0.6084615384615385 0.2887055837563452 0.6084615384615385
25 0.3197969543147208 0.56 0.3413705583756345 0.56 0.3413705583756345 0.6084615384615385 0.3197969543147208 0.6084615384615385
36 0.3496192893401015 0.56 0.3635786802030457 0.56 0.3635786802030457 0.5961538461538463 0.3496192893401015 0.5961538461538463
0 0.3730964467005076 0.56 0.4022842639593909 0.56 0.4022842639593909 0.6076923076923078 0.3730964467005076 0.6076923076923078
9 0.41053299492385786 0.56 0.4397208121827411 0.56 0.4397208121827411 0.6076923076923078 0.41053299492385786 0.6076923076923078
37 0.4486040609137056 0.56 0.47779187817258884 0.56 0.47779187817258884 0.5946153846153847 0.4486040609137056 0.5946153846153847
1 0.4854060913705584 0.56 0.4993654822335026 0.56 0.4993654822335026 0.6076923076923078 0.4854060913705584 0.6076923076923078
2 0.508248730964467 0.56 0.5374365482233502 0.56 0.5374365482233502 0.6076923076923078 0.508248730964467 0.6076923076923078
37 0.5456852791878173 0.56 0.5748730964467005 0.56 0.5748730964467005 0.5953846153846154 0.5456852791878173 0.5953846153846154
2 0.5824873096446701 0.56 0.6116751269035533 0.56 0.6116751269035533 0.6076923076923078 0.5824873096446701 0.6076923076923078
0 0.6199238578680203 0.56 0.6491116751269035 0.56 0.6491116751269035 0.6076923076923078 0.6199238578680203 0.6076923076923078
2 0.6579949238578681 0.56 0.6795685279187818 0.56 0.6795685279187818 0.6084615384615385 0.6579949238578681 0.6084615384615385
5 0.6865482233502538 0.56 0.715736040609137 0.56 0.715736040609137 0.6076923076923078 0.6865482233502538 0.6076923076923078
25 0.25 0.6192307692307693 0.2715736040609137 0.6192307692307693 0.2715736040609137 0.6676923076923077 0.25 0.6676923076923077
24 0.2785532994923858 0.6192307692307693 0.30774111675126903 0.6192307692307693 0.30774111675126903 0.6676923076923077 0.2785532994923858 0.6676923076923077
25 0.31408629441624364 0.6192307692307693 0.3432741116751269 0.6192307692307693 0.3432741116751269 0.666923076923077 0.31408629441624364 0.666923076923077
36 0.35279187817258884 0.6192307692307693 0.36548223350253806 0.6192307692307693 0.36548223350253806 0.6546153846153846 0.35279187817258884 0.6546153846153846
0 0.37246192893401014 0.6192307692307693 0.4016497461928934 0.6192307692307693 0.4016497461928934 0.666923076923077 0.37246192893401014 0.666923076923077
1 0.40926395939086296 0.6192307692307693 0.42322335025380714 0.6192307692307693 0.42322335025380714 0.6676923076923077 0.40926395939086296 0.6676923076923077
37 0.43210659898477155 0.6192307692307693 0.4612944162436548 0.6192307692307693 0.4612944162436548 0.6546153846153846 0.43210659898477155 0.6546153846153846
2 0.4682741116751269 0.6192307692307693 0.49746192893401014 0.6192307692307693 0.49746192893401014 0.666923076923077 0.4682741116751269 0.666923076923077
1 0.5057106598984772 0.6192307692307693 0.5247461928934011 0.6192307692307693 0.5247461928934011 0.666923076923077 0.5057106598984772 0.666923076923077
37 0.5317258883248731 0.6192307692307693 0.5609137055837563 0.6192307692307693 0.5609137055837563 0.6546153846153846 0.5317258883248731 0.6546153846153846
2 0.5697969543147208 0.6192307692307693 0.598984771573604 0.6192307692307693 0.598984771573604 0.666923076923077 0.5697969543147208 0.666923076923077
0 0.6059644670050761 0.6192307692307693 0.6351522842639593 0.6192307692307693 0.6351522842639593 0.6676923076923077 0.6059644670050761 0.6676923076923077
2 0.6421319796954315 0.6192307692307693 0.6637055837563451 0.6192307692307693 0.6637055837563451 0.6676923076923077 0.6421319796954315 0.6676923076923077
5 0.6719543147208121 0.6192307692307693 0.6935279187817258 0.6192307692307693 0.6935279187817258 0.6676923076923077 0.6719543147208121 0.6676923076923077
