31 0.25 0.3553846153846154 0.27918781725888325 0.3553846153846154 0.27918781725888325 0.4030769230769231 0.25 0.4030769230769231
21 0.2887055837563452 0.3553846153846154 0.31789340101522845 0.3553846153846154 0.31789340101522845 0.40384615384615385 0.2887055837563452 0.40384615384615385
14 0.32614213197969544 0.3553846153846154 0.3553299492385787 0.3553846153846154 0.3553299492385787 0.4030769230769231 0.32614213197969544 0.4030769230769231
36 0.3616751269035533 0.3553846153846154 0.3743654822335025 0.3553846153846154 0.3743654822335025 0.3907692307692308 0.3616751269035533 0.3907692307692308
0 0.3819796954314721 0.3553846153846154 0.41116751269035534 0.3553846153846154 0.41116751269035534 0.4030769230769231 0.3819796954314721 0.4030769230769231
7 0.4206852791878173 0.3553846153846154 0.44225888324873097 0.3553846153846154 0.44225888324873097 0.40384615384615385 0.4206852791878173 0.40384615384615385
37 0.4498730964467005 0.3553846153846154 0.47906091370558374 0.3553846153846154 0.47906091370558374 0.3907692307692308 0.4498730964467005 0.3907692307692308
2 0.4879441624365482 0.3553846153846154 0.5171319796954315 0.3553846153846154 0.5171319796954315 0.4030769230769231 0.4879441624365482 0.4030769230769231
6 0.5266497461928934 0.3553846153846154 0.5482233502538071 0.3553846153846154 0.5482233502538071 0.40461538461538465 0.5266497461928934 0.40461538461538465
37 0.5552030456852792 0.3553846153846154 0.5843908629441624 0.3553846153846154 0.5843908629441624 0.39 0.5552030456852792 0.39
2 0.5913705583756346 0.3553846153846154 0.6205583756345178 0.3553846153846154 0.6205583756345178 0.4030769230769231 0.5913705583756346 0.4030769230769231
0 0.6281725888324873 0.3553846153846154 0.6573604060913705 0.3553846153846154 0.6573604060913705 0.4030769230769231 0.6281725888324873 0.4030769230769231
2 0.6643401015228426 0.3553846153846154 0.6859137055837563 0.3553846153846154 0.6859137055837563 0.40384615384615385 0.6643401015228426 0.40384615384615385
5 0.6941624365482234 0.3553846153846154 0.7157360406091371 0.3553846153846154 0.7157360406091371 0.40384615384615385 0.6941624365482234 0.40384615384615385
20 0.25 0.4146153846153846 0.27918781725888325 0.4146153846153846 0.27918781725888325 0.4623076923076923 0.25 0.4623076923076923
15 0.28616751269035534 0.4146153846153846 0.3153553299492386 0.4146153846153846 0.3153553299492386 0.4623076923076923 0.28616751269035534 0.4623076923076923
19 0.32423857868020306 0.4146153846153846 0.3534263959390863 0.4146153846153846 0.3534263959390863 0.4623076923076923 0.32423857868020306 0.4623076923076923
36 0.3604060913705584 0.4146153846153846 0.36802030456852797 0.4146153846153846 0.36802030456852797 0.44461538461538463 0.3604060913705584 0.44461538461538463
0 0.3743654822335025 0.4146153846153846 0.4035532994923858 0.4146153846153846 0.4035532994923858 0.46307692307692305 0.3743654822335025 0.46307692307692305
7 0.41243654822335024 0.4146153846153846 0.4416243654822335 0.4146153846153846 0.4416243654822335 0.4623076923076923 0.41243654822335024 0.4623076923076923
37 0.44923857868020306 0.4146153846153846 0.4784263959390863 0.4146153846153846 0.4784263959390863 0.45076923076923076 0.44923857868020306 0.45076923076923076
2 0.4873096446700508 0.4146153846153846 0.516497461928934 0.4146153846153846 0.516497461928934 0.4623076923076923 0.4873096446700508 0.4623076923076923
0 0.5241116751269036 0.4146153846153846 0.5456852791878173 0.4146153846153846 0.5456852791878173 0.46307692307692305 0.5241116751269036 0.46307692307692305
37 0.5552030456852792 0.4146153846153846 0.5793147208121828 0.4146153846153846 0.5793147208121828 0.44384615384615383 0.5552030456852792 0.44384615384615383
2 0.5881979695431472 0.4146153846153846 0.6097715736040609 0.4146153846153846 0.6097715736040609 0.46307692307692305 0.5881979695431472 0.46307692307692305
0 0.616751269035533 0.4146153846153846 0.6459390862944162 0.4146153846153846 0.6459390862944162 0.4623076923076923 0.616751269035533 0.4623076923076923
2 0.6529187817258884 0.4146153846153846 0.674492385786802 0.4146153846153846 0.674492385786802 0.46307692307692305 0.6529187817258884 0.46307692307692305
5 0.682741116751269 0.4146153846153846 0.7119289340101522 0.4146153846153846 0.7119289340101522 0.46307692307692305 0.682741116751269 0.46307692307692305
