15 0.25 0.37384615384615383 0.27918781725888325 0.37384615384615383 0.27918781725888325 0.42153846153846153 0.25 0.42153846153846153
31 0.28616751269035534 0.37384615384615383 0.3153553299492386 0.37384615384615383 0.3153553299492386 0.42153846153846153 0.28616751269035534 0.42153846153846153
13 0.32423857868020306 0.37384615384615383 0.34581218274111675 0.37384615384615383 0.34581218274111675 0.4223076923076923 0.32423857868020306 0.4223076923076923
36 0.3534263959390863 0.37384615384615383 0.36611675126903553 0.37384615384615383 0.36611675126903553 0.40923076923076923 0.3534263959390863 0.40923076923076923
0 0.3756345177664975 0.37384615384615383 0.40482233502538073 0.37384615384615383 0.40482233502538073 0.42153846153846153 0.3756345177664975 0.42153846153846153
3 0.4118020304568528 0.37384615384615383 0.44098984771573607 0.37384615384615383 0.44098984771573607 0.4223076923076923 0.4118020304568528 0.4223076923076923
37 0.44923857868020306 0.37384615384615383 0.4784263959390863 0.37384615384615383 0.4784263959390863 0.41 0.44923857868020306 0.41
0 0.4847715736040609 0.37384615384615383 0.5139593908629442 0.37384615384615383 0.5139593908629442 0.42153846153846153 0.4847715736040609 0.42153846153846153
3 0.5228426395939086 0.37384615384615383 0.5520304568527918 0.37384615384615383 0.5520304568527918 0.42153846153846153 0.5228426395939086 0.42153846153846153
37 0.5609137055837563 0.37384615384615383 0.5901015228426395 0.37384615384615383 0.5901015228426395 0.40923076923076923 0.5609137055837563 0.40923076923076923
2 0.5996192893401016 0.37384615384615383 0.6288071065989848 0.37384615384615383 0.6288071065989848 0.42153846153846153 0.5996192893401016 0.42153846153846153
0 0.6364213197969543 0.37384615384615383 0.6656091370558375 0.37384615384615383 0.6656091370558375 0.42153846153846153 0.6364213197969543 0.42153846153846153
2 0.6738578680203046 0.37384615384615383 0.7030456852791878 0.37384615384615383 0.7030456852791878 0.4223076923076923 0.6738578680203046 0.4223076923076923
5 0.7125634517766497 0.37384615384615383 0.7341370558375634 0.37384615384615383 0.7341370558375634 0.4223076923076923 0.7125634517766497 0.4223076923076923
11 0.25 0.4330769230769231 0.2715736040609137 0.4330769230769231 0.2715736040609137 0.4815384615384615 0.25 0.4815384615384615
28 0.28045685279187815 0.4330769230769231 0.3096446700507614 0.4330769230769231 0.3096446700507614 0.4807692307692308 0.28045685279187815 0.4807692307692308
15 0.31789340101522845 0.4330769230769231 0.3470812182741117 0.4330769230769231 0.3470812182741117 0.4807692307692308 0.31789340101522845 0.4807692307692308
36 0.3546954314720812 0.4330769230769231 0.36738578680203043 0.4330769230769231 0.36738578680203043 0.4684615384615385 0.3546954314720812 0.4684615384615385
0 0.3743654822335025 0.4330769230769231 0.4035532994923858 0.4330769230769231 0.4035532994923858 0.4807692307692308 0.3743654822335025 0.4807692307692308
8 0.4130710659898477 0.4330769230769231 0.44225888324873097 0.4330769230769231 0.44225888324873097 0.4815384615384615 0.4130710659898477 0.4815384615384615
37 0.4517766497461929 0.4330769230769231 0.48096446700507617 0.4330769230769231 0.48096446700507617 0.4684615384615385 0.4517766497461929 0.4684615384615385
0 0.49048223350253806 0.4330769230769231 0.5120558375634517 0.4330769230769231 0.5120558375634517 0.4815384615384615 0.49048223350253806 0.4815384615384615
6 0.5190355329949239 0.4330769230769231 0.5406091370558376 0.4330769230769231 0.5406091370558376 0.4815384615384615 0.5190355329949239 0.4815384615384615
37 0.5482233502538071 0.4330769230769231 0.5774111675126903 0.4330769230769231 0.5774111675126903 0.4684615384615385 0.5482233502538071 0.4684615384615385
2 0.5843908629441624 0.4330769230769231 0.6135786802030456 0.4330769230769231 0.6135786802030456 0.4807692307692308 0.5843908629441624 0.4807692307692308
0 0.6218274111675127 0.4330769230769231 0.6510152284263959 0.4330769230769231 0.6510152284263959 0.4807692307692308 0.6218274111675127 0.4807692307692308
2 0.6579949238578681 0.4330769230769231 0.6871827411167513 0.4330769230769231 0.6871827411167513 0.4807692307692308 0.6579949238578681 0.4807692307692308
5 0.6947969543147208 0.4330769230769231 0.7163705583756345 0.4330769230769231 0.7163705583756345 0.4823076923076923 0.6947969543147208 0.4823076923076923
