25 0.25 0.5546153846153846 0.27918781725888325 0.5546153846153846 0.27918781725888325 0.6023076923076923 0.25 0.6023076923076923
34 0.28616751269035534 0.5546153846153846 0.3153553299492386 0.5546153846153846 0.3153553299492386 0.6023076923076923 0.28616751269035534 0.6023076923076923
35 0.3248730964467005 0.5546153846153846 0.35406091370558374 0.5546153846153846 0.35406091370558374 0.6023076923076923 0.3248730964467005 0.6023076923076923
36 0.3629441624365482 0.5546153846153846 0.37055837563451777 0.5546153846153846 0.37055837563451777 0.5853846153846154 0.3629441624365482 0.5853846153846154
0 0.37880710659898476 0.5546153846153846 0.407994923857868 0.5546153846153846 0.407994923857868 0.6023076923076923 0.37880710659898476 0.6023076923076923
5 0.41751269035532995 0.5546153846153846 0.4467005076142132 0.5546153846153846 0.4467005076142132 0.6030769230769231 0.41751269035532995 0.6030769230769231
37 0.45558375634517767 0.5546153846153846 0.4847715736040609 0.5546153846153846 0.4847715736040609 0.59 0.45558375634517767 0.59
2 0.49428934010152287 0.5546153846153846 0.5234771573604061 0.5546153846153846 0.5234771573604061 0.6030769230769231 0.49428934010152287 0.6030769230769231
2 0.5304568527918782 0.5546153846153846 0.5520304568527918 0.5546153846153846 0.5520304568527918 0.6030769230769231 0.5304568527918782 0.6030769230769231
37 0.5615482233502538 0.5546153846153846 0.590736040609137 0.5546153846153846 0.590736040609137 0.59 0.5615482233502538 0.59
2 0.5989847715736041 0.5546153846153846 0.6281725888324873 0.5546153846153846 0.6281725888324873 0.6023076923076923 0.5989847715736041 0.6023076923076923
0 0.6370558375634517 0.5546153846153846 0.6586294416243654 0.5546153846153846 0.6586294416243654 0.6030769230769231 0.6370558375634517 0.6030769230769231
2 0.6656091370558376 0.5546153846153846 0.6871827411167513 0.5546153846153846 0.6871827411167513 0.6038461538461538 0.6656091370558376 0.6038461538461538
5 0.6960659898477157 0.5546153846153846 0.7252538071065989 0.5546153846153846 0.7252538071065989 0.6023076923076923 0.6960659898477157 0.6023076923076923
10 0.25 0.6138461538461538 0.27918781725888325 0.6138461538461538 0.27918781725888325 0.6623076923076923 0.25 0.6623076923076923
28 0.2880710659898477 0.6138461538461538 0.31725888324873097 0.6138461538461538 0.31725888324873097 0.6623076923076923 0.2880710659898477 0.6623076923076923
26 0.3248730964467005 0.6138461538461538 0.34644670050761417 0.6138461538461538 0.34644670050761417 0.6623076923076923 0.3248730964467005 0.6623076923076923
36 0.3534263959390863 0.6138461538461538 0.3673857868020305 0.6138461538461538 0.3673857868020305 0.65 0.3534263959390863 0.65
0 0.3743654822335025 0.6138461538461538 0.4035532994923858 0.6138461538461538 0.4035532994923858 0.6615384615384615 0.3743654822335025 0.6615384615384615
5 0.41053299492385786 0.6138461538461538 0.4397208121827411 0.6138461538461538 0.4397208121827411 0.6615384615384615 0.41053299492385786 0.6615384615384615
37 0.4467005076142132 0.6138461538461538 0.47588832487309646 0.6138461538461538 0.47588832487309646 0.6492307692307692 0.4467005076142132 0.6492307692307692
0 0.48413705583756345 0.6138461538461538 0.5133248730964467 0.6138461538461538 0.5133248730964467 0.6615384615384615 0.48413705583756345 0.6615384615384615
8 0.5215736040609137 0.6138461538461538 0.5431472081218274 0.6138461538461538 0.5431472081218274 0.6623076923076923 0.5215736040609137 0.6623076923076923
37 0.549492385786802 0.6138461538461538 0.5786802030456852 0.6138461538461538 0.5786802030456852 0.65 0.549492385786802 0.65
2 0.5881979695431472 0.6138461538461538 0.6097715736040609 0.6138461538461538 0.6097715736040609 0.6623076923076923 0.5881979695431472 0.6623076923076923
0 0.6173857868020305 0.6138461538461538 0.6465736040609137 0.6138461538461538 0.6465736040609137 0.6615384615384615 0.6173857868020305 0.6615384615384615
2 0.6554568527918782 0.6138461538461538 0.6846446700507614 0.6138461538461538 0.6846446700507614 0.6623076923076923 0.6554568527918782 0.6623076923076923
5 0.6928934010152284 0.6138461538461538 0.7144670050761421 0.6138461538461538 0.7144670050761421 0.6623076923076923 0.6928934010152284 0.6623076923076923
