35 0.25 0.4846153846153846 0.2715736040609137 0.4846153846153846 0.2715736040609137 0.5330769230769231 0.25 0.5330769230769231
23 0.27918781725888325 0.4846153846153846 0.30076142131979694 0.4846153846153846 0.30076142131979694 0.5330769230769231 0.27918781725888325 0.5330769230769231
28 0.30710659898477155 0.4846153846153846 0.32868020304568524 0.4846153846153846 0.32868020304568524 0.5330769230769231 0.30710659898477155 0.5330769230769231
36 0.3362944162436548 0.4846153846153846 0.350253807106599 0.4846153846153846 0.350253807106599 0.52 0.3362944162436548 0.52
0 0.35786802030456855 0.4846153846153846 0.3870558375634518 0.4846153846153846 0.3870558375634518 0.5323076923076923 0.35786802030456855 0.5323076923076923
8 0.3946700507614213 0.4846153846153846 0.42385786802030456 0.4846153846153846 0.42385786802030456 0.5323076923076923 0.3946700507614213 0.5323076923076923
37 0.4302030456852792 0.4846153846153846 0.4593908629441624 0.4846153846153846 0.4593908629441624 0.52 0.4302030456852792 0.52
0 0.4663705583756345 0.4846153846153846 0.49555837563451777 0.4846153846153846 0.49555837563451777 0.5323076923076923 0.4663705583756345 0.5323076923076923
1 0.5044416243654822 0.4846153846153846 0.5190355329949239 0.4846153846153846 0.5190355329949239 0.5330769230769231 0.5044416243654822 0.5330769230769231
37 0.5253807106598984 0.4846153846153846 0.5545685279187816 0.4846153846153846 0.5545685279187816 0.52 0.5253807106598984 0.52
2 0.5640862944162437 0.4846153846153846 0.5932741116751269 0.4846153846153846 0.5932741116751269 0.5323076923076923 0.5640862944162437 0.5323076923076923
0 0.6008883248730964 0.4846153846153846 0.6300761421319796 0.4846153846153846 0.6300761421319796 0.5323076923076923 0.6008883248730964 0.5323076923076923
2 0.6364213197969543 0.4846153846153846 0.6656091370558375 0.4846153846153846 0.6656091370558375 0.5330769230769231 0.6364213197969543 0.5330769230769231
5 0.6719543147208121 0.4846153846153846 0.6935279187817258 0.4846153846153846 0.6935279187817258 0.5330769230769231 0.6719543147208121 0.5330769230769231
19 0.25 0.5438461538461539 0.27918781725888325 0.5438461538461539 0.27918781725888325 0.5923076923076923 0.25 0.5923076923076923
28 0.2880710659898477 0.5438461538461539 0.3096446700507614 0.5438461538461539 0.3096446700507614 0.5923076923076923 0.2880710659898477 0.5923076923076923
24 0.315989847715736 0.5438461538461539 0.3375634517766497 0.5438461538461539 0.3375634517766497 0.5923076923076923 0.315989847715736 0.5923076923076923
36 0.34390862944162437 0.5438461538461539 0.35786802030456855 0.5438461538461539 0.35786802030456855 0.5792307692307692 0.34390862944162437 0.5792307692307692
1 0.366751269035533 0.5438461538461539 0.3857868020304569 0.5438461538461539 0.3857868020304569 0.5923076923076923 0.366751269035533 0.5923076923076923
0 0.39213197969543145 0.5438461538461539 0.4213197969543147 0.5438461538461539 0.4213197969543147 0.5915384615384616 0.39213197969543145 0.5915384615384616
37 0.42956852791878175 0.5438461538461539 0.458756345177665 0.5438461538461539 0.458756345177665 0.5792307692307692 0.42956852791878175 0.5792307692307692
0 0.467005076142132 0.5438461538461539 0.49619289340101524 0.5438461538461539 0.49619289340101524 0.5915384615384616 0.467005076142132 0.5915384615384616
6 0.5038071065989848 0.5438461538461539 0.5253807106598984 0.5438461538461539 0.5253807106598984 0.5923076923076923 0.5038071065989848 0.5923076923076923
37 0.5323604060913706 0.5438461538461539 0.5615482233502538 0.5438461538461539 0.5615482233502538 0.5784615384615385 0.5323604060913706 0.5784615384615385
2 0.5685279187817259 0.5438461538461539 0.5977157360406091 0.5438461538461539 0.5977157360406091 0.5915384615384616 0.5685279187817259 0.5915384615384616
0 0.6053299492385786 0.5438461538461539 0.6345177664974618 0.5438461538461539 0.6345177664974618 0.5915384615384616 0.6053299492385786 0.5915384615384616
2 0.6427664974619289 0.5438461538461539 0.6719543147208121 0.5438461538461539 0.6719543147208121 0.5915384615384616 0.6427664974619289 0.5915384615384616
5 0.6789340101522843 0.5438461538461539 0.7081218274111675 0.5438461538461539 0.7081218274111675 0.5915384615384616 0.6789340101522843 0.5915384615384616
