23 0.25 0.42923076923076925 0.2715736040609137 0.42923076923076925 0.2715736040609137 0.4776923076923077 0.25 0.4776923076923077
23 0.27918781725888325 0.42923076923076925 0.3083756345177665 0.42923076923076925 0.3083756345177665 0.47692307692307695 0.27918781725888325 0.47692307692307695
29 0.315989847715736 0.42923076923076925 0.34517766497461927 0.42923076923076925 0.34517766497461927 0.47692307692307695 0.315989847715736 0.47692307692307695
36 0.35406091370558374 0.42923076923076925 0.3616751269035533 0.42923076923076925 0.3616751269035533 0.46 0.35406091370558374 0.46
1 0.36928934010152287 0.42923076923076925 0.38388324873096447 0.42923076923076925 0.38388324873096447 0.4776923076923077 0.36928934010152287 0.4776923076923077
2 0.3934010152284264 0.42923076923076925 0.42258883248730966 0.42923076923076925 0.42258883248730966 0.47692307692307695 0.3934010152284264 0.47692307692307695
37 0.42956852791878175 0.42923076923076925 0.458756345177665 0.42923076923076925 0.458756345177665 0.4653846153846154 0.42956852791878175 0.4653846153846154
1 0.4676395939086294 0.42923076923076925 0.4815989847715736 0.42923076923076925 0.4815989847715736 0.4776923076923077 0.4676395939086294 0.4776923076923077
6 0.4885786802030457 0.42923076923076925 0.5101522842639594 0.42923076923076925 0.5101522842639594 0.4784615384615385 0.4885786802030457 0.4784615384615385
37 0.5171319796954315 0.42923076923076925 0.5463197969543147 0.42923076923076925 0.5463197969543147 0.46384615384615385 0.5171319796954315 0.46384615384615385
2 0.5539340101522843 0.42923076923076925 0.5831218274111675 0.42923076923076925 0.5831218274111675 0.47692307692307695 0.5539340101522843 0.47692307692307695
0 0.5901015228426396 0.42923076923076925 0.6192893401015228 0.42923076923076925 0.6192893401015228 0.47692307692307695 0.5901015228426396 0.47692307692307695
2 0.626269035532995 0.42923076923076925 0.6478426395939086 0.42923076923076925 0.6478426395939086 0.4776923076923077 0.626269035532995 0.4776923076923077
4 0.6560913705583756 0.42923076923076925 0.6776649746192893 0.42923076923076925 0.6776649746192893 0.4776923076923077 0.6560913705583756 0.4776923076923077
29 0.25 0.48846153846153845 0.27918781725888325 0.48846153846153845 0.27918781725888325 0.536923076923077 0.25 0.536923076923077
27 0.2880710659898477 0.48846153846153845 0.3096446700507614 0.48846153846153845 0.3096446700507614 0.536923076923077 0.2880710659898477 0.536923076923077
21 0.31916243654822335 0.48846153846153845 0.3483502538071066 0.48846153846153845 0.3483502538071066 0.5361538461538461 0.31916243654822335 0.5361538461538461
36 0.35596446700507617 0.48846153846153845 0.36357868020304573 0.48846153846153845 0.36357868020304573 0.5192307692307692 0.35596446700507617 0.5192307692307692
0 0.37246192893401014 0.48846153846153845 0.4016497461928934 0.48846153846153845 0.4016497461928934 0.5361538461538461 0.37246192893401014 0.5361538461538461
1 0.40926395939086296 0.48846153846153845 0.42322335025380714 0.48846153846153845 0.42322335025380714 0.536923076923077 0.40926395939086296 0.536923076923077
37 0.43083756345177665 0.48846153846153845 0.4600253807106599 0.48846153846153845 0.4600253807106599 0.5238461538461539 0.43083756345177665 0.5238461538461539
0 0.4663705583756345 0.48846153846153845 0.49555837563451777 0.48846153846153845 0.49555837563451777 0.5361538461538461 0.4663705583756345 0.5361538461538461
8 0.5019035532994924 0.48846153846153845 0.5310913705583756 0.48846153846153845 0.5310913705583756 0.5361538461538461 0.5019035532994924 0.5361538461538461
37 0.5393401015228426 0.48846153846153845 0.5634517766497462 0.48846153846153845 0.5634517766497462 0.5176923076923077 0.5393401015228426 0.5176923076923077
2 0.5729695431472082 0.48846153846153845 0.5945431472081218 0.48846153846153845 0.5945431472081218 0.536923076923077 0.5729695431472082 0.536923076923077
0 0.6021573604060914 0.48846153846153845 0.6313451776649746 0.48846153846153845 0.6313451776649746 0.5361538461538461 0.6021573604060914 0.5361538461538461
2 0.6376903553299492 0.48846153846153845 0.6668781725888324 0.48846153846153845 0.6668781725888324 0.5361538461538461 0.6376903553299492 0.5361538461538461
5 0.6763959390862944 0.48846153846153845 0.7055837563451776 0.48846153846153845 0.7055837563451776 0.536923076923077 0.6763959390862944 0.536923076923077
