23 0.25 0.5453846153846154 0.27918781725888325 0.5453846153846154 0.27918781725888325 0.5930769230769231 0.25 0.5930769230769231
33 0.28743654822335024 0.5453846153846154 0.30901015228426393 0.5453846153846154 0.30901015228426393 0.5938461538461538 0.28743654822335024 0.5938461538461538
11 0.3153553299492386 0.5453846153846154 0.34454314720812185 0.5453846153846154 0.34454314720812185 0.5938461538461538 0.3153553299492386 0.5938461538461538
36 0.35088832487309646 0.5453846153846154 0.3635786802030457 0.5453846153846154 0.3635786802030457 0.5807692307692307 0.35088832487309646 0.5807692307692307
0 0.37055837563451777 0.5453846153846154 0.399746192893401 0.5453846153846154 0.399746192893401 0.5930769230769231 0.37055837563451777 0.5930769230769231
3 0.4086294416243655 0.5453846153846154 0.43781725888324874 0.5453846153846154 0.43781725888324874 0.5930769230769231 0.4086294416243655 0.5930769230769231
37 0.4447969543147208 0.5453846153846154 0.4739847715736041 0.5453846153846154 0.4739847715736041 0.5815384615384616 0.4447969543147208 0.5815384615384616
1 0.48096446700507617 0.5453846153846154 0.5 0.5453846153846154 0.5 0.5930769230769231 0.48096446700507617 0.5930769230769231
0 0.5088832487309645 0.5453846153846154 0.5380710659898477 0.5453846153846154 0.5380710659898477 0.5930769230769231 0.5088832487309645 0.5930769230769231
37 0.5456852791878173 0.5453846153846154 0.5748730964467005 0.5453846153846154 0.5748730964467005 0.5807692307692307 0.5456852791878173 0.5807692307692307
2 0.5843908629441624 0.5453846153846154 0.6135786802030456 0.5453846153846154 0.6135786802030456 0.5930769230769231 0.5843908629441624 0.5930769230769231
0 0.6205583756345178 0.5453846153846154 0.649746192893401 0.5453846153846154 0.649746192893401 0.5930769230769231 0.6205583756345178 0.5930769230769231
2 0.6579949238578681 0.5453846153846154 0.6871827411167513 0.5453846153846154 0.6871827411167513 0.5930769230769231 0.6579949238578681 0.5930769230769231
5 0.6935279187817259 0.5453846153846154 0.7151015228426396 0.5453846153846154 0.7151015228426396 0.5938461538461538 0.6935279187817259 0.5938461538461538
23 0.25 0.6046153846153847 0.2715736040609137 0.6046153846153847 0.2715736040609137 0.6530769230769231 0.25 0.6530769230769231
21 0.28045685279187815 0.6046153846153847 0.3096446700507614 0.6046153846153847 0.3096446700507614 0.6523076923076924 0.28045685279187815 0.6523076923076924
20 0.31789340101522845 0.6046153846153847 0.33946700507614214 0.6046153846153847 0.33946700507614214 0.6530769230769231 0.31789340101522845 0.6530769230769231
36 0.3470812182741117 0.6046153846153847 0.3597715736040609 0.6046153846153847 0.3597715736040609 0.64 0.3470812182741117 0.64
0 0.3686548223350254 0.6046153846153847 0.3902284263959391 0.6046153846153847 0.3902284263959391 0.6538461538461539 0.3686548223350254 0.6538461538461539
4 0.39911167512690354 0.6046153846153847 0.42068527918781723 0.6046153846153847 0.42068527918781723 0.6530769230769231 0.39911167512690354 0.6530769230769231
37 0.4302030456852792 0.6046153846153847 0.4593908629441624 0.6046153846153847 0.4593908629441624 0.6407692307692309 0.4302030456852792 0.6407692307692309
2 0.46890862944162437 0.6046153846153847 0.4980964467005076 0.6046153846153847 0.4980964467005076 0.6523076923076924 0.46890862944162437 0.6523076923076924
9 0.5076142131979695 0.6046153846153847 0.5291878172588832 0.6046153846153847 0.5291878172588832 0.6530769230769231 0.5076142131979695 0.6530769230769231
37 0.5368020304568528 0.6046153846153847 0.565989847715736 0.6046153846153847 0.565989847715736 0.6407692307692309 0.5368020304568528 0.6407692307692309
2 0.5723350253807107 0.6046153846153847 0.5939086294416244 0.6046153846153847 0.5939086294416244 0.6530769230769231 0.5723350253807107 0.6530769230769231
0 0.6027918781725888 0.6046153846153847 0.631979695431472 0.6046153846153847 0.631979695431472 0.6530769230769231 0.6027918781725888 0.6530769230769231
2 0.6408629441624365 0.6046153846153847 0.6700507614213197 0.6046153846153847 0.6700507614213197 0.6523076923076924 0.6408629441624365 0.6523076923076924
5 0.6770304568527918 0.6046153846153847 0.706218274111675 0.6046153846153847 0.706218274111675 0.6523076923076924 0.6770304568527918 0.6523076923076924
