11 0.25 0.3546153846153846 0.27918781725888325 0.3546153846153846 0.27918781725888325 0.4023076923076923 0.25 0.4023076923076923
16 0.2887055837563452 0.3546153846153846 0.31789340101522845 0.3546153846153846 0.31789340101522845 0.40307692307692305 0.2887055837563452 0.40307692307692305
26 0.32614213197969544 0.3546153846153846 0.3553299492385787 0.3546153846153846 0.3553299492385787 0.4023076923076923 0.32614213197969544 0.4023076923076923
36 0.36421319796954316 0.3546153846153846 0.3769035532994924 0.3546153846153846 0.3769035532994924 0.39 0.36421319796954316 0.39
0 0.3864213197969543 0.3546153846153846 0.4156091370558376 0.3546153846153846 0.4156091370558376 0.4023076923076923 0.3864213197969543 0.4023076923076923
8 0.42449238578680204 0.3546153846153846 0.4536802030456853 0.3546153846153846 0.4536802030456853 0.40307692307692305 0.42449238578680204 0.40307692307692305
37 0.4619289340101523 0.3546153846153846 0.49111675126903553 0.3546153846153846 0.49111675126903553 0.39 0.4619289340101523 0.39
2 0.4993654822335025 0.3546153846153846 0.5285532994923857 0.3546153846153846 0.5285532994923857 0.4023076923076923 0.4993654822335025 0.4023076923076923
6 0.5348984771573604 0.3546153846153846 0.5564720812182741 0.3546153846153846 0.5564720812182741 0.40384615384615385 0.5348984771573604 0.40384615384615385
37 0.5628172588832487 0.3546153846153846 0.5920050761421319 0.3546153846153846 0.5920050761421319 0.39 0.5628172588832487 0.39
2 0.5983502538071066 0.3546153846153846 0.6275380710659898 0.3546153846153846 0.6275380710659898 0.4023076923076923 0.5983502538071066 0.4023076923076923
0 0.6370558375634517 0.3546153846153846 0.6662436548223349 0.3546153846153846 0.6662436548223349 0.4023076923076923 0.6370558375634517 0.4023076923076923
2 0.6725888324873096 0.3546153846153846 0.6941624365482233 0.3546153846153846 0.6941624365482233 0.40384615384615385 0.6725888324873096 0.40384615384615385
5 0.7036802030456852 0.3546153846153846 0.7328680203045684 0.3546153846153846 0.7328680203045684 0.4023076923076923 0.7036802030456852 0.4023076923076923
12 0.25 0.41384615384615386 0.27918781725888325 0.41384615384615386 0.27918781725888325 0.46153846153846156 0.25 0.46153846153846156
13 0.28553299492385786 0.41384615384615386 0.3147208121827411 0.41384615384615386 0.3147208121827411 0.46153846153846156 0.28553299492385786 0.46153846153846156
25 0.3229695431472081 0.41384615384615386 0.3445431472081218 0.41384615384615386 0.3445431472081218 0.4623076923076923 0.3229695431472081 0.4623076923076923
36 0.35279187817258884 0.41384615384615386 0.366751269035533 0.41384615384615386 0.366751269035533 0.44923076923076927 0.35279187817258884 0.44923076923076927
0 0.3762690355329949 0.41384615384615386 0.3978426395939086 0.41384615384615386 0.3978426395939086 0.4630769230769231 0.3762690355329949 0.4630769230769231
9 0.40418781725888325 0.41384615384615386 0.42576142131979694 0.41384615384615386 0.42576142131979694 0.4623076923076923 0.40418781725888325 0.4623076923076923
37 0.4352791878172589 0.41384615384615386 0.46446700507614214 0.41384615384615386 0.46446700507614214 0.44923076923076927 0.4352791878172589 0.44923076923076927
2 0.4733502538071066 0.41384615384615386 0.5025380710659898 0.41384615384615386 0.5025380710659898 0.4623076923076923 0.4733502538071066 0.4623076923076923
5 0.5107868020304569 0.41384615384615386 0.5399746192893401 0.41384615384615386 0.5399746192893401 0.46153846153846156 0.5107868020304569 0.46153846153846156
37 0.5482233502538071 0.41384615384615386 0.5774111675126903 0.41384615384615386 0.5774111675126903 0.44923076923076927 0.5482233502538071 0.44923076923076927
2 0.5843908629441624 0.41384615384615386 0.6135786802030456 0.41384615384615386 0.6135786802030456 0.46153846153846156 0.5843908629441624 0.46153846153846156
0 0.6230964467005076 0.41384615384615386 0.6522842639593908 0.41384615384615386 0.6522842639593908 0.46153846153846156 0.6230964467005076 0.46153846153846156
2 0.6618020304568528 0.41384615384615386 0.690989847715736 0.41384615384615386 0.690989847715736 0.46153846153846156 0.6618020304568528 0.46153846153846156
5 0.700507614213198 0.41384615384615386 0.7296954314720812 0.41384615384615386 0.7296954314720812 0.4623076923076923 0.700507614213198 0.4623076923076923
