13 0.25 0.54 0.27918781725888325 0.54 0.27918781725888325 0.5876923076923077 0.25 0.5876923076923077
26 0.28616751269035534 0.54 0.3153553299492386 0.54 0.3153553299492386 0.5884615384615385 0.28616751269035534 0.5884615384615385
33 0.3236040609137056 0.54 0.35279187817258884 0.54 0.35279187817258884 0.5884615384615385 0.3236040609137056 0.5884615384615385
36 0.3610406091370558 0.54 0.37373096446700504 0.54 0.37373096446700504 0.5753846153846154 0.3610406091370558 0.5753846153846154
0 0.38071065989847713 0.54 0.4098984771573604 0.54 0.4098984771573604 0.5876923076923077 0.38071065989847713 0.5876923076923077
9 0.41941624365482233 0.54 0.4486040609137056 0.54 0.4486040609137056 0.5876923076923077 0.41941624365482233 0.5876923076923077
37 0.4581218274111675 0.54 0.4873096446700508 0.54 0.4873096446700508 0.5753846153846154 0.4581218274111675 0.5753846153846154
1 0.49682741116751267 0.54 0.5158629441624365 0.54 0.5158629441624365 0.5876923076923077 0.49682741116751267 0.5876923076923077
3 0.5228426395939086 0.54 0.5520304568527918 0.54 0.5520304568527918 0.5876923076923077 0.5228426395939086 0.5876923076923077
37 0.5602791878172588 0.54 0.589467005076142 0.54 0.589467005076142 0.5753846153846154 0.5602791878172588 0.5753846153846154
2 0.5977157360406091 0.54 0.6192893401015228 0.54 0.6192893401015228 0.5892307692307692 0.5977157360406091 0.5892307692307692
0 0.626269035532995 0.54 0.6554568527918782 0.54 0.6554568527918782 0.5876923076923077 0.626269035532995 0.5876923076923077
2 0.6630710659898477 0.54 0.6922588832487309 0.54 0.6922588832487309 0.5876923076923077 0.6630710659898477 0.5876923076923077
5 0.7011421319796954 0.54 0.7303299492385786 0.54 0.7303299492385786 0.5884615384615385 0.7011421319796954 0.5884615384615385
18 0.25 0.5992307692307692 0.2690355329949239 0.5992307692307692 0.2690355329949239 0.6469230769230769 0.25 0.6469230769230769
15 0.2753807106598985 0.5992307692307692 0.30456852791878175 0.5992307692307692 0.30456852791878175 0.6476923076923077 0.2753807106598985 0.6476923076923077
17 0.31408629441624364 0.5992307692307692 0.3356598984771573 0.5992307692307692 0.3356598984771573 0.6476923076923077 0.31408629441624364 0.6476923076923077
36 0.3426395939086294 0.5992307692307692 0.35532994923857864 0.5992307692307692 0.35532994923857864 0.6346153846153846 0.3426395939086294 0.6346153846153846
0 0.3635786802030457 0.5992307692307692 0.38515228426395937 0.5992307692307692 0.38515228426395937 0.6476923076923077 0.3635786802030457 0.6476923076923077
6 0.39403553299492383 0.5992307692307692 0.4156091370558375 0.5992307692307692 0.4156091370558375 0.6476923076923077 0.39403553299492383 0.6476923076923077
37 0.4251269035532995 0.5992307692307692 0.45431472081218277 0.5992307692307692 0.45431472081218277 0.6346153846153846 0.4251269035532995 0.6346153846153846
1 0.46256345177664976 0.5992307692307692 0.47652284263959394 0.5992307692307692 0.47652284263959394 0.6476923076923077 0.46256345177664976 0.6476923076923077
2 0.4847715736040609 0.5992307692307692 0.5139593908629442 0.5992307692307692 0.5139593908629442 0.6476923076923077 0.4847715736040609 0.6476923076923077
37 0.5203045685279187 0.5992307692307692 0.5494923857868019 0.5992307692307692 0.5494923857868019 0.6338461538461538 0.5203045685279187 0.6338461538461538
2 0.5571065989847716 0.5992307692307692 0.5862944162436547 0.5992307692307692 0.5862944162436547 0.6476923076923077 0.5571065989847716 0.6476923076923077
0 0.5932741116751269 0.5992307692307692 0.6224619289340101 0.5992307692307692 0.6224619289340101 0.6469230769230769 0.5932741116751269 0.6469230769230769
2 0.6300761421319797 0.5992307692307692 0.6516497461928934 0.5992307692307692 0.6516497461928934 0.6476923076923077 0.6300761421319797 0.6476923076923077
5 0.6605329949238579 0.5992307692307692 0.6821065989847716 0.5992307692307692 0.6821065989847716 0.6484615384615384 0.6605329949238579 0.6484615384615384
