14 0.25 0.38384615384615384 0.27918781725888325 0.38384615384615384 0.27918781725888325 0.43153846153846154 0.25 0.43153846153846154
26 0.2887055837563452 0.38384615384615384 0.31789340101522845 0.38384615384615384 0.31789340101522845 0.43153846153846154 0.2887055837563452 0.43153846153846154
28 0.32423857868020306 0.38384615384615384 0.34581218274111675 0.38384615384615384 0.34581218274111675 0.4323076923076923 0.32423857868020306 0.4323076923076923
36 0.35215736040609136 0.38384615384615384 0.3648477157360406 0.38384615384615384 0.3648477157360406 0.41923076923076924 0.35215736040609136 0.41923076923076924
0 0.3743654822335025 0.38384615384615384 0.4035532994923858 0.38384615384615384 0.4035532994923858 0.4323076923076923 0.3743654822335025 0.4323076923076923
5 0.4130710659898477 0.38384615384615384 0.44225888324873097 0.38384615384615384 0.44225888324873097 0.43153846153846154 0.4130710659898477 0.43153846153846154
37 0.45050761421319796 0.38384615384615384 0.4796954314720812 0.38384615384615384 0.4796954314720812 0.41923076923076924 0.45050761421319796 0.41923076923076924
3 0.4860406091370558 0.38384615384615384 0.515228426395939 0.38384615384615384 0.515228426395939 0.43153846153846154 0.4860406091370558 0.43153846153846154
0 0.5215736040609137 0.38384615384615384 0.5507614213197969 0.38384615384615384 0.5507614213197969 0.43153846153846154 0.5215736040609137 0.43153846153846154
37 0.5583756345177665 0.38384615384615384 0.5875634517766497 0.38384615384615384 0.5875634517766497 0.41923076923076924 0.5583756345177665 0.41923076923076924
2 0.5951776649746193 0.38384615384615384 0.616751269035533 0.38384615384615384 0.616751269035533 0.4330769230769231 0.5951776649746193 0.4330769230769231
0 0.6243654822335025 0.38384615384615384 0.6535532994923857 0.38384615384615384 0.6535532994923857 0.43153846153846154 0.6243654822335025 0.43153846153846154
2 0.6630710659898477 0.38384615384615384 0.6922588832487309 0.38384615384615384 0.6922588832487309 0.43153846153846154 0.6630710659898477 0.43153846153846154
5 0.699238578680203 0.38384615384615384 0.7284263959390862 0.38384615384615384 0.7284263959390862 0.4323076923076923 0.699238578680203 0.4323076923076923
20 0.25 0.4430769230769231 0.27918781725888325 0.4430769230769231 0.27918781725888325 0.4907692307692308 0.25 0.4907692307692308
31 0.28616751269035534 0.4430769230769231 0.3153553299492386 0.4430769230769231 0.3153553299492386 0.4907692307692308 0.28616751269035534 0.4907692307692308
11 0.3236040609137056 0.4430769230769231 0.35279187817258884 0.4430769230769231 0.35279187817258884 0.4907692307692308 0.3236040609137056 0.4907692307692308
36 0.35913705583756345 0.4430769230769231 0.37182741116751267 0.4430769230769231 0.37182741116751267 0.4784615384615385 0.35913705583756345 0.4784615384615385
0 0.37944162436548223 0.4430769230769231 0.4086294416243655 0.4430769230769231 0.4086294416243655 0.49153846153846154 0.37944162436548223 0.49153846153846154
6 0.4149746192893401 0.4430769230769231 0.4365482233502538 0.4430769230769231 0.4365482233502538 0.49153846153846154 0.4149746192893401 0.49153846153846154
37 0.44416243654822335 0.4430769230769231 0.4733502538071066 0.4430769230769231 0.4733502538071066 0.4776923076923077 0.44416243654822335 0.4776923076923077
0 0.4815989847715736 0.4430769230769231 0.5107868020304568 0.4430769230769231 0.5107868020304568 0.4907692307692308 0.4815989847715736 0.4907692307692308
3 0.5196700507614214 0.4430769230769231 0.541243654822335 0.4430769230769231 0.541243654822335 0.49153846153846154 0.5196700507614214 0.49153846153846154
37 0.5482233502538071 0.4430769230769231 0.5774111675126903 0.4430769230769231 0.5774111675126903 0.47923076923076924 0.5482233502538071 0.47923076923076924
2 0.5856598984771574 0.4430769230769231 0.6072335025380711 0.4430769230769231 0.6072335025380711 0.49153846153846154 0.5856598984771574 0.49153846153846154
0 0.6135786802030457 0.4430769230769231 0.6427664974619289 0.4430769230769231 0.6427664974619289 0.4907692307692308 0.6135786802030457 0.4907692307692308
2 0.649746192893401 0.4430769230769231 0.6789340101522842 0.4430769230769231 0.6789340101522842 0.4907692307692308 0.649746192893401 0.4907692307692308
5 0.6865482233502538 0.4430769230769231 0.715736040609137 0.4430769230769231 0.715736040609137 0.49153846153846154 0.6865482233502538 0.49153846153846154
