32 0.25 0.4423076923076923 0.27918781725888325 0.4423076923076923 0.27918781725888325 0.49 0.25 0.49
28 0.2887055837563452 0.4423076923076923 0.31789340101522845 0.4423076923076923 0.31789340101522845 0.49 0.2887055837563452 0.49
15 0.32550761421319796 0.4423076923076923 0.34708121827411165 0.4423076923076923 0.34708121827411165 0.49076923076923074 0.32550761421319796 0.49076923076923074
36 0.3565989847715736 0.4423076923076923 0.36421319796954316 0.4423076923076923 0.36421319796954316 0.47307692307692306 0.3565989847715736 0.47307692307692306
0 0.37246192893401014 0.4423076923076923 0.4016497461928934 0.4423076923076923 0.4016497461928934 0.49 0.37246192893401014 0.49
1 0.4098984771573604 0.4423076923076923 0.42385786802030456 0.4423076923076923 0.42385786802030456 0.49076923076923074 0.4098984771573604 0.49076923076923074
37 0.4302030456852792 0.4423076923076923 0.4593908629441624 0.4423076923076923 0.4593908629441624 0.4776923076923077 0.4302030456852792 0.4776923076923077
1 0.46890862944162437 0.4423076923076923 0.48286802030456855 0.4423076923076923 0.48286802030456855 0.49076923076923074 0.46890862944162437 0.49076923076923074
9 0.49111675126903553 0.4423076923076923 0.5126903553299492 0.4423076923076923 0.5126903553299492 0.49076923076923074 0.49111675126903553 0.49076923076923074
37 0.5222081218274112 0.4423076923076923 0.5513959390862944 0.4423076923076923 0.5513959390862944 0.4769230769230769 0.5222081218274112 0.4769230769230769
2 0.5609137055837563 0.4423076923076923 0.58248730964467 0.4423076923076923 0.58248730964467 0.49076923076923074 0.5609137055837563 0.49076923076923074
0 0.5888324873096447 0.4423076923076923 0.6104060913705583 0.4423076923076923 0.6104060913705583 0.49076923076923074 0.5888324873096447 0.49076923076923074
2 0.618020304568528 0.4423076923076923 0.6472081218274112 0.4423076923076923 0.6472081218274112 0.49 0.618020304568528 0.49
5 0.6560913705583756 0.4423076923076923 0.6852791878172588 0.4423076923076923 0.6852791878172588 0.49 0.6560913705583756 0.49
19 0.25 0.5015384615384615 0.27918781725888325 0.5015384615384615 0.27918781725888325 0.5499999999999999 0.25 0.5499999999999999
29 0.28743654822335024 0.5015384615384615 0.30901015228426393 0.5015384615384615 0.30901015228426393 0.5507692307692307 0.28743654822335024 0.5507692307692307
31 0.31852791878172587 0.5015384615384615 0.34010152284263956 0.5015384615384615 0.34010152284263956 0.5499999999999999 0.31852791878172587 0.5499999999999999
36 0.3483502538071066 0.5015384615384615 0.35596446700507617 0.5015384615384615 0.35596446700507617 0.5315384615384615 0.3483502538071066 0.5315384615384615
0 0.3629441624365482 0.5015384615384615 0.39213197969543145 0.5015384615384615 0.39213197969543145 0.5499999999999999 0.3629441624365482 0.5499999999999999
3 0.39911167512690354 0.5015384615384615 0.4282994923857868 0.5015384615384615 0.4282994923857868 0.5492307692307692 0.39911167512690354 0.5492307692307692
37 0.4365482233502538 0.5015384615384615 0.46573604060913704 0.5015384615384615 0.46573604060913704 0.5369230769230768 0.4365482233502538 0.5369230769230768
1 0.4727157360406091 0.5015384615384615 0.491751269035533 0.5015384615384615 0.491751269035533 0.5499999999999999 0.4727157360406091 0.5499999999999999
6 0.5 0.5015384615384615 0.5291878172588832 0.5015384615384615 0.5291878172588832 0.5492307692307692 0.5 0.5492307692307692
37 0.5374365482233503 0.5015384615384615 0.5666243654822335 0.5015384615384615 0.5666243654822335 0.5369230769230768 0.5374365482233503 0.5369230769230768
2 0.575507614213198 0.5015384615384615 0.5970812182741116 0.5015384615384615 0.5970812182741116 0.5499999999999999 0.575507614213198 0.5499999999999999
0 0.6034263959390863 0.5015384615384615 0.6326142131979695 0.5015384615384615 0.6326142131979695 0.5492307692307692 0.6034263959390863 0.5492307692307692
2 0.6389593908629442 0.5015384615384615 0.6681472081218274 0.5015384615384615 0.6681472081218274 0.5492307692307692 0.6389593908629442 0.5492307692307692
5 0.6776649746192893 0.5015384615384615 0.7068527918781725 0.5015384615384615 0.7068527918781725 0.5499999999999999 0.6776649746192893 0.5499999999999999
