34 0.25 0.4846153846153846 0.27918781725888325 0.4846153846153846 0.27918781725888325 0.5323076923076923 0.25 0.5323076923076923
19 0.2887055837563452 0.4846153846153846 0.31789340101522845 0.4846153846153846 0.31789340101522845 0.5323076923076923 0.2887055837563452 0.5323076923076923
26 0.32614213197969544 0.4846153846153846 0.3553299492385787 0.4846153846153846 0.3553299492385787 0.5323076923076923 0.32614213197969544 0.5323076923076923
36 0.3629441624365482 0.4846153846153846 0.3769035532994924 0.4846153846153846 0.3769035532994924 0.5207692307692308 0.3629441624365482 0.5207692307692308
0 0.383248730964467 0.4846153846153846 0.4048223350253807 0.4846153846153846 0.4048223350253807 0.5330769230769231 0.383248730964467 0.5330769230769231
2 0.4137055837563452 0.4846153846153846 0.4352791878172589 0.4846153846153846 0.4352791878172589 0.5330769230769231 0.4137055837563452 0.5330769230769231
37 0.44352791878172587 0.4846153846153846 0.4727157360406091 0.4846153846153846 0.4727157360406091 0.5207692307692308 0.44352791878172587 0.5207692307692308
0 0.48223350253807107 0.4846153846153846 0.5114213197969543 0.4846153846153846 0.5114213197969543 0.5323076923076923 0.48223350253807107 0.5323076923076923
4 0.5190355329949239 0.4846153846153846 0.5406091370558376 0.4846153846153846 0.5406091370558376 0.5330769230769231 0.5190355329949239 0.5330769230769231
37 0.5475888324873096 0.4846153846153846 0.5767766497461928 0.4846153846153846 0.5767766497461928 0.5192307692307693 0.5475888324873096 0.5192307692307693
2 0.5850253807106599 0.4846153846153846 0.6065989847715736 0.4846153846153846 0.6065989847715736 0.5338461538461539 0.5850253807106599 0.5338461538461539
0 0.6142131979695431 0.4846153846153846 0.6434010152284263 0.4846153846153846 0.6434010152284263 0.5323076923076923 0.6142131979695431 0.5323076923076923
2 0.6516497461928934 0.4846153846153846 0.6808375634517766 0.4846153846153846 0.6808375634517766 0.5323076923076923 0.6516497461928934 0.5323076923076923
5 0.6884517766497462 0.4846153846153846 0.7176395939086294 0.4846153846153846 0.7176395939086294 0.5323076923076923 0.6884517766497462 0.5323076923076923
16 0.25 0.5438461538461539 0.27918781725888325 0.5438461538461539 0.27918781725888325 0.5915384615384616 0.25 0.5915384615384616
25 0.28743654822335024 0.5438461538461539 0.3166243654822335 0.5438461538461539 0.3166243654822335 0.5915384615384616 0.28743654822335024 0.5915384615384616
14 0.3229695431472081 0.5438461538461539 0.35215736040609136 0.5438461538461539 0.35215736040609136 0.5915384615384616 0.3229695431472081 0.5915384615384616
36 0.35913705583756345 0.5438461538461539 0.37182741116751267 0.5438461538461539 0.37182741116751267 0.5792307692307692 0.35913705583756345 0.5792307692307692
0 0.38071065989847713 0.5438461538461539 0.4098984771573604 0.5438461538461539 0.4098984771573604 0.5915384615384616 0.38071065989847713 0.5915384615384616
2 0.41751269035532995 0.5438461538461539 0.43908629441624364 0.5438461538461539 0.43908629441624364 0.5930769230769231 0.41751269035532995 0.5930769230769231
37 0.4479695431472081 0.5438461538461539 0.47715736040609136 0.5438461538461539 0.47715736040609136 0.5792307692307692 0.4479695431472081 0.5792307692307692
1 0.4860406091370558 0.5438461538461539 0.5050761421319797 0.5438461538461539 0.5050761421319797 0.5915384615384616 0.4860406091370558 0.5915384615384616
4 0.5133248730964467 0.5438461538461539 0.5348984771573604 0.5438461538461539 0.5348984771573604 0.5923076923076923 0.5133248730964467 0.5923076923076923
37 0.5444162436548223 0.5438461538461539 0.5736040609137055 0.5438461538461539 0.5736040609137055 0.5792307692307692 0.5444162436548223 0.5792307692307692
2 0.5805837563451777 0.5438461538461539 0.6021573604060914 0.5438461538461539 0.6021573604060914 0.5930769230769231 0.5805837563451777 0.5930769230769231
0 0.608502538071066 0.5438461538461539 0.6376903553299492 0.5438461538461539 0.6376903553299492 0.5915384615384616 0.608502538071066 0.5915384615384616
2 0.6453045685279187 0.5438461538461539 0.6668781725888324 0.5438461538461539 0.6668781725888324 0.5923076923076923 0.6453045685279187 0.5923076923076923
5 0.674492385786802 0.5438461538461539 0.7036802030456852 0.5438461538461539 0.7036802030456852 0.5915384615384616 0.674492385786802 0.5915384615384616
