20 0.25 0.553076923076923 0.27918781725888325 0.553076923076923 0.27918781725888325 0.6007692307692307 0.25 0.6007692307692307
29 0.28616751269035534 0.553076923076923 0.30774111675126903 0.553076923076923 0.30774111675126903 0.6023076923076922 0.28616751269035534 0.6023076923076922
12 0.3166243654822335 0.553076923076923 0.3381979695431472 0.553076923076923 0.3381979695431472 0.6015384615384615 0.3166243654822335 0.6015384615384615
36 0.34581218274111675 0.553076923076923 0.3597715736040609 0.553076923076923 0.3597715736040609 0.5884615384615384 0.34581218274111675 0.5884615384615384
0 0.366751269035533 0.553076923076923 0.39593908629441626 0.553076923076923 0.39593908629441626 0.6007692307692307 0.366751269035533 0.6007692307692307
8 0.4022842639593909 0.553076923076923 0.42385786802030456 0.553076923076923 0.42385786802030456 0.6023076923076922 0.4022842639593909 0.6023076923076922
37 0.43147208121827413 0.553076923076923 0.4606598984771574 0.553076923076923 0.4606598984771574 0.5884615384615384 0.43147208121827413 0.5884615384615384
0 0.4682741116751269 0.553076923076923 0.49746192893401014 0.553076923076923 0.49746192893401014 0.6015384615384615 0.4682741116751269 0.6015384615384615
6 0.5050761421319797 0.553076923076923 0.5342639593908629 0.553076923076923 0.5342639593908629 0.6007692307692307 0.5050761421319797 0.6007692307692307
37 0.5431472081218274 0.553076923076923 0.5723350253807106 0.553076923076923 0.5723350253807106 0.5892307692307692 0.5431472081218274 0.5892307692307692
2 0.5818527918781726 0.553076923076923 0.6110406091370558 0.553076923076923 0.6110406091370558 0.6007692307692307 0.5818527918781726 0.6007692307692307
0 0.6186548223350253 0.553076923076923 0.640228426395939 0.553076923076923 0.640228426395939 0.6015384615384615 0.6186548223350253 0.6015384615384615
2 0.6465736040609137 0.553076923076923 0.6757614213197969 0.553076923076923 0.6757614213197969 0.6007692307692307 0.6465736040609137 0.6007692307692307
5 0.6833756345177665 0.553076923076923 0.7125634517766497 0.553076923076923 0.7125634517766497 0.6015384615384615 0.6833756345177665 0.6015384615384615
23 0.25 0.6123076923076923 0.2715736040609137 0.6123076923076923 0.2715736040609137 0.6607692307692308 0.25 0.6607692307692308
22 0.27918781725888325 0.6123076923076923 0.3083756345177665 0.6123076923076923 0.3083756345177665 0.66 0.27918781725888325 0.66
30 0.315989847715736 0.6123076923076923 0.34517766497461927 0.6123076923076923 0.34517766497461927 0.66 0.315989847715736 0.66
36 0.35406091370558374 0.6123076923076923 0.3680203045685279 0.6123076923076923 0.3680203045685279 0.6476923076923077 0.35406091370558374 0.6476923076923077
0 0.3769035532994924 0.6123076923076923 0.40609137055837563 0.6123076923076923 0.40609137055837563 0.66 0.3769035532994924 0.66
9 0.4156091370558376 0.6123076923076923 0.4447969543147208 0.6123076923076923 0.4447969543147208 0.66 0.4156091370558376 0.66
37 0.4530456852791878 0.6123076923076923 0.48223350253807107 0.6123076923076923 0.48223350253807107 0.6484615384615385 0.4530456852791878 0.6484615384615385
0 0.49111675126903553 0.6123076923076923 0.5126903553299492 0.6123076923076923 0.5126903553299492 0.6615384615384615 0.49111675126903553 0.6615384615384615
4 0.5203045685279187 0.6123076923076923 0.5494923857868019 0.6123076923076923 0.5494923857868019 0.66 0.5203045685279187 0.66
37 0.5583756345177665 0.6123076923076923 0.5875634517766497 0.6123076923076923 0.5875634517766497 0.6476923076923077 0.5583756345177665 0.6476923076923077
2 0.5945431472081218 0.6123076923076923 0.623730964467005 0.6123076923076923 0.623730964467005 0.66 0.5945431472081218 0.66
0 0.6326142131979695 0.6123076923076923 0.6541878172588832 0.6123076923076923 0.6541878172588832 0.6607692307692308 0.6326142131979695 0.6607692307692308
2 0.6637055837563451 0.6123076923076923 0.6928934010152283 0.6123076923076923 0.6928934010152283 0.66 0.6637055837563451 0.66
5 0.6998730964467005 0.6123076923076923 0.7214467005076142 0.6123076923076923 0.7214467005076142 0.6607692307692308 0.6998730964467005 0.6607692307692308
