20 0.25 0.3423076923076923 0.2715736040609137 0.3423076923076923 0.2715736040609137 0.39076923076923076 0.25 0.39076923076923076
10 0.27918781725888325 0.3423076923076923 0.30076142131979694 0.3423076923076923 0.30076142131979694 0.39 0.27918781725888325 0.39
35 0.3102791878172589 0.3423076923076923 0.33185279187817257 0.3423076923076923 0.33185279187817257 0.39076923076923076 0.3102791878172589 0.39076923076923076
36 0.33946700507614214 0.3423076923076923 0.3470812182741117 0.3423076923076923 0.3470812182741117 0.3730769230769231 0.33946700507614214 0.3730769230769231
0 0.35596446700507617 0.3423076923076923 0.37753807106598986 0.3423076923076923 0.37753807106598986 0.39076923076923076 0.35596446700507617 0.39076923076923076
5 0.38451776649746194 0.3423076923076923 0.4137055837563452 0.3423076923076923 0.4137055837563452 0.39 0.38451776649746194 0.39
37 0.4232233502538071 0.3423076923076923 0.45241116751269034 0.3423076923076923 0.45241116751269034 0.3776923076923077 0.4232233502538071 0.3776923076923077
2 0.4606598984771574 0.3423076923076923 0.48984771573604063 0.3423076923076923 0.48984771573604063 0.39 0.4606598984771574 0.39
3 0.4993654822335025 0.3423076923076923 0.5285532994923857 0.3423076923076923 0.5285532994923857 0.39076923076923076 0.4993654822335025 0.39076923076923076
37 0.5361675126903553 0.3423076923076923 0.5653553299492385 0.3423076923076923 0.5653553299492385 0.3776923076923077 0.5361675126903553 0.3776923076923077
2 0.574238578680203 0.3423076923076923 0.5958121827411167 0.3423076923076923 0.5958121827411167 0.39076923076923076 0.574238578680203 0.39076923076923076
0 0.6034263959390863 0.3423076923076923 0.6326142131979695 0.3423076923076923 0.6326142131979695 0.39 0.6034263959390863 0.39
2 0.6408629441624365 0.3423076923076923 0.6700507614213197 0.3423076923076923 0.6700507614213197 0.39 0.6408629441624365 0.39
5 0.6776649746192893 0.3423076923076923 0.7068527918781725 0.3423076923076923 0.7068527918781725 0.39 0.6776649746192893 0.39
16 0.25 0.4015384615384615 0.27918781725888325 0.4015384615384615 0.27918781725888325 0.44999999999999996 0.25 0.44999999999999996
24 0.28553299492385786 0.4015384615384615 0.3147208121827411 0.4015384615384615 0.3147208121827411 0.4492307692307692 0.28553299492385786 0.4492307692307692
20 0.3223350253807107 0.4015384615384615 0.35152284263959394 0.4015384615384615 0.35152284263959394 0.4492307692307692 0.3223350253807107 0.4492307692307692
36 0.3597715736040609 0.4015384615384615 0.3737309644670051 0.4015384615384615 0.3737309644670051 0.43769230769230766 0.3597715736040609 0.43769230769230766
0 0.3813451776649746 0.4015384615384615 0.41053299492385786 0.4015384615384615 0.41053299492385786 0.4492307692307692 0.3813451776649746 0.4492307692307692
5 0.41878172588832485 0.4015384615384615 0.4479695431472081 0.4015384615384615 0.4479695431472081 0.4492307692307692 0.41878172588832485 0.4492307692307692
37 0.45748730964467005 0.4015384615384615 0.4866751269035533 0.4015384615384615 0.4866751269035533 0.4369230769230769 0.45748730964467005 0.4369230769230769
3 0.49555837563451777 0.4015384615384615 0.524746192893401 0.4015384615384615 0.524746192893401 0.4492307692307692 0.49555837563451777 0.4492307692307692
0 0.5336294416243654 0.4015384615384615 0.5628172588832486 0.4015384615384615 0.5628172588832486 0.4492307692307692 0.5336294416243654 0.4492307692307692
37 0.5717005076142132 0.4015384615384615 0.6008883248730964 0.4015384615384615 0.6008883248730964 0.4369230769230769 0.5717005076142132 0.4369230769230769
2 0.608502538071066 0.4015384615384615 0.6376903553299492 0.4015384615384615 0.6376903553299492 0.44999999999999996 0.608502538071066 0.44999999999999996
0 0.6465736040609137 0.4015384615384615 0.6757614213197969 0.4015384615384615 0.6757614213197969 0.4492307692307692 0.6465736040609137 0.4492307692307692
2 0.6821065989847716 0.4015384615384615 0.7036802030456852 0.4015384615384615 0.7036802030456852 0.45076923076923076 0.6821065989847716 0.45076923076923076
5 0.7100253807106599 0.4015384615384615 0.7392131979695431 0.4015384615384615 0.7392131979695431 0.4492307692307692 0.7100253807106599 0.4492307692307692
