14 0.25 0.6646153846153846 0.27918781725888325 0.6646153846153846 0.27918781725888325 0.713076923076923 0.25 0.713076923076923
16 0.2887055837563452 0.6646153846153846 0.31789340101522845 0.6646153846153846 0.31789340101522845 0.7123076923076923 0.2887055837563452 0.7123076923076923
35 0.32741116751269034 0.6646153846153846 0.348984771573604 0.6646153846153846 0.348984771573604 0.713076923076923 0.32741116751269034 0.713076923076923
36 0.3553299492385787 0.6646153846153846 0.3680203045685279 0.6646153846153846 0.3680203045685279 0.7 0.3553299492385787 0.7
0 0.3762690355329949 0.6646153846153846 0.40545685279187815 0.6646153846153846 0.40545685279187815 0.7123076923076923 0.3762690355329949 0.7123076923076923
3 0.4130710659898477 0.6646153846153846 0.4346446700507614 0.6646153846153846 0.4346446700507614 0.7138461538461538 0.4130710659898477 0.7138461538461538
37 0.44352791878172587 0.6646153846153846 0.4727157360406091 0.6646153846153846 0.4727157360406091 0.7 0.44352791878172587 0.7
2 0.48223350253807107 0.6646153846153846 0.5114213197969543 0.6646153846153846 0.5114213197969543 0.7123076923076923 0.48223350253807107 0.7123076923076923
4 0.5184010152284264 0.6646153846153846 0.5475888324873096 0.6646153846153846 0.5475888324873096 0.7123076923076923 0.5184010152284264 0.7123076923076923
37 0.5564720812182741 0.6646153846153846 0.5856598984771573 0.6646153846153846 0.5856598984771573 0.7 0.5564720812182741 0.7
2 0.5926395939086294 0.6646153846153846 0.6142131979695431 0.6646153846153846 0.6142131979695431 0.713076923076923 0.5926395939086294 0.713076923076923
0 0.6230964467005076 0.6646153846153846 0.6522842639593908 0.6646153846153846 0.6522842639593908 0.7123076923076923 0.6230964467005076 0.7123076923076923
2 0.6586294416243654 0.6646153846153846 0.6878172588832486 0.6646153846153846 0.6878172588832486 0.7123076923076923 0.6586294416243654 0.7123076923076923
5 0.6954314720812182 0.6646153846153846 0.7246192893401014 0.6646153846153846 0.7246192893401014 0.7123076923076923 0.6954314720812182 0.7123076923076923
26 0.25 0.7238461538461538 0.2715736040609137 0.7238461538461538 0.2715736040609137 0.773076923076923 0.25 0.773076923076923
29 0.27982233502538073 0.7238461538461538 0.309010152284264 0.7238461538461538 0.309010152284264 0.7715384615384615 0.27982233502538073 0.7715384615384615
14 0.31852791878172587 0.7238461538461538 0.34010152284263956 0.7238461538461538 0.34010152284263956 0.773076923076923 0.31852791878172587 0.773076923076923
36 0.3489847715736041 0.7238461538461538 0.3616751269035533 0.7238461538461538 0.3616751269035533 0.76 0.3489847715736041 0.76
0 0.37055837563451777 0.7238461538461538 0.399746192893401 0.7238461538461538 0.399746192893401 0.7715384615384615 0.37055837563451777 0.7715384615384615
3 0.4067258883248731 0.7238461538461538 0.43591370558375636 0.7238461538461538 0.43591370558375636 0.7715384615384615 0.4067258883248731 0.7715384615384615
37 0.44225888324873097 0.7238461538461538 0.4714467005076142 0.7238461538461538 0.4714467005076142 0.7592307692307692 0.44225888324873097 0.7592307692307692
2 0.4796954314720812 0.7238461538461538 0.501269035532995 0.7238461538461538 0.501269035532995 0.773076923076923 0.4796954314720812 0.773076923076923
7 0.5107868020304569 0.7238461538461538 0.5323604060913706 0.7238461538461538 0.5323604060913706 0.7723076923076923 0.5107868020304569 0.7723076923076923
37 0.5399746192893401 0.7238461538461538 0.5691624365482233 0.7238461538461538 0.5691624365482233 0.7592307692307692 0.5399746192893401 0.7592307692307692
2 0.5761421319796954 0.7238461538461538 0.6053299492385786 0.7238461538461538 0.6053299492385786 0.7715384615384615 0.5761421319796954 0.7715384615384615
0 0.6148477157360406 0.7238461538461538 0.6440355329949238 0.7238461538461538 0.6440355329949238 0.7715384615384615 0.6148477157360406 0.7715384615384615
2 0.6516497461928934 0.7238461538461538 0.6808375634517766 0.7238461538461538 0.6808375634517766 0.7723076923076923 0.6516497461928934 0.7723076923076923
5 0.6884517766497462 0.7238461538461538 0.7176395939086294 0.7238461538461538 0.7176395939086294 0.7715384615384615 0.6884517766497462 0.7715384615384615
