13 0.25 0.4869230769230769 0.2715736040609137 0.4869230769230769 0.2715736040609137 0.5361538461538461 0.25 0.5361538461538461
26 0.2779187817258883 0.4869230769230769 0.30710659898477155 0.4869230769230769 0.30710659898477155 0.5346153846153846 0.2779187817258883 0.5346153846153846
35 0.3147208121827411 0.4869230769230769 0.34390862944162437 0.4869230769230769 0.34390862944162437 0.5346153846153846 0.3147208121827411 0.5346153846153846
36 0.3534263959390863 0.4869230769230769 0.3673857868020305 0.4869230769230769 0.3673857868020305 0.5223076923076923 0.3534263959390863 0.5223076923076923
0 0.3769035532994924 0.4869230769230769 0.40609137055837563 0.4869230769230769 0.40609137055837563 0.5346153846153846 0.3769035532994924 0.5346153846153846
7 0.4130710659898477 0.4869230769230769 0.44225888324873097 0.4869230769230769 0.44225888324873097 0.5353846153846153 0.4130710659898477 0.5353846153846153
37 0.4517766497461929 0.4869230769230769 0.47588832487309646 0.4869230769230769 0.47588832487309646 0.5161538461538462 0.4517766497461929 0.5161538461538462
2 0.48223350253807107 0.4869230769230769 0.5038071065989848 0.4869230769230769 0.5038071065989848 0.5353846153846153 0.48223350253807107 0.5353846153846153
5 0.5120558375634517 0.4869230769230769 0.5412436548223349 0.4869230769230769 0.5412436548223349 0.5346153846153846 0.5120558375634517 0.5346153846153846
37 0.5501269035532995 0.4869230769230769 0.5793147208121827 0.4869230769230769 0.5793147208121827 0.5223076923076923 0.5501269035532995 0.5223076923076923
2 0.5862944162436549 0.4869230769230769 0.6078680203045685 0.4869230769230769 0.6078680203045685 0.5361538461538461 0.5862944162436549 0.5361538461538461
0 0.6142131979695431 0.4869230769230769 0.6357868020304568 0.4869230769230769 0.6357868020304568 0.5353846153846153 0.6142131979695431 0.5353846153846153
2 0.6427664974619289 0.4869230769230769 0.6643401015228426 0.4869230769230769 0.6643401015228426 0.5353846153846153 0.6427664974619289 0.5353846153846153
5 0.6738578680203046 0.4869230769230769 0.6954314720812182 0.4869230769230769 0.6954314720812182 0.5361538461538461 0.6738578680203046 0.5361538461538461
13 0.25 0.5461538461538461 0.2715736040609137 0.5461538461538461 0.2715736040609137 0.5946153846153845 0.25 0.5946153846153845
23 0.2779187817258883 0.5461538461538461 0.299492385786802 0.5461538461538461 0.299492385786802 0.5953846153846153 0.2779187817258883 0.5953846153846153
12 0.30583756345177665 0.5461538461538461 0.3350253807106599 0.5461538461538461 0.3350253807106599 0.5938461538461538 0.30583756345177665 0.5938461538461538
36 0.34390862944162437 0.5461538461538461 0.35152284263959394 0.5461538461538461 0.35152284263959394 0.5769230769230769 0.34390862944162437 0.5769230769230769
0 0.35913705583756345 0.5461538461538461 0.3883248730964467 0.5461538461538461 0.3883248730964467 0.5938461538461538 0.35913705583756345 0.5938461538461538
3 0.3946700507614213 0.5461538461538461 0.416243654822335 0.5461538461538461 0.416243654822335 0.5946153846153845 0.3946700507614213 0.5946153846153845
37 0.4232233502538071 0.5461538461538461 0.45241116751269034 0.5461538461538461 0.45241116751269034 0.5815384615384614 0.4232233502538071 0.5815384615384614
2 0.4600253807106599 0.5461538461538461 0.48921319796954316 0.5461538461538461 0.48921319796954316 0.5938461538461538 0.4600253807106599 0.5938461538461538
3 0.49555837563451777 0.5461538461538461 0.5171319796954315 0.5461538461538461 0.5171319796954315 0.5946153846153845 0.49555837563451777 0.5946153846153845
37 0.5241116751269036 0.5461538461538461 0.5532994923857868 0.5461538461538461 0.5532994923857868 0.5815384615384614 0.5241116751269036 0.5815384615384614
2 0.5628172588832487 0.5461538461538461 0.5920050761421319 0.5461538461538461 0.5920050761421319 0.5938461538461538 0.5628172588832487 0.5938461538461538
0 0.5996192893401016 0.5461538461538461 0.6288071065989848 0.5461538461538461 0.6288071065989848 0.5938461538461538 0.5996192893401016 0.5938461538461538
2 0.6383248730964467 0.5461538461538461 0.6598984771573604 0.5461538461538461 0.6598984771573604 0.5946153846153845 0.6383248730964467 0.5946153846153845
5 0.6668781725888325 0.5461538461538461 0.6960659898477157 0.5461538461538461 0.6960659898477157 0.5946153846153845 0.6668781725888325 0.5946153846153845
