13 0.25 0.42230769230769233 0.27918781725888325 0.42230769230769233 0.27918781725888325 0.47000000000000003 0.25 0.47000000000000003
14 0.28616751269035534 0.42230769230769233 0.30774111675126903 0.42230769230769233 0.30774111675126903 0.4707692307692308 0.28616751269035534 0.4707692307692308
35 0.31408629441624364 0.42230769230769233 0.3432741116751269 0.42230769230769233 0.3432741116751269 0.47000000000000003 0.31408629441624364 0.47000000000000003
36 0.3496192893401015 0.42230769230769233 0.3635786802030457 0.42230769230769233 0.3635786802030457 0.4584615384615385 0.3496192893401015 0.4584615384615385
0 0.37119289340101524 0.42230769230769233 0.4003807106598985 0.42230769230769233 0.4003807106598985 0.47000000000000003 0.37119289340101524 0.47000000000000003
6 0.40926395939086296 0.42230769230769233 0.4384517766497462 0.42230769230769233 0.4384517766497462 0.47000000000000003 0.40926395939086296 0.47000000000000003
37 0.4467005076142132 0.42230769230769233 0.47588832487309646 0.42230769230769233 0.47588832487309646 0.45769230769230773 0.4467005076142132 0.45769230769230773
0 0.48350253807106597 0.42230769230769233 0.5050761421319797 0.42230769230769233 0.5050761421319797 0.4707692307692308 0.48350253807106597 0.4707692307692308
6 0.5120558375634517 0.42230769230769233 0.5336294416243654 0.42230769230769233 0.5336294416243654 0.4707692307692308 0.5120558375634517 0.4707692307692308
37 0.5431472081218274 0.42230769230769233 0.5723350253807106 0.42230769230769233 0.5723350253807106 0.45769230769230773 0.5431472081218274 0.45769230769230773
2 0.5818527918781726 0.42230769230769233 0.6110406091370558 0.42230769230769233 0.6110406091370558 0.47000000000000003 0.5818527918781726 0.47000000000000003
0 0.618020304568528 0.42230769230769233 0.6395939086294417 0.42230769230769233 0.6395939086294417 0.4707692307692308 0.618020304568528 0.4707692307692308
2 0.6478426395939086 0.42230769230769233 0.6770304568527918 0.42230769230769233 0.6770304568527918 0.47000000000000003 0.6478426395939086 0.47000000000000003
5 0.6859137055837563 0.42230769230769233 0.7151015228426395 0.42230769230769233 0.7151015228426395 0.47000000000000003 0.6859137055837563 0.47000000000000003
23 0.25 0.4815384615384615 0.2715736040609137 0.4815384615384615 0.2715736040609137 0.53 0.25 0.53
20 0.27982233502538073 0.4815384615384615 0.309010152284264 0.4815384615384615 0.309010152284264 0.5292307692307692 0.27982233502538073 0.5292307692307692
31 0.31789340101522845 0.4815384615384615 0.3470812182741117 0.4815384615384615 0.3470812182741117 0.5292307692307692 0.31789340101522845 0.5292307692307692
36 0.3546954314720812 0.4815384615384615 0.3686548223350254 0.4815384615384615 0.3686548223350254 0.5176923076923077 0.3546954314720812 0.5176923076923077
0 0.3769035532994924 0.4815384615384615 0.40609137055837563 0.4815384615384615 0.40609137055837563 0.53 0.3769035532994924 0.53
1 0.4156091370558376 0.4815384615384615 0.43464467005076146 0.4815384615384615 0.43464467005076146 0.5292307692307692 0.4156091370558376 0.5292307692307692
37 0.44225888324873097 0.4815384615384615 0.4714467005076142 0.4815384615384615 0.4714467005076142 0.5169230769230769 0.44225888324873097 0.5169230769230769
0 0.4784263959390863 0.4815384615384615 0.5076142131979695 0.4815384615384615 0.5076142131979695 0.5292307692307692 0.4784263959390863 0.5292307692307692
5 0.516497461928934 0.4815384615384615 0.5380710659898477 0.4815384615384615 0.5380710659898477 0.53 0.516497461928934 0.53
37 0.5469543147208121 0.4815384615384615 0.5761421319796953 0.4815384615384615 0.5761421319796953 0.5161538461538462 0.5469543147208121 0.5161538461538462
2 0.5824873096446701 0.4815384615384615 0.6116751269035533 0.4815384615384615 0.6116751269035533 0.5292307692307692 0.5824873096446701 0.5292307692307692
0 0.6186548223350253 0.4815384615384615 0.6478426395939085 0.4815384615384615 0.6478426395939085 0.5292307692307692 0.6186548223350253 0.5292307692307692
2 0.6573604060913706 0.4815384615384615 0.6865482233502538 0.4815384615384615 0.6865482233502538 0.53 0.6573604060913706 0.53
5 0.6935279187817259 0.4815384615384615 0.7227157360406091 0.4815384615384615 0.7227157360406091 0.5292307692307692 0.6935279187817259 0.5292307692307692
