22 0.25 0.5292307692307693 0.27918781725888325 0.5292307692307693 0.27918781725888325 0.576923076923077 0.25 0.576923076923077
30 0.28743654822335024 0.5292307692307693 0.3166243654822335 0.5292307692307693 0.3166243654822335 0.576923076923077 0.28743654822335024 0.576923076923077
24 0.3248730964467005 0.5292307692307693 0.34644670050761417 0.5292307692307693 0.34644670050761417 0.5784615384615385 0.3248730964467005 0.5784615384615385
36 0.35279187817258884 0.5292307692307693 0.36548223350253806 0.5292307692307693 0.36548223350253806 0.5646153846153846 0.35279187817258884 0.5646153846153846
0 0.3730964467005076 0.5292307692307693 0.4022842639593909 0.5292307692307693 0.4022842639593909 0.576923076923077 0.3730964467005076 0.576923076923077
2 0.41116751269035534 0.5292307692307693 0.4403553299492386 0.5292307692307693 0.4403553299492386 0.576923076923077 0.41116751269035534 0.576923076923077
37 0.4473350253807107 0.5292307692307693 0.47652284263959394 0.5292307692307693 0.47652284263959394 0.5646153846153846 0.4473350253807107 0.5646153846153846
1 0.4847715736040609 0.5292307692307693 0.4987309644670051 0.5292307692307693 0.4987309644670051 0.5776923076923077 0.4847715736040609 0.5776923076923077
2 0.5057106598984772 0.5292307692307693 0.5348984771573604 0.5292307692307693 0.5348984771573604 0.576923076923077 0.5057106598984772 0.576923076923077
37 0.5425126903553299 0.5292307692307693 0.5666243654822335 0.5292307692307693 0.5666243654822335 0.5584615384615386 0.5425126903553299 0.5584615384615386
2 0.575507614213198 0.5292307692307693 0.5970812182741116 0.5292307692307693 0.5970812182741116 0.5776923076923077 0.575507614213198 0.5776923076923077
0 0.6065989847715736 0.5292307692307693 0.6281725888324873 0.5292307692307693 0.6281725888324873 0.5776923076923077 0.6065989847715736 0.5776923076923077
2 0.6357868020304569 0.5292307692307693 0.6573604060913706 0.5292307692307693 0.6573604060913706 0.5784615384615385 0.6357868020304569 0.5784615384615385
5 0.6649746192893401 0.5292307692307693 0.6941624365482233 0.5292307692307693 0.6941624365482233 0.576923076923077 0.6649746192893401 0.576923076923077
31 0.25 0.5884615384615385 0.27918781725888325 0.5884615384615385 0.27918781725888325 0.6361538461538462 0.25 0.6361538461538462
14 0.2880710659898477 0.5884615384615385 0.3096446700507614 0.5884615384615385 0.3096446700507614 0.6369230769230769 0.2880710659898477 0.6369230769230769
34 0.315989847715736 0.5884615384615385 0.3375634517766497 0.5884615384615385 0.3375634517766497 0.6369230769230769 0.315989847715736 0.6369230769230769
36 0.34517766497461927 0.5884615384615385 0.35913705583756345 0.5884615384615385 0.35913705583756345 0.6246153846153847 0.34517766497461927 0.6246153846153847
0 0.36611675126903553 0.5884615384615385 0.3953045685279188 0.5884615384615385 0.3953045685279188 0.6361538461538462 0.36611675126903553 0.6361538461538462
6 0.40482233502538073 0.5884615384615385 0.4263959390862944 0.5884615384615385 0.4263959390862944 0.6376923076923077 0.40482233502538073 0.6376923076923077
37 0.4346446700507614 0.5884615384615385 0.46383248730964466 0.5884615384615385 0.46383248730964466 0.6238461538461538 0.4346446700507614 0.6238461538461538
0 0.47017766497461927 0.5884615384615385 0.4993654822335025 0.5884615384615385 0.4993654822335025 0.6361538461538462 0.47017766497461927 0.6361538461538462
9 0.506979695431472 0.5884615384615385 0.5361675126903552 0.5884615384615385 0.5361675126903552 0.6361538461538462 0.506979695431472 0.6361538461538462
37 0.5437817258883249 0.5884615384615385 0.572969543147208 0.5884615384615385 0.572969543147208 0.6238461538461538 0.5437817258883249 0.6238461538461538
2 0.5793147208121827 0.5884615384615385 0.6085025380710659 0.5884615384615385 0.6085025380710659 0.6369230769230769 0.5793147208121827 0.6369230769230769
0 0.6173857868020305 0.5884615384615385 0.6465736040609137 0.5884615384615385 0.6465736040609137 0.6361538461538462 0.6173857868020305 0.6361538461538462
2 0.6560913705583756 0.5884615384615385 0.6776649746192893 0.5884615384615385 0.6776649746192893 0.6369230769230769 0.6560913705583756 0.6369230769230769
5 0.6859137055837563 0.5884615384615385 0.7151015228426395 0.5884615384615385 0.7151015228426395 0.6361538461538462 0.6859137055837563 0.6361538461538462
