16 0.25 0.566923076923077 0.27918781725888325 0.566923076923077 0.27918781725888325 0.6146153846153847 0.25 0.6146153846153847
25 0.2880710659898477 0.566923076923077 0.3096446700507614 0.566923076923077 0.3096446700507614 0.6153846153846154 0.2880710659898477 0.6153846153846154
11 0.3166243654822335 0.566923076923077 0.34581218274111675 0.566923076923077 0.34581218274111675 0.6146153846153847 0.3166243654822335 0.6146153846153847
36 0.3553299492385787 0.566923076923077 0.3680203045685279 0.566923076923077 0.3680203045685279 0.6023076923076923 0.3553299492385787 0.6023076923076923
0 0.3756345177664975 0.566923076923077 0.40482233502538073 0.566923076923077 0.40482233502538073 0.6153846153846154 0.3756345177664975 0.6153846153846154
6 0.4137055837563452 0.566923076923077 0.4352791878172589 0.566923076923077 0.4352791878172589 0.6153846153846154 0.4137055837563452 0.6153846153846154
37 0.44225888324873097 0.566923076923077 0.4714467005076142 0.566923076923077 0.4714467005076142 0.6023076923076923 0.44225888324873097 0.6023076923076923
0 0.4796954314720812 0.566923076923077 0.5088832487309645 0.566923076923077 0.5088832487309645 0.6146153846153847 0.4796954314720812 0.6146153846153847
2 0.5171319796954315 0.566923076923077 0.5387055837563451 0.566923076923077 0.5387055837563451 0.6153846153846154 0.5171319796954315 0.6153846153846154
37 0.5469543147208121 0.566923076923077 0.5761421319796953 0.566923076923077 0.5761421319796953 0.6023076923076923 0.5469543147208121 0.6023076923076923
2 0.5850253807106599 0.566923076923077 0.6142131979695431 0.566923076923077 0.6142131979695431 0.6153846153846154 0.5850253807106599 0.6153846153846154
0 0.6224619289340102 0.566923076923077 0.6440355329949239 0.566923076923077 0.6440355329949239 0.6153846153846154 0.6224619289340102 0.6153846153846154
2 0.6503807106598984 0.566923076923077 0.6795685279187816 0.566923076923077 0.6795685279187816 0.6146153846153847 0.6503807106598984 0.6146153846153847
5 0.6859137055837563 0.566923076923077 0.70748730964467 0.566923076923077 0.70748730964467 0.6153846153846154 0.6859137055837563 0.6153846153846154
26 0.25 0.6261538461538462 0.2715736040609137 0.6261538461538462 0.2715736040609137 0.6746153846153846 0.25 0.6746153846153846
31 0.28109137055837563 0.6261538461538462 0.3102791878172589 0.6261538461538462 0.3102791878172589 0.6738461538461539 0.28109137055837563 0.6738461538461539
30 0.3166243654822335 0.6261538461538462 0.3381979695431472 0.6261538461538462 0.3381979695431472 0.6746153846153846 0.3166243654822335 0.6746153846153846
36 0.34517766497461927 0.6261538461538462 0.35913705583756345 0.6261538461538462 0.35913705583756345 0.6615384615384615 0.34517766497461927 0.6615384615384615
0 0.36738578680203043 0.6261538461538462 0.3965736040609137 0.6261538461538462 0.3965736040609137 0.6738461538461539 0.36738578680203043 0.6738461538461539
9 0.40545685279187815 0.6261538461538462 0.42703045685279184 0.6261538461538462 0.42703045685279184 0.6746153846153846 0.40545685279187815 0.6746153846153846
37 0.4333756345177665 0.6261538461538462 0.46256345177664976 0.6261538461538462 0.46256345177664976 0.6615384615384615 0.4333756345177665 0.6615384615384615
2 0.47081218274111675 0.6261538461538462 0.5 0.6261538461538462 0.5 0.6738461538461539 0.47081218274111675 0.6738461538461539
9 0.506979695431472 0.6261538461538462 0.5285532994923857 0.6261538461538462 0.5285532994923857 0.6746153846153846 0.506979695431472 0.6746153846153846
37 0.5368020304568528 0.6261538461538462 0.565989847715736 0.6261538461538462 0.565989847715736 0.6615384615384615 0.5368020304568528 0.6615384615384615
2 0.575507614213198 0.6261538461538462 0.6046954314720812 0.6261538461538462 0.6046954314720812 0.6738461538461539 0.575507614213198 0.6738461538461539
0 0.6142131979695431 0.6261538461538462 0.6357868020304568 0.6261538461538462 0.6357868020304568 0.6746153846153846 0.6142131979695431 0.6746153846153846
2 0.6453045685279187 0.6261538461538462 0.6668781725888324 0.6261538461538462 0.6668781725888324 0.6746153846153846 0.6453045685279187 0.6746153846153846
5 0.6738578680203046 0.6261538461538462 0.7030456852791878 0.6261538461538462 0.7030456852791878 0.6738461538461539 0.6738578680203046 0.6738461538461539
