15 0.25 0.42 0.2715736040609137 0.42 0.2715736040609137 0.46923076923076923 0.25 0.46923076923076923
35 0.2779187817258883 0.42 0.30710659898477155 0.42 0.30710659898477155 0.46846153846153843 0.2779187817258883 0.46846153846153843
19 0.3147208121827411 0.42 0.3362944162436548 0.42 0.3362944162436548 0.46846153846153843 0.3147208121827411 0.46846153846153843
36 0.34581218274111675 0.42 0.3597715736040609 0.42 0.3597715736040609 0.4553846153846154 0.34581218274111675 0.4553846153846154
1 0.3686548223350254 0.42 0.38388324873096447 0.42 0.38388324873096447 0.46846153846153843 0.3686548223350254 0.46846153846153843
0 0.39213197969543145 0.42 0.4213197969543147 0.42 0.4213197969543147 0.4676923076923077 0.39213197969543145 0.4676923076923077
37 0.4302030456852792 0.42 0.4593908629441624 0.42 0.4593908629441624 0.4553846153846154 0.4302030456852792 0.4553846153846154
1 0.467005076142132 0.42 0.48096446700507617 0.42 0.48096446700507617 0.46846153846153843 0.467005076142132 0.46846153846153843
8 0.4879441624365482 0.42 0.5095177664974619 0.42 0.5095177664974619 0.46846153846153843 0.4879441624365482 0.46846153846153843
37 0.5177664974619289 0.42 0.5469543147208121 0.42 0.5469543147208121 0.45615384615384613 0.5177664974619289 0.45615384615384613
2 0.5558375634517766 0.42 0.5850253807106598 0.42 0.5850253807106598 0.4676923076923077 0.5558375634517766 0.4676923076923077
0 0.5913705583756346 0.42 0.6205583756345178 0.42 0.6205583756345178 0.4676923076923077 0.5913705583756346 0.4676923076923077
2 0.6281725888324873 0.42 0.6573604060913705 0.42 0.6573604060913705 0.46846153846153843 0.6281725888324873 0.46846153846153843
5 0.6649746192893401 0.42 0.6941624365482233 0.42 0.6941624365482233 0.4676923076923077 0.6649746192893401 0.4676923076923077
11 0.25 0.47923076923076924 0.2715736040609137 0.47923076923076924 0.2715736040609137 0.5276923076923077 0.25 0.5276923076923077
14 0.27982233502538073 0.47923076923076924 0.3013959390862944 0.47923076923076924 0.3013959390862944 0.5276923076923077 0.27982233502538073 0.5276923076923077
25 0.309010152284264 0.47923076923076924 0.33819796954314724 0.47923076923076924 0.33819796954314724 0.5269230769230769 0.309010152284264 0.5269230769230769
36 0.3464467005076142 0.47923076923076924 0.35913705583756345 0.47923076923076924 0.35913705583756345 0.5146153846153846 0.3464467005076142 0.5146153846153846
0 0.3686548223350254 0.47923076923076924 0.39784263959390864 0.47923076923076924 0.39784263959390864 0.5269230769230769 0.3686548223350254 0.5269230769230769
1 0.40609137055837563 0.47923076923076924 0.4200507614213198 0.47923076923076924 0.4200507614213198 0.5276923076923077 0.40609137055837563 0.5276923076923077
37 0.4263959390862944 0.47923076923076924 0.45558375634517767 0.47923076923076924 0.45558375634517767 0.5146153846153846 0.4263959390862944 0.5146153846153846
1 0.46446700507614214 0.47923076923076924 0.4784263959390863 0.47923076923076924 0.4784263959390863 0.5284615384615384 0.46446700507614214 0.5284615384615384
6 0.4873096446700508 0.47923076923076924 0.5088832487309645 0.47923076923076924 0.5088832487309645 0.5276923076923077 0.4873096446700508 0.5276923076923077
37 0.5158629441624365 0.47923076923076924 0.5450507614213197 0.47923076923076924 0.5450507614213197 0.5146153846153846 0.5158629441624365 0.5146153846153846
2 0.5526649746192893 0.47923076923076924 0.5818527918781725 0.47923076923076924 0.5818527918781725 0.5269230769230769 0.5526649746192893 0.5269230769230769
0 0.5894670050761421 0.47923076923076924 0.6186548223350253 0.47923076923076924 0.6186548223350253 0.5269230769230769 0.5894670050761421 0.5269230769230769
2 0.625 0.47923076923076924 0.6465736040609137 0.47923076923076924 0.6465736040609137 0.5276923076923077 0.625 0.5276923076923077
5 0.6529187817258884 0.47923076923076924 0.674492385786802 0.47923076923076924 0.674492385786802 0.5276923076923077 0.6529187817258884 0.5276923076923077
