24 0.25 0.44384615384615383 0.27918781725888325 0.44384615384615383 0.27918781725888325 0.4923076923076923 0.25 0.4923076923076923
28 0.2868020304568528 0.44384615384615383 0.3083756345177665 0.44384615384615383 0.3083756345177665 0.4930769230769231 0.2868020304568528 0.4930769230769231
30 0.315989847715736 0.44384615384615383 0.34517766497461927 0.44384615384615383 0.34517766497461927 0.49153846153846154 0.315989847715736 0.49153846153846154
36 0.35215736040609136 0.44384615384615383 0.3648477157360406 0.44384615384615383 0.3648477157360406 0.47923076923076924 0.35215736040609136 0.47923076923076924
1 0.37182741116751267 0.44384615384615383 0.3908629441624365 0.44384615384615383 0.3908629441624365 0.4923076923076923 0.37182741116751267 0.4923076923076923
0 0.39847715736040606 0.44384615384615383 0.42005076142131975 0.44384615384615383 0.42005076142131975 0.4923076923076923 0.39847715736040606 0.4923076923076923
37 0.4263959390862944 0.44384615384615383 0.45558375634517767 0.44384615384615383 0.45558375634517767 0.47923076923076924 0.4263959390862944 0.47923076923076924
0 0.46446700507614214 0.44384615384615383 0.4936548223350254 0.44384615384615383 0.4936548223350254 0.49153846153846154 0.46446700507614214 0.49153846153846154
5 0.5019035532994924 0.44384615384615383 0.5310913705583756 0.44384615384615383 0.5310913705583756 0.49153846153846154 0.5019035532994924 0.49153846153846154
37 0.5406091370558376 0.44384615384615383 0.5697969543147208 0.44384615384615383 0.5697969543147208 0.47923076923076924 0.5406091370558376 0.47923076923076924
2 0.5793147208121827 0.44384615384615383 0.6008883248730964 0.44384615384615383 0.6008883248730964 0.4930769230769231 0.5793147208121827 0.4930769230769231
0 0.6078680203045685 0.44384615384615383 0.6370558375634517 0.44384615384615383 0.6370558375634517 0.49153846153846154 0.6078680203045685 0.49153846153846154
2 0.6453045685279187 0.44384615384615383 0.6668781725888324 0.44384615384615383 0.6668781725888324 0.4930769230769231 0.6453045685279187 0.4930769230769231
5 0.675761421319797 0.44384615384615383 0.7049492385786802 0.44384615384615383 0.7049492385786802 0.49153846153846154 0.675761421319797 0.49153846153846154
10 0.25 0.5030769230769231 0.27918781725888325 0.5030769230769231 0.27918781725888325 0.5507692307692308 0.25 0.5507692307692308
24 0.2880710659898477 0.5030769230769231 0.31725888324873097 0.5030769230769231 0.31725888324873097 0.5507692307692308 0.2880710659898477 0.5507692307692308
31 0.32423857868020306 0.5030769230769231 0.3534263959390863 0.5030769230769231 0.3534263959390863 0.5507692307692308 0.32423857868020306 0.5507692307692308
36 0.3597715736040609 0.5030769230769231 0.37246192893401014 0.5030769230769231 0.37246192893401014 0.5384615384615384 0.3597715736040609 0.5384615384615384
1 0.37880710659898476 0.5030769230769231 0.39784263959390864 0.5030769230769231 0.39784263959390864 0.5507692307692308 0.37880710659898476 0.5507692307692308
2 0.4067258883248731 0.5030769230769231 0.43591370558375636 0.5030769230769231 0.43591370558375636 0.5507692307692308 0.4067258883248731 0.5507692307692308
37 0.4447969543147208 0.5030769230769231 0.4739847715736041 0.5030769230769231 0.4739847715736041 0.5376923076923077 0.4447969543147208 0.5376923076923077
0 0.48286802030456855 0.5030769230769231 0.5120558375634517 0.5030769230769231 0.5120558375634517 0.5507692307692308 0.48286802030456855 0.5507692307692308
5 0.5203045685279187 0.5030769230769231 0.5418781725888324 0.5030769230769231 0.5418781725888324 0.5515384615384615 0.5203045685279187 0.5515384615384615
37 0.5501269035532995 0.5030769230769231 0.5793147208121827 0.5030769230769231 0.5793147208121827 0.5384615384615384 0.5501269035532995 0.5384615384615384
2 0.5881979695431472 0.5030769230769231 0.6173857868020304 0.5030769230769231 0.6173857868020304 0.5507692307692308 0.5881979695431472 0.5507692307692308
0 0.625 0.5030769230769231 0.6541878172588832 0.5030769230769231 0.6541878172588832 0.5507692307692308 0.625 0.5507692307692308
2 0.6630710659898477 0.5030769230769231 0.6922588832487309 0.5030769230769231 0.6922588832487309 0.5507692307692308 0.6630710659898477 0.5507692307692308
4 0.699238578680203 0.5030769230769231 0.7284263959390862 0.5030769230769231 0.7284263959390862 0.5507692307692308 0.699238578680203 0.5507692307692308
