15 0.25 0.4492307692307692 0.2715736040609137 0.4492307692307692 0.2715736040609137 0.49769230769230766 0.25 0.49769230769230766
31 0.27918781725888325 0.4492307692307692 0.30076142131979694 0.4492307692307692 0.30076142131979694 0.49769230769230766 0.27918781725888325 0.49769230769230766
12 0.3096446700507614 0.4492307692307692 0.3312182741116751 0.4492307692307692 0.3312182741116751 0.49769230769230766 0.3096446700507614 0.49769230769230766
36 0.33946700507614214 0.4492307692307692 0.34581218274111675 0.4492307692307692 0.34581218274111675 0.47923076923076924 0.33946700507614214 0.47923076923076924
0 0.35279187817258884 0.4492307692307692 0.3819796954314721 0.4492307692307692 0.3819796954314721 0.4969230769230769 0.35279187817258884 0.4969230769230769
9 0.3889593908629442 0.4492307692307692 0.41814720812182743 0.4492307692307692 0.41814720812182743 0.4969230769230769 0.3889593908629442 0.4969230769230769
37 0.4276649746192893 0.4492307692307692 0.45177664974619286 0.4492307692307692 0.45177664974619286 0.47846153846153844 0.4276649746192893 0.47846153846153844
0 0.45875634517766495 0.4492307692307692 0.48032994923857864 0.4492307692307692 0.48032994923857864 0.49769230769230766 0.45875634517766495 0.49769230769230766
4 0.48921319796954316 0.4492307692307692 0.5184010152284264 0.4492307692307692 0.5184010152284264 0.49769230769230766 0.48921319796954316 0.49769230769230766
37 0.5260152284263959 0.4492307692307692 0.5552030456852791 0.4492307692307692 0.5552030456852791 0.48538461538461536 0.5260152284263959 0.48538461538461536
2 0.5628172588832487 0.4492307692307692 0.5920050761421319 0.4492307692307692 0.5920050761421319 0.4969230769230769 0.5628172588832487 0.4969230769230769
0 0.6015228426395939 0.4492307692307692 0.6230964467005076 0.4492307692307692 0.6230964467005076 0.49769230769230766 0.6015228426395939 0.49769230769230766
2 0.6326142131979695 0.4492307692307692 0.6618020304568527 0.4492307692307692 0.6618020304568527 0.49769230769230766 0.6326142131979695 0.49769230769230766
5 0.6706852791878173 0.4492307692307692 0.692258883248731 0.4492307692307692 0.692258883248731 0.49769230769230766 0.6706852791878173 0.49769230769230766
31 0.25 0.5084615384615384 0.2715736040609137 0.5084615384615384 0.2715736040609137 0.5569230769230769 0.25 0.5569230769230769
13 0.27918781725888325 0.5084615384615384 0.3083756345177665 0.5084615384615384 0.3083756345177665 0.5569230769230769 0.27918781725888325 0.5569230769230769
14 0.31725888324873097 0.5084615384615384 0.33883248730964466 0.5084615384615384 0.33883248730964466 0.5569230769230769 0.31725888324873097 0.5569230769230769
36 0.3470812182741117 0.5084615384615384 0.3597715736040609 0.5084615384615384 0.3597715736040609 0.5438461538461538 0.3470812182741117 0.5438461538461538
0 0.36738578680203043 0.5084615384615384 0.3889593908629441 0.5084615384615384 0.3889593908629441 0.5569230769230769 0.36738578680203043 0.5569230769230769
3 0.39784263959390864 0.5084615384615384 0.41941624365482233 0.5084615384615384 0.41941624365482233 0.5569230769230769 0.39784263959390864 0.5569230769230769
37 0.42576142131979694 0.5084615384615384 0.4549492385786802 0.5084615384615384 0.4549492385786802 0.5438461538461538 0.42576142131979694 0.5438461538461538
1 0.46446700507614214 0.5084615384615384 0.4784263959390863 0.5084615384615384 0.4784263959390863 0.5569230769230769 0.46446700507614214 0.5569230769230769
1 0.4866751269035533 0.5084615384615384 0.5006345177664975 0.5084615384615384 0.5006345177664975 0.5576923076923076 0.4866751269035533 0.5576923076923076
37 0.5076142131979695 0.5084615384615384 0.5368020304568527 0.5084615384615384 0.5368020304568527 0.5438461538461538 0.5076142131979695 0.5438461538461538
2 0.5431472081218274 0.5084615384615384 0.5723350253807106 0.5084615384615384 0.5723350253807106 0.5561538461538461 0.5431472081218274 0.5561538461538461
0 0.5799492385786802 0.5084615384615384 0.6091370558375634 0.5084615384615384 0.6091370558375634 0.5561538461538461 0.5799492385786802 0.5561538461538461
2 0.618020304568528 0.5084615384615384 0.6395939086294417 0.5084615384615384 0.6395939086294417 0.5569230769230769 0.618020304568528 0.5569230769230769
5 0.6459390862944162 0.5084615384615384 0.6751269035532994 0.5084615384615384 0.6751269035532994 0.5561538461538461 0.6459390862944162 0.5561538461538461
