14 0.25 0.6446153846153846 0.27918781725888325 0.6446153846153846 0.27918781725888325 0.693076923076923 0.25 0.693076923076923
32 0.28743654822335024 0.6446153846153846 0.30901015228426393 0.6446153846153846 0.30901015228426393 0.693076923076923 0.28743654822335024 0.693076923076923
17 0.3153553299492386 0.6446153846153846 0.34454314720812185 0.6446153846153846 0.34454314720812185 0.693076923076923 0.3153553299492386 0.693076923076923
36 0.3534263959390863 0.6446153846153846 0.3610406091370559 0.6446153846153846 0.3610406091370559 0.6753846153846154 0.3534263959390863 0.6753846153846154
1 0.3686548223350254 0.6446153846153846 0.38261421319796957 0.6446153846153846 0.38261421319796957 0.693076923076923 0.3686548223350254 0.693076923076923
2 0.3895939086294416 0.6446153846153846 0.41878172588832485 0.6446153846153846 0.41878172588832485 0.693076923076923 0.3895939086294416 0.693076923076923
37 0.4276649746192893 0.6446153846153846 0.45685279187817257 0.6446153846153846 0.45685279187817257 0.6799999999999999 0.4276649746192893 0.6799999999999999
0 0.4631979695431472 0.6446153846153846 0.48477157360406087 0.6446153846153846 0.48477157360406087 0.693076923076923 0.4631979695431472 0.693076923076923
1 0.4936548223350254 0.6446153846153846 0.5126903553299492 0.6446153846153846 0.5126903553299492 0.6923076923076923 0.4936548223350254 0.6923076923076923
37 0.5190355329949239 0.6446153846153846 0.5482233502538071 0.6446153846153846 0.5482233502538071 0.6799999999999999 0.5190355329949239 0.6799999999999999
2 0.5545685279187818 0.6446153846153846 0.583756345177665 0.6446153846153846 0.583756345177665 0.693076923076923 0.5545685279187818 0.693076923076923
0 0.5920050761421319 0.6446153846153846 0.6211928934010151 0.6446153846153846 0.6211928934010151 0.693076923076923 0.5920050761421319 0.693076923076923
2 0.6307106598984772 0.6446153846153846 0.6598984771573604 0.6446153846153846 0.6598984771573604 0.6923076923076923 0.6307106598984772 0.6923076923076923
4 0.6675126903553299 0.6446153846153846 0.6967005076142131 0.6446153846153846 0.6967005076142131 0.6923076923076923 0.6675126903553299 0.6923076923076923
21 0.25 0.7038461538461539 0.27918781725888325 0.7038461538461539 0.27918781725888325 0.7515384615384616 0.25 0.7515384615384616
17 0.2887055837563452 0.7038461538461539 0.3102791878172589 0.7038461538461539 0.3102791878172589 0.7523076923076923 0.2887055837563452 0.7523076923076923
30 0.31789340101522845 0.7038461538461539 0.33946700507614214 0.7038461538461539 0.33946700507614214 0.7523076923076923 0.31789340101522845 0.7523076923076923
36 0.3464467005076142 0.7038461538461539 0.35913705583756345 0.7038461538461539 0.35913705583756345 0.7400000000000001 0.3464467005076142 0.7400000000000001
1 0.36738578680203043 0.7038461538461539 0.3813451776649746 0.7038461538461539 0.3813451776649746 0.7530769230769231 0.36738578680203043 0.7530769230769231
2 0.3895939086294416 0.7038461538461539 0.4111675126903553 0.7038461538461539 0.4111675126903553 0.7523076923076923 0.3895939086294416 0.7523076923076923
37 0.4206852791878173 0.7038461538461539 0.44987309644670054 0.7038461538461539 0.44987309644670054 0.7392307692307692 0.4206852791878173 0.7392307692307692
3 0.4593908629441624 0.7038461538461539 0.4885786802030457 0.7038461538461539 0.4885786802030457 0.7515384615384616 0.4593908629441624 0.7515384615384616
0 0.49682741116751267 0.7038461538461539 0.5260152284263959 0.7038461538461539 0.5260152284263959 0.7515384615384616 0.49682741116751267 0.7515384615384616
37 0.5348984771573604 0.7038461538461539 0.5640862944162436 0.7038461538461539 0.5640862944162436 0.7400000000000001 0.5348984771573604 0.7400000000000001
2 0.5710659898477157 0.7038461538461539 0.5926395939086294 0.7038461538461539 0.5926395939086294 0.7523076923076923 0.5710659898477157 0.7523076923076923
0 0.6021573604060914 0.7038461538461539 0.623730964467005 0.7038461538461539 0.623730964467005 0.7523076923076923 0.6021573604060914 0.7523076923076923
2 0.6326142131979695 0.7038461538461539 0.6618020304568527 0.7038461538461539 0.6618020304568527 0.7515384615384616 0.6326142131979695 0.7515384615384616
4 0.6706852791878173 0.7038461538461539 0.6998730964467005 0.7038461538461539 0.6998730964467005 0.7515384615384616 0.6706852791878173 0.7515384615384616
