21 0.25 0.35923076923076924 0.27918781725888325 0.35923076923076924 0.27918781725888325 0.4076923076923077 0.25 0.4076923076923077
12 0.28616751269035534 0.35923076923076924 0.3153553299492386 0.35923076923076924 0.3153553299492386 0.40692307692307694 0.28616751269035534 0.40692307692307694
22 0.3223350253807107 0.35923076923076924 0.35152284263959394 0.35923076923076924 0.35152284263959394 0.40692307692307694 0.3223350253807107 0.40692307692307694
36 0.35850253807106597 0.35923076923076924 0.37246192893401014 0.35923076923076924 0.37246192893401014 0.39461538461538465 0.35850253807106597 0.39461538461538465
0 0.3813451776649746 0.35923076923076924 0.41053299492385786 0.35923076923076924 0.41053299492385786 0.40692307692307694 0.3813451776649746 0.40692307692307694
8 0.4168781725888325 0.35923076923076924 0.4460659898477157 0.35923076923076924 0.4460659898477157 0.40692307692307694 0.4168781725888325 0.40692307692307694
37 0.4549492385786802 0.35923076923076924 0.48413705583756345 0.35923076923076924 0.48413705583756345 0.39461538461538465 0.4549492385786802 0.39461538461538465
1 0.49238578680203043 0.35923076923076924 0.5063451776649746 0.35923076923076924 0.5063451776649746 0.4076923076923077 0.49238578680203043 0.4076923076923077
1 0.5158629441624365 0.35923076923076924 0.5348984771573604 0.35923076923076924 0.5348984771573604 0.40692307692307694 0.5158629441624365 0.40692307692307694
37 0.5425126903553299 0.35923076923076924 0.5717005076142131 0.35923076923076924 0.5717005076142131 0.3953846153846154 0.5425126903553299 0.3953846153846154
2 0.5812182741116751 0.35923076923076924 0.6027918781725888 0.35923076923076924 0.6027918781725888 0.4076923076923077 0.5812182741116751 0.4076923076923077
0 0.6097715736040609 0.35923076923076924 0.6389593908629441 0.35923076923076924 0.6389593908629441 0.40692307692307694 0.6097715736040609 0.40692307692307694
2 0.6453045685279187 0.35923076923076924 0.6744923857868019 0.35923076923076924 0.6744923857868019 0.40692307692307694 0.6453045685279187 0.40692307692307694
5 0.682741116751269 0.35923076923076924 0.7119289340101522 0.35923076923076924 0.7119289340101522 0.40692307692307694 0.682741116751269 0.40692307692307694
27 0.25 0.41846153846153844 0.2715736040609137 0.41846153846153844 0.2715736040609137 0.4669230769230769 0.25 0.4669230769230769
16 0.27982233502538073 0.41846153846153844 0.3013959390862944 0.41846153846153844 0.3013959390862944 0.4669230769230769 0.27982233502538073 0.4669230769230769
25 0.3102791878172589 0.41846153846153844 0.33185279187817257 0.41846153846153844 0.33185279187817257 0.4676923076923077 0.3102791878172589 0.4676923076923077
36 0.3401015228426396 0.41846153846153844 0.35279187817258884 0.41846153846153844 0.35279187817258884 0.45384615384615384 0.3401015228426396 0.45384615384615384
0 0.3616751269035533 0.41846153846153844 0.39086294416243655 0.41846153846153844 0.39086294416243655 0.4669230769230769 0.3616751269035533 0.4669230769230769
4 0.39784263959390864 0.41846153846153844 0.4270304568527919 0.41846153846153844 0.4270304568527919 0.46615384615384614 0.39784263959390864 0.46615384615384614
37 0.43591370558375636 0.41846153846153844 0.4651015228426396 0.41846153846153844 0.4651015228426396 0.45307692307692304 0.43591370558375636 0.45307692307692304
2 0.4739847715736041 0.41846153846153844 0.49555837563451777 0.41846153846153844 0.49555837563451777 0.4669230769230769 0.4739847715736041 0.4669230769230769
2 0.5038071065989848 0.41846153846153844 0.5253807106598984 0.41846153846153844 0.5253807106598984 0.4669230769230769 0.5038071065989848 0.4669230769230769
37 0.5348984771573604 0.41846153846153844 0.5640862944162436 0.41846153846153844 0.5640862944162436 0.45384615384615384 0.5348984771573604 0.45384615384615384
2 0.5717005076142132 0.41846153846153844 0.5932741116751269 0.41846153846153844 0.5932741116751269 0.4669230769230769 0.5717005076142132 0.4669230769230769
0 0.6008883248730964 0.41846153846153844 0.6300761421319796 0.41846153846153844 0.6300761421319796 0.46615384615384614 0.6008883248730964 0.46615384615384614
2 0.6376903553299492 0.41846153846153844 0.6592639593908629 0.41846153846153844 0.6592639593908629 0.4676923076923077 0.6376903553299492 0.4676923076923077
5 0.6668781725888325 0.41846153846153844 0.6884517766497462 0.41846153846153844 0.6884517766497462 0.4669230769230769 0.6668781725888325 0.4669230769230769
