24 0.25 0.5423076923076923 0.2715736040609137 0.5423076923076923 0.2715736040609137 0.5907692307692307 0.25 0.5907692307692307
28 0.27918781725888325 0.5423076923076923 0.3083756345177665 0.5423076923076923 0.3083756345177665 0.59 0.27918781725888325 0.59
35 0.31725888324873097 0.5423076923076923 0.33883248730964466 0.5423076923076923 0.33883248730964466 0.5907692307692307 0.31725888324873097 0.5907692307692307
36 0.3470812182741117 0.5423076923076923 0.3597715736040609 0.5423076923076923 0.3597715736040609 0.5784615384615385 0.3470812182741117 0.5784615384615385
0 0.36928934010152287 0.5423076923076923 0.3984771573604061 0.5423076923076923 0.3984771573604061 0.59 0.36928934010152287 0.59
1 0.4073604060913706 0.5423076923076923 0.42131979695431476 0.5423076923076923 0.42131979695431476 0.5907692307692307 0.4073604060913706 0.5907692307692307
37 0.4302030456852792 0.5423076923076923 0.4593908629441624 0.5423076923076923 0.4593908629441624 0.5784615384615385 0.4302030456852792 0.5784615384615385
2 0.4663705583756345 0.5423076923076923 0.49555837563451777 0.5423076923076923 0.49555837563451777 0.59 0.4663705583756345 0.59
8 0.5038071065989848 0.5423076923076923 0.5253807106598984 0.5423076923076923 0.5253807106598984 0.5907692307692307 0.5038071065989848 0.5907692307692307
37 0.5329949238578681 0.5423076923076923 0.5621827411167513 0.5423076923076923 0.5621827411167513 0.5784615384615385 0.5329949238578681 0.5784615384615385
2 0.5710659898477157 0.5423076923076923 0.6002538071065989 0.5423076923076923 0.6002538071065989 0.5907692307692307 0.5710659898477157 0.5907692307692307
0 0.6065989847715736 0.5423076923076923 0.6281725888324873 0.5423076923076923 0.6281725888324873 0.5915384615384615 0.6065989847715736 0.5915384615384615
2 0.6364213197969543 0.5423076923076923 0.6656091370558375 0.5423076923076923 0.6656091370558375 0.59 0.6364213197969543 0.59
5 0.6738578680203046 0.5423076923076923 0.6954314720812182 0.5423076923076923 0.6954314720812182 0.5915384615384615 0.6738578680203046 0.5915384615384615
31 0.25 0.6015384615384616 0.2715736040609137 0.6015384615384616 0.2715736040609137 0.65 0.25 0.65
28 0.27918781725888325 0.6015384615384616 0.3083756345177665 0.6015384615384616 0.3083756345177665 0.6492307692307693 0.27918781725888325 0.6492307692307693
16 0.3147208121827411 0.6015384615384616 0.34390862944162437 0.6015384615384616 0.34390862944162437 0.65 0.3147208121827411 0.65
36 0.35088832487309646 0.6015384615384616 0.358502538071066 0.6015384615384616 0.358502538071066 0.6307692307692309 0.35088832487309646 0.6307692307692309
0 0.36484771573604063 0.6015384615384616 0.3864213197969543 0.6015384615384616 0.3864213197969543 0.65 0.36484771573604063 0.65
1 0.39593908629441626 0.6015384615384616 0.40989847715736044 0.6015384615384616 0.40989847715736044 0.6507692307692308 0.39593908629441626 0.6507692307692308
37 0.41751269035532995 0.6015384615384616 0.4467005076142132 0.6015384615384616 0.4467005076142132 0.6369230769230769 0.41751269035532995 0.6369230769230769
2 0.4549492385786802 0.6015384615384616 0.48413705583756345 0.6015384615384616 0.48413705583756345 0.6492307692307693 0.4549492385786802 0.6492307692307693
4 0.49048223350253806 0.6015384615384616 0.5196700507614213 0.6015384615384616 0.5196700507614213 0.6492307692307693 0.49048223350253806 0.6492307692307693
37 0.5291878172588832 0.6015384615384616 0.5583756345177664 0.6015384615384616 0.5583756345177664 0.6369230769230769 0.5291878172588832 0.6369230769230769
2 0.5678934010152284 0.6015384615384616 0.5970812182741116 0.6015384615384616 0.5970812182741116 0.6492307692307693 0.5678934010152284 0.6492307692307693
0 0.6059644670050761 0.6015384615384616 0.6351522842639593 0.6015384615384616 0.6351522842639593 0.6492307692307693 0.6059644670050761 0.6492307692307693
2 0.6434010152284264 0.6015384615384616 0.6725888324873096 0.6015384615384616 0.6725888324873096 0.6492307692307693 0.6434010152284264 0.6492307692307693
5 0.6808375634517766 0.6015384615384616 0.7100253807106598 0.6015384615384616 0.7100253807106598 0.6492307692307693 0.6808375634517766 0.6492307692307693
