12 0.25 0.49846153846153846 0.27918781725888325 0.49846153846153846 0.27918781725888325 0.5461538461538461 0.25 0.5461538461538461
11 0.2868020304568528 0.49846153846153846 0.31598984771573607 0.49846153846153846 0.31598984771573607 0.5461538461538461 0.2868020304568528 0.5461538461538461
34 0.32550761421319796 0.49846153846153846 0.34708121827411165 0.49846153846153846 0.34708121827411165 0.546923076923077 0.32550761421319796 0.546923076923077
36 0.3534263959390863 0.49846153846153846 0.3610406091370559 0.49846153846153846 0.3610406091370559 0.5292307692307692 0.3534263959390863 0.5292307692307692
0 0.36738578680203043 0.49846153846153846 0.3889593908629441 0.49846153846153846 0.3889593908629441 0.546923076923077 0.36738578680203043 0.546923076923077
5 0.3953045685279188 0.49846153846153846 0.42449238578680204 0.49846153846153846 0.42449238578680204 0.5461538461538461 0.3953045685279188 0.5461538461538461
37 0.43274111675126903 0.49846153846153846 0.4619289340101523 0.49846153846153846 0.4619289340101523 0.5338461538461539 0.43274111675126903 0.5338461538461539
2 0.4682741116751269 0.49846153846153846 0.49746192893401014 0.49846153846153846 0.49746192893401014 0.5461538461538461 0.4682741116751269 0.5461538461538461
7 0.506979695431472 0.49846153846153846 0.5285532994923857 0.49846153846153846 0.5285532994923857 0.546923076923077 0.506979695431472 0.546923076923077
37 0.5380710659898477 0.49846153846153846 0.5672588832487309 0.49846153846153846 0.5672588832487309 0.5330769230769231 0.5380710659898477 0.5330769230769231
2 0.5748730964467005 0.49846153846153846 0.6040609137055837 0.49846153846153846 0.6040609137055837 0.546923076923077 0.5748730964467005 0.546923076923077
0 0.6104060913705583 0.49846153846153846 0.6395939086294415 0.49846153846153846 0.6395939086294415 0.5461538461538461 0.6104060913705583 0.5461538461538461
2 0.6472081218274112 0.49846153846153846 0.6763959390862944 0.49846153846153846 0.6763959390862944 0.546923076923077 0.6472081218274112 0.546923076923077
5 0.6859137055837563 0.49846153846153846 0.7151015228426395 0.49846153846153846 0.7151015228426395 0.5461538461538461 0.6859137055837563 0.5461538461538461
34 0.25 0.5576923076923077 0.27918781725888325 0.5576923076923077 0.27918781725888325 0.6061538461538462 0.25 0.6061538461538462
14 0.2887055837563452 0.5576923076923077 0.3102791878172589 0.5576923076923077 0.3102791878172589 0.6061538461538462 0.2887055837563452 0.6061538461538462
22 0.31916243654822335 0.5576923076923077 0.3483502538071066 0.5576923076923077 0.3483502538071066 0.6053846153846154 0.31916243654822335 0.6053846153846154
36 0.35723350253807107 0.5576923076923077 0.3699238578680203 0.5576923076923077 0.3699238578680203 0.5930769230769231 0.35723350253807107 0.5930769230769231
0 0.37753807106598986 0.5576923076923077 0.4067258883248731 0.5576923076923077 0.4067258883248731 0.6053846153846154 0.37753807106598986 0.6053846153846154
8 0.41624365482233505 0.5576923076923077 0.43781725888324874 0.5576923076923077 0.43781725888324874 0.6061538461538462 0.41624365482233505 0.6061538461538462
37 0.4473350253807107 0.5576923076923077 0.47652284263959394 0.5576923076923077 0.47652284263959394 0.5938461538461539 0.4473350253807107 0.5938461538461539
2 0.4854060913705584 0.5576923076923077 0.5069796954314721 0.5576923076923077 0.5069796954314721 0.6061538461538462 0.4854060913705584 0.6061538461538462
5 0.5152284263959391 0.5576923076923077 0.5444162436548223 0.5576923076923077 0.5444162436548223 0.6053846153846154 0.5152284263959391 0.6053846153846154
37 0.5532994923857868 0.5576923076923077 0.58248730964467 0.5576923076923077 0.58248730964467 0.5930769230769231 0.5532994923857868 0.5930769230769231
2 0.5894670050761421 0.5576923076923077 0.6186548223350253 0.5576923076923077 0.6186548223350253 0.6053846153846154 0.5894670050761421 0.6053846153846154
0 0.6269035532994924 0.5576923076923077 0.6560913705583756 0.5576923076923077 0.6560913705583756 0.6053846153846154 0.6269035532994924 0.6053846153846154
2 0.6649746192893401 0.5576923076923077 0.6865482233502538 0.5576923076923077 0.6865482233502538 0.6061538461538462 0.6649746192893401 0.6061538461538462
5 0.6935279187817259 0.5576923076923077 0.7227157360406091 0.5576923076923077 0.7227157360406091 0.6053846153846154 0.6935279187817259 0.6053846153846154
