13 0.25 0.3576923076923077 0.2715736040609137 0.3576923076923077 0.2715736040609137 0.40615384615384614 0.25 0.40615384615384614
35 0.27918781725888325 0.3576923076923077 0.3083756345177665 0.3576923076923077 0.3083756345177665 0.4053846153846154 0.27918781725888325 0.4053846153846154
33 0.3147208121827411 0.3576923076923077 0.34390862944162437 0.3576923076923077 0.34390862944162437 0.4053846153846154 0.3147208121827411 0.4053846153846154
36 0.350253807106599 0.3576923076923077 0.3565989847715736 0.3576923076923077 0.3565989847715736 0.38769230769230767 0.350253807106599 0.38769230769230767
0 0.3635786802030457 0.3576923076923077 0.39276649746192893 0.3576923076923077 0.39276649746192893 0.4053846153846154 0.3635786802030457 0.4053846153846154
8 0.4003807106598985 0.3576923076923077 0.42956852791878175 0.3576923076923077 0.42956852791878175 0.4053846153846154 0.4003807106598985 0.4053846153846154
37 0.4365482233502538 0.3576923076923077 0.46573604060913704 0.3576923076923077 0.46573604060913704 0.39384615384615385 0.4365482233502538 0.39384615384615385
2 0.4746192893401015 0.3576923076923077 0.5038071065989848 0.3576923076923077 0.5038071065989848 0.4053846153846154 0.4746192893401015 0.4053846153846154
0 0.5126903553299492 0.3576923076923077 0.5418781725888324 0.3576923076923077 0.5418781725888324 0.40615384615384614 0.5126903553299492 0.40615384615384614
37 0.5513959390862944 0.3576923076923077 0.5805837563451776 0.3576923076923077 0.5805837563451776 0.3930769230769231 0.5513959390862944 0.3930769230769231
2 0.5875634517766497 0.3576923076923077 0.6167512690355329 0.3576923076923077 0.6167512690355329 0.40615384615384614 0.5875634517766497 0.40615384615384614
0 0.625 0.3576923076923077 0.6541878172588832 0.3576923076923077 0.6541878172588832 0.40615384615384614 0.625 0.40615384615384614
2 0.6605329949238579 0.3576923076923077 0.6821065989847716 0.3576923076923077 0.6821065989847716 0.40615384615384614 0.6605329949238579 0.40615384615384614
5 0.690989847715736 0.3576923076923077 0.7201776649746192 0.3576923076923077 0.7201776649746192 0.4053846153846154 0.690989847715736 0.4053846153846154
35 0.25 0.4169230769230769 0.27918781725888325 0.4169230769230769 0.27918781725888325 0.46538461538461534 0.25 0.46538461538461534
13 0.2868020304568528 0.4169230769230769 0.3083756345177665 0.4169230769230769 0.3083756345177665 0.46538461538461534 0.2868020304568528 0.46538461538461534
16 0.3147208121827411 0.4169230769230769 0.34390862944162437 0.4169230769230769 0.34390862944162437 0.4646153846153846 0.3147208121827411 0.4646153846153846
36 0.35088832487309646 0.4169230769230769 0.3635786802030457 0.4169230769230769 0.3635786802030457 0.4523076923076923 0.35088832487309646 0.4523076923076923
0 0.37246192893401014 0.4169230769230769 0.4016497461928934 0.4169230769230769 0.4016497461928934 0.4646153846153846 0.37246192893401014 0.4646153846153846
9 0.41053299492385786 0.4169230769230769 0.4397208121827411 0.4169230769230769 0.4397208121827411 0.4646153846153846 0.41053299492385786 0.4646153846153846
37 0.4473350253807107 0.4169230769230769 0.47652284263959394 0.4169230769230769 0.47652284263959394 0.4523076923076923 0.4473350253807107 0.4523076923076923
2 0.48286802030456855 0.4169230769230769 0.5120558375634517 0.4169230769230769 0.5120558375634517 0.4646153846153846 0.48286802030456855 0.4646153846153846
6 0.5196700507614214 0.4169230769230769 0.541243654822335 0.4169230769230769 0.541243654822335 0.46538461538461534 0.5196700507614214 0.46538461538461534
37 0.550761421319797 0.4169230769230769 0.5799492385786802 0.4169230769230769 0.5799492385786802 0.4523076923076923 0.550761421319797 0.4523076923076923
2 0.5888324873096447 0.4169230769230769 0.6180203045685279 0.4169230769230769 0.6180203045685279 0.4646153846153846 0.5888324873096447 0.4646153846153846
0 0.626269035532995 0.4169230769230769 0.6554568527918782 0.4169230769230769 0.6554568527918782 0.4646153846153846 0.626269035532995 0.4646153846153846
2 0.6643401015228426 0.4169230769230769 0.6935279187817258 0.4169230769230769 0.6935279187817258 0.4646153846153846 0.6643401015228426 0.4646153846153846
5 0.7030456852791879 0.4169230769230769 0.7322335025380711 0.4169230769230769 0.7322335025380711 0.4646153846153846 0.7030456852791879 0.4646153846153846
