20 0.25 0.3676923076923077 0.27918781725888325 0.3676923076923077 0.27918781725888325 0.41615384615384615 0.25 0.41615384615384615
12 0.2868020304568528 0.3676923076923077 0.3083756345177665 0.3676923076923077 0.3083756345177665 0.41692307692307695 0.2868020304568528 0.41692307692307695
12 0.31789340101522845 0.3676923076923077 0.33946700507614214 0.3676923076923077 0.33946700507614214 0.41615384615384615 0.31789340101522845 0.41615384615384615
36 0.3477157360406091 0.3676923076923077 0.36040609137055835 0.3676923076923077 0.36040609137055835 0.4030769230769231 0.3477157360406091 0.4030769230769231
0 0.3686548223350254 0.3676923076923077 0.39784263959390864 0.3676923076923077 0.39784263959390864 0.4153846153846154 0.3686548223350254 0.4153846153846154
4 0.4073604060913706 0.3676923076923077 0.4289340101522843 0.3676923076923077 0.4289340101522843 0.41615384615384615 0.4073604060913706 0.41615384615384615
37 0.4365482233502538 0.3676923076923077 0.46573604060913704 0.3676923076923077 0.46573604060913704 0.4030769230769231 0.4365482233502538 0.4030769230769231
2 0.4727157360406091 0.3676923076923077 0.4942893401015228 0.3676923076923077 0.4942893401015228 0.41615384615384615 0.4727157360406091 0.41615384615384615
2 0.5006345177664975 0.3676923076923077 0.5298223350253807 0.3676923076923077 0.5298223350253807 0.4153846153846154 0.5006345177664975 0.4153846153846154
37 0.5387055837563451 0.3676923076923077 0.5678934010152283 0.3676923076923077 0.5678934010152283 0.4030769230769231 0.5387055837563451 0.4030769230769231
2 0.5767766497461929 0.3676923076923077 0.6059644670050761 0.3676923076923077 0.6059644670050761 0.4153846153846154 0.5767766497461929 0.4153846153846154
0 0.6129441624365483 0.3676923076923077 0.6345177664974619 0.3676923076923077 0.6345177664974619 0.41615384615384615 0.6129441624365483 0.41615384615384615
2 0.641497461928934 0.3676923076923077 0.6630710659898477 0.3676923076923077 0.6630710659898477 0.41692307692307695 0.641497461928934 0.41692307692307695
5 0.6719543147208121 0.3676923076923077 0.6935279187817258 0.3676923076923077 0.6935279187817258 0.41615384615384615 0.6719543147208121 0.41615384615384615
26 0.25 0.4269230769230769 0.2715736040609137 0.4269230769230769 0.2715736040609137 0.47615384615384615 0.25 0.47615384615384615
11 0.27918781725888325 0.4269230769230769 0.3083756345177665 0.4269230769230769 0.3083756345177665 0.4746153846153846 0.27918781725888325 0.4746153846153846
16 0.3166243654822335 0.4269230769230769 0.34581218274111675 0.4269230769230769 0.34581218274111675 0.4746153846153846 0.3166243654822335 0.4746153846153846
36 0.35215736040609136 0.4269230769230769 0.3597715736040609 0.4269230769230769 0.3597715736040609 0.45615384615384613 0.35215736040609136 0.45615384615384613
0 0.3686548223350254 0.4269230769230769 0.39784263959390864 0.4269230769230769 0.39784263959390864 0.4746153846153846 0.3686548223350254 0.4746153846153846
4 0.40545685279187815 0.4269230769230769 0.42703045685279184 0.4269230769230769 0.42703045685279184 0.47538461538461535 0.40545685279187815 0.47538461538461535
37 0.4352791878172589 0.4269230769230769 0.46446700507614214 0.4269230769230769 0.46446700507614214 0.4623076923076923 0.4352791878172589 0.4623076923076923
0 0.47081218274111675 0.4269230769230769 0.5 0.4269230769230769 0.5 0.4746153846153846 0.47081218274111675 0.4746153846153846
9 0.5063451776649747 0.4269230769230769 0.5355329949238579 0.4269230769230769 0.5355329949238579 0.4746153846153846 0.5063451776649747 0.4746153846153846
37 0.5450507614213198 0.4269230769230769 0.574238578680203 0.4269230769230769 0.574238578680203 0.46307692307692305 0.5450507614213198 0.46307692307692305
2 0.5818527918781726 0.4269230769230769 0.6110406091370558 0.4269230769230769 0.6110406091370558 0.47538461538461535 0.5818527918781726 0.47538461538461535
0 0.6186548223350253 0.4269230769230769 0.640228426395939 0.4269230769230769 0.640228426395939 0.47615384615384615 0.6186548223350253 0.47615384615384615
2 0.6465736040609137 0.4269230769230769 0.6757614213197969 0.4269230769230769 0.6757614213197969 0.47538461538461535 0.6465736040609137 0.47538461538461535
5 0.684010152284264 0.4269230769230769 0.7055837563451777 0.4269230769230769 0.7055837563451777 0.47615384615384615 0.684010152284264 0.47615384615384615
