12 0.25 0.35615384615384615 0.2715736040609137 0.35615384615384615 0.2715736040609137 0.4046153846153846 0.25 0.4046153846153846
24 0.2779187817258883 0.35615384615384615 0.299492385786802 0.35615384615384615 0.299492385786802 0.4046153846153846 0.2779187817258883 0.4046153846153846
20 0.30710659898477155 0.35615384615384615 0.3362944162436548 0.35615384615384615 0.3362944162436548 0.40384615384615385 0.30710659898477155 0.40384615384615385
36 0.34581218274111675 0.35615384615384615 0.3597715736040609 0.35615384615384615 0.3597715736040609 0.3923076923076923 0.34581218274111675 0.3923076923076923
0 0.3680203045685279 0.35615384615384615 0.39720812182741116 0.35615384615384615 0.39720812182741116 0.40384615384615385 0.3680203045685279 0.40384615384615385
4 0.40545685279187815 0.35615384615384615 0.4346446700507614 0.35615384615384615 0.4346446700507614 0.40384615384615385 0.40545685279187815 0.40384615384615385
37 0.44416243654822335 0.35615384615384615 0.4733502538071066 0.35615384615384615 0.4733502538071066 0.39153846153846156 0.44416243654822335 0.39153846153846156
2 0.48096446700507617 0.35615384615384615 0.5101522842639594 0.35615384615384615 0.5101522842639594 0.40384615384615385 0.48096446700507617 0.40384615384615385
6 0.5171319796954315 0.35615384615384615 0.5463197969543147 0.35615384615384615 0.5463197969543147 0.40384615384615385 0.5171319796954315 0.40384615384615385
37 0.5532994923857868 0.35615384615384615 0.58248730964467 0.35615384615384615 0.58248730964467 0.3923076923076923 0.5532994923857868 0.3923076923076923
2 0.5920050761421319 0.35615384615384615 0.6211928934010151 0.35615384615384615 0.6211928934010151 0.40384615384615385 0.5920050761421319 0.40384615384615385
0 0.6307106598984772 0.35615384615384615 0.6598984771573604 0.35615384615384615 0.6598984771573604 0.40384615384615385 0.6307106598984772 0.40384615384615385
2 0.6681472081218274 0.35615384615384615 0.6973350253807106 0.35615384615384615 0.6973350253807106 0.40384615384615385 0.6681472081218274 0.40384615384615385
5 0.7043147208121827 0.35615384615384615 0.7258883248730964 0.35615384615384615 0.7258883248730964 0.4046153846153846 0.7043147208121827 0.4046153846153846
35 0.25 0.4153846153846154 0.2715736040609137 0.4153846153846154 0.2715736040609137 0.46461538461538465 0.25 0.46461538461538465
20 0.2785532994923858 0.4153846153846154 0.30774111675126903 0.4153846153846154 0.30774111675126903 0.4630769230769231 0.2785532994923858 0.4630769230769231
33 0.31408629441624364 0.4153846153846154 0.3356598984771573 0.4153846153846154 0.3356598984771573 0.46384615384615385 0.31408629441624364 0.46384615384615385
36 0.3432741116751269 0.4153846153846154 0.3559644670050761 0.4153846153846154 0.3559644670050761 0.4507692307692308 0.3432741116751269 0.4507692307692308
0 0.36421319796954316 0.4153846153846154 0.3934010152284264 0.4153846153846154 0.3934010152284264 0.46384615384615385 0.36421319796954316 0.46384615384615385
7 0.4016497461928934 0.4153846153846154 0.4232233502538071 0.4153846153846154 0.4232233502538071 0.46384615384615385 0.4016497461928934 0.46384615384615385
37 0.43210659898477155 0.4153846153846154 0.4612944162436548 0.4153846153846154 0.4612944162436548 0.4507692307692308 0.43210659898477155 0.4507692307692308
1 0.4682741116751269 0.4153846153846154 0.4873096446700508 0.4153846153846154 0.4873096446700508 0.4630769230769231 0.4682741116751269 0.4630769230769231
0 0.49682741116751267 0.4153846153846154 0.5184010152284264 0.4153846153846154 0.5184010152284264 0.46384615384615385 0.49682741116751267 0.46384615384615385
37 0.5279187817258884 0.4153846153846154 0.5571065989847716 0.4153846153846154 0.5571065989847716 0.4507692307692308 0.5279187817258884 0.4507692307692308
2 0.5640862944162437 0.4153846153846154 0.5856598984771574 0.4153846153846154 0.5856598984771574 0.46384615384615385 0.5640862944162437 0.46384615384615385
0 0.5920050761421319 0.4153846153846154 0.6211928934010151 0.4153846153846154 0.6211928934010151 0.4630769230769231 0.5920050761421319 0.4630769230769231
2 0.6307106598984772 0.4153846153846154 0.6522842639593909 0.4153846153846154 0.6522842639593909 0.46461538461538465 0.6307106598984772 0.46461538461538465
5 0.6605329949238579 0.4153846153846154 0.6821065989847716 0.4153846153846154 0.6821065989847716 0.46384615384615385 0.6605329949238579 0.46384615384615385
