11 0.25 0.3392307692307692 0.2715736040609137 0.3392307692307692 0.2715736040609137 0.38846153846153847 0.25 0.38846153846153847
20 0.27918781725888325 0.3392307692307692 0.3083756345177665 0.3392307692307692 0.3083756345177665 0.3869230769230769 0.27918781725888325 0.3869230769230769
10 0.3147208121827411 0.3392307692307692 0.3362944162436548 0.3392307692307692 0.3362944162436548 0.38769230769230767 0.3147208121827411 0.38769230769230767
36 0.3426395939086294 0.3392307692307692 0.35532994923857864 0.3392307692307692 0.35532994923857864 0.37461538461538463 0.3426395939086294 0.37461538461538463
0 0.36421319796954316 0.3392307692307692 0.3934010152284264 0.3392307692307692 0.3934010152284264 0.3869230769230769 0.36421319796954316 0.3869230769230769
6 0.399746192893401 0.3392307692307692 0.4213197969543147 0.3392307692307692 0.4213197969543147 0.38846153846153847 0.399746192893401 0.38846153846153847
37 0.4282994923857868 0.3392307692307692 0.45748730964467005 0.3392307692307692 0.45748730964467005 0.37538461538461537 0.4282994923857868 0.37538461538461537
2 0.4663705583756345 0.3392307692307692 0.4879441624365482 0.3392307692307692 0.4879441624365482 0.38769230769230767 0.4663705583756345 0.38769230769230767
4 0.49428934010152287 0.3392307692307692 0.5234771573604061 0.3392307692307692 0.5234771573604061 0.3869230769230769 0.49428934010152287 0.3869230769230769
37 0.5298223350253807 0.3392307692307692 0.5590101522842639 0.3392307692307692 0.5590101522842639 0.37461538461538463 0.5298223350253807 0.37461538461538463
2 0.5685279187817259 0.3392307692307692 0.5977157360406091 0.3392307692307692 0.5977157360406091 0.3869230769230769 0.5685279187817259 0.3869230769230769
0 0.6053299492385786 0.3392307692307692 0.6269035532994923 0.3392307692307692 0.6269035532994923 0.38846153846153847 0.6053299492385786 0.38846153846153847
2 0.633248730964467 0.3392307692307692 0.6548223350253807 0.3392307692307692 0.6548223350253807 0.38846153846153847 0.633248730964467 0.38846153846153847
5 0.6630710659898477 0.3392307692307692 0.6922588832487309 0.3392307692307692 0.6922588832487309 0.38769230769230767 0.6630710659898477 0.38769230769230767
24 0.25 0.3984615384615385 0.2715736040609137 0.3984615384615385 0.2715736040609137 0.4469230769230769 0.25 0.4469230769230769
13 0.28109137055837563 0.3984615384615385 0.3026649746192893 0.3984615384615385 0.3026649746192893 0.4469230769230769 0.28109137055837563 0.4469230769230769
32 0.31218274111675126 0.3984615384615385 0.3413705583756345 0.3984615384615385 0.3413705583756345 0.4461538461538462 0.31218274111675126 0.4461538461538462
36 0.3477157360406091 0.3984615384615385 0.3553299492385787 0.3984615384615385 0.3553299492385787 0.42923076923076925 0.3477157360406091 0.42923076923076925
0 0.3629441624365482 0.3984615384615385 0.3845177664974619 0.3984615384615385 0.3845177664974619 0.4469230769230769 0.3629441624365482 0.4469230769230769
3 0.39276649746192893 0.3984615384615385 0.4219543147208122 0.3984615384615385 0.4219543147208122 0.4461538461538462 0.39276649746192893 0.4461538461538462
37 0.4282994923857868 0.3984615384615385 0.45748730964467005 0.3984615384615385 0.45748730964467005 0.4346153846153846 0.4282994923857868 0.4346153846153846
2 0.46573604060913704 0.3984615384615385 0.4949238578680203 0.3984615384615385 0.4949238578680203 0.4461538461538462 0.46573604060913704 0.4461538461538462
5 0.5025380710659898 0.3984615384615385 0.531725888324873 0.3984615384615385 0.531725888324873 0.4461538461538462 0.5025380710659898 0.4461538461538462
37 0.5387055837563451 0.3984615384615385 0.5678934010152283 0.3984615384615385 0.5678934010152283 0.4346153846153846 0.5387055837563451 0.4346153846153846
2 0.5774111675126904 0.3984615384615385 0.6065989847715736 0.3984615384615385 0.6065989847715736 0.4461538461538462 0.5774111675126904 0.4461538461538462
0 0.6142131979695431 0.3984615384615385 0.6434010152284263 0.3984615384615385 0.6434010152284263 0.4461538461538462 0.6142131979695431 0.4461538461538462
2 0.649746192893401 0.3984615384615385 0.6789340101522842 0.3984615384615385 0.6789340101522842 0.4461538461538462 0.649746192893401 0.4461538461538462
5 0.6884517766497462 0.3984615384615385 0.7100253807106599 0.3984615384615385 0.7100253807106599 0.4469230769230769 0.6884517766497462 0.4469230769230769
