28 0.25 0.41923076923076924 0.27918781725888325 0.41923076923076924 0.27918781725888325 0.46692307692307694 0.25 0.46692307692307694
30 0.28616751269035534 0.41923076923076924 0.3153553299492386 0.41923076923076924 0.3153553299492386 0.46692307692307694 0.28616751269035534 0.46692307692307694
33 0.3248730964467005 0.41923076923076924 0.34644670050761417 0.41923076923076924 0.34644670050761417 0.4684615384615385 0.3248730964467005 0.4684615384615385
36 0.3553299492385787 0.41923076923076924 0.36928934010152287 0.41923076923076924 0.36928934010152287 0.45461538461538464 0.3553299492385787 0.45461538461538464
0 0.3762690355329949 0.41923076923076924 0.40545685279187815 0.41923076923076924 0.40545685279187815 0.46692307692307694 0.3762690355329949 0.46692307692307694
3 0.4118020304568528 0.41923076923076924 0.44098984771573607 0.41923076923076924 0.44098984771573607 0.46692307692307694 0.4118020304568528 0.46692307692307694
37 0.4473350253807107 0.41923076923076924 0.47652284263959394 0.41923076923076924 0.47652284263959394 0.45461538461538464 0.4473350253807107 0.45461538461538464
1 0.48413705583756345 0.41923076923076924 0.5031725888324873 0.41923076923076924 0.5031725888324873 0.46076923076923076 0.48413705583756345 0.46076923076923076
6 0.5107868020304569 0.41923076923076924 0.5323604060913706 0.41923076923076924 0.5323604060913706 0.4676923076923077 0.5107868020304569 0.4676923076923077
37 0.5418781725888325 0.41923076923076924 0.5710659898477157 0.41923076923076924 0.5710659898477157 0.4553846153846154 0.5418781725888325 0.4553846153846154
2 0.5805837563451777 0.41923076923076924 0.6097715736040609 0.41923076923076924 0.6097715736040609 0.4676923076923077 0.5805837563451777 0.4676923076923077
0 0.6173857868020305 0.41923076923076924 0.6389593908629442 0.41923076923076924 0.6389593908629442 0.4676923076923077 0.6173857868020305 0.4676923076923077
2 0.6465736040609137 0.41923076923076924 0.6757614213197969 0.41923076923076924 0.6757614213197969 0.46692307692307694 0.6465736040609137 0.46692307692307694
5 0.6821065989847716 0.41923076923076924 0.7112944162436547 0.41923076923076924 0.7112944162436547 0.4676923076923077 0.6821065989847716 0.4676923076923077
34 0.25 0.47846153846153844 0.27918781725888325 0.47846153846153844 0.27918781725888325 0.5269230769230769 0.25 0.5269230769230769
12 0.2868020304568528 0.47846153846153844 0.3083756345177665 0.47846153846153844 0.3083756345177665 0.5269230769230769 0.2868020304568528 0.5269230769230769
21 0.3153553299492386 0.47846153846153844 0.3369289340101523 0.47846153846153844 0.3369289340101523 0.5269230769230769 0.3153553299492386 0.5269230769230769
36 0.34454314720812185 0.47846153846153844 0.3521573604060914 0.47846153846153844 0.3521573604060914 0.5084615384615384 0.34454314720812185 0.5084615384615384
0 0.3597715736040609 0.47846153846153844 0.3889593908629442 0.47846153846153844 0.3889593908629442 0.5269230769230769 0.3597715736040609 0.5269230769230769
2 0.39720812182741116 0.47846153846153844 0.41878172588832485 0.47846153846153844 0.41878172588832485 0.5269230769230769 0.39720812182741116 0.5269230769230769
37 0.4282994923857868 0.47846153846153844 0.45748730964467005 0.47846153846153844 0.45748730964467005 0.5146153846153846 0.4282994923857868 0.5146153846153846
2 0.46446700507614214 0.47846153846153844 0.4936548223350254 0.47846153846153844 0.4936548223350254 0.5269230769230769 0.46446700507614214 0.5269230769230769
6 0.5025380710659898 0.47846153846153844 0.5241116751269035 0.47846153846153844 0.5241116751269035 0.5276923076923077 0.5025380710659898 0.5276923076923077
37 0.5336294416243654 0.47846153846153844 0.557741116751269 0.47846153846153844 0.557741116751269 0.5076923076923077 0.5336294416243654 0.5076923076923077
2 0.5640862944162437 0.47846153846153844 0.5856598984771574 0.47846153846153844 0.5856598984771574 0.5269230769230769 0.5640862944162437 0.5269230769230769
0 0.5932741116751269 0.47846153846153844 0.6224619289340101 0.47846153846153844 0.6224619289340101 0.5269230769230769 0.5932741116751269 0.5269230769230769
2 0.6307106598984772 0.47846153846153844 0.6598984771573604 0.47846153846153844 0.6598984771573604 0.5261538461538461 0.6307106598984772 0.5261538461538461
5 0.6694162436548223 0.47846153846153844 0.6986040609137055 0.47846153846153844 0.6986040609137055 0.5261538461538461 0.6694162436548223 0.5261538461538461
