21 0.25 0.3507692307692308 0.27918781725888325 0.3507692307692308 0.27918781725888325 0.3984615384615385 0.25 0.3984615384615385
20 0.28743654822335024 0.3507692307692308 0.3166243654822335 0.3507692307692308 0.3166243654822335 0.3984615384615385 0.28743654822335024 0.3984615384615385
31 0.32614213197969544 0.3507692307692308 0.3553299492385787 0.3507692307692308 0.3553299492385787 0.3992307692307692 0.32614213197969544 0.3992307692307692
36 0.3635786802030457 0.3507692307692308 0.3762690355329949 0.3507692307692308 0.3762690355329949 0.3861538461538462 0.3635786802030457 0.3861538461538462
1 0.38261421319796957 0.3507692307692308 0.4016497461928934 0.3507692307692308 0.4016497461928934 0.3984615384615385 0.38261421319796957 0.3984615384615385
2 0.4086294416243655 0.3507692307692308 0.43781725888324874 0.3507692307692308 0.43781725888324874 0.3984615384615385 0.4086294416243655 0.3984615384615385
37 0.44543147208121825 0.3507692307692308 0.4746192893401015 0.3507692307692308 0.4746192893401015 0.3861538461538462 0.44543147208121825 0.3861538461538462
0 0.48223350253807107 0.3507692307692308 0.5114213197969543 0.3507692307692308 0.5114213197969543 0.3984615384615385 0.48223350253807107 0.3984615384615385
6 0.5190355329949239 0.3507692307692308 0.5368020304568528 0.3507692307692308 0.5368020304568528 0.3992307692307692 0.5190355329949239 0.3992307692307692
37 0.5463197969543148 0.3507692307692308 0.575507614213198 0.3507692307692308 0.575507614213198 0.3861538461538462 0.5463197969543148 0.3861538461538462
2 0.583756345177665 0.3507692307692308 0.6129441624365481 0.3507692307692308 0.6129441624365481 0.3984615384615385 0.583756345177665 0.3984615384615385
0 0.6218274111675127 0.3507692307692308 0.6510152284263959 0.3507692307692308 0.6510152284263959 0.3984615384615385 0.6218274111675127 0.3984615384615385
2 0.6573604060913706 0.3507692307692308 0.6865482233502538 0.3507692307692308 0.6865482233502538 0.3984615384615385 0.6573604060913706 0.3984615384615385
4 0.6954314720812182 0.3507692307692308 0.7246192893401014 0.3507692307692308 0.7246192893401014 0.3984615384615385 0.6954314720812182 0.3984615384615385
31 0.25 0.41 0.27918781725888325 0.41 0.27918781725888325 0.4576923076923077 0.25 0.4576923076923077
31 0.28553299492385786 0.41 0.3147208121827411 0.41 0.3147208121827411 0.4576923076923077 0.28553299492385786 0.4576923076923077
10 0.3210659898477157 0.41 0.3426395939086294 0.41 0.3426395939086294 0.4592307692307692 0.3210659898477157 0.4592307692307692
36 0.350253807106599 0.41 0.3629441624365482 0.41 0.3629441624365482 0.4453846153846154 0.350253807106599 0.4453846153846154
0 0.37055837563451777 0.41 0.399746192893401 0.41 0.399746192893401 0.4576923076923077 0.37055837563451777 0.4576923076923077
4 0.4073604060913706 0.41 0.4289340101522843 0.41 0.4289340101522843 0.4584615384615384 0.4073604060913706 0.4584615384615384
37 0.43718274111675126 0.41 0.4663705583756345 0.41 0.4663705583756345 0.4446153846153846 0.43718274111675126 0.4446153846153846
2 0.4739847715736041 0.41 0.5031725888324873 0.41 0.5031725888324873 0.4576923076923077 0.4739847715736041 0.4576923076923077
9 0.5107868020304569 0.41 0.5399746192893401 0.41 0.5399746192893401 0.4576923076923077 0.5107868020304569 0.4576923076923077
37 0.5463197969543148 0.41 0.575507614213198 0.41 0.575507614213198 0.4446153846153846 0.5463197969543148 0.4446153846153846
2 0.5818527918781726 0.41 0.6110406091370558 0.41 0.6110406091370558 0.4576923076923077 0.5818527918781726 0.4576923076923077
0 0.6192893401015228 0.41 0.648477157360406 0.41 0.648477157360406 0.4576923076923077 0.6192893401015228 0.4576923076923077
2 0.6579949238578681 0.41 0.6871827411167513 0.41 0.6871827411167513 0.4576923076923077 0.6579949238578681 0.4576923076923077
5 0.6935279187817259 0.41 0.7151015228426396 0.41 0.7151015228426396 0.4584615384615384 0.6935279187817259 0.4584615384615384
