29 0.25 0.5438461538461539 0.27918781725888325 0.5438461538461539 0.27918781725888325 0.5915384615384616 0.25 0.5915384615384616
17 0.2887055837563452 0.5438461538461539 0.31789340101522845 0.5438461538461539 0.31789340101522845 0.5915384615384616 0.2887055837563452 0.5915384615384616
32 0.32423857868020306 0.5438461538461539 0.34581218274111675 0.5438461538461539 0.34581218274111675 0.5923076923076923 0.32423857868020306 0.5923076923076923
36 0.35406091370558374 0.5438461538461539 0.3680203045685279 0.5438461538461539 0.3680203045685279 0.5792307692307692 0.35406091370558374 0.5792307692307692
0 0.3743654822335025 0.5438461538461539 0.3959390862944162 0.5438461538461539 0.3959390862944162 0.5923076923076923 0.3743654822335025 0.5923076923076923
1 0.40545685279187815 0.5438461538461539 0.41941624365482233 0.5438461538461539 0.41941624365482233 0.5923076923076923 0.40545685279187815 0.5923076923076923
37 0.4263959390862944 0.5438461538461539 0.45558375634517767 0.5438461538461539 0.45558375634517767 0.5800000000000001 0.4263959390862944 0.5800000000000001
1 0.4631979695431472 0.5438461538461539 0.48223350253807107 0.5438461538461539 0.48223350253807107 0.5923076923076923 0.4631979695431472 0.5923076923076923
9 0.49048223350253806 0.5438461538461539 0.5196700507614213 0.5438461538461539 0.5196700507614213 0.5915384615384616 0.49048223350253806 0.5915384615384616
37 0.5285532994923858 0.5438461538461539 0.557741116751269 0.5438461538461539 0.557741116751269 0.5792307692307692 0.5285532994923858 0.5792307692307692
2 0.565989847715736 0.5438461538461539 0.5951776649746192 0.5438461538461539 0.5951776649746192 0.5915384615384616 0.565989847715736 0.5915384615384616
0 0.6015228426395939 0.5438461538461539 0.6307106598984771 0.5438461538461539 0.6307106598984771 0.5915384615384616 0.6015228426395939 0.5915384615384616
2 0.6383248730964467 0.5438461538461539 0.6675126903553299 0.5438461538461539 0.6675126903553299 0.5923076923076923 0.6383248730964467 0.5923076923076923
5 0.6763959390862944 0.5438461538461539 0.697969543147208 0.5438461538461539 0.697969543147208 0.5930769230769231 0.6763959390862944 0.5930769230769231
35 0.25 0.6030769230769231 0.2715736040609137 0.6030769230769231 0.2715736040609137 0.6523076923076923 0.25 0.6523076923076923
28 0.28045685279187815 0.6030769230769231 0.30203045685279184 0.6030769230769231 0.30203045685279184 0.6523076923076923 0.28045685279187815 0.6523076923076923
26 0.3115482233502538 0.6030769230769231 0.34073604060913704 0.6030769230769231 0.34073604060913704 0.6507692307692308 0.3115482233502538 0.6507692307692308
36 0.3489847715736041 0.6030769230769231 0.3616751269035533 0.6030769230769231 0.3616751269035533 0.6384615384615384 0.3489847715736041 0.6384615384615384
0 0.3699238578680203 0.6030769230769231 0.39911167512690354 0.6030769230769231 0.39911167512690354 0.6507692307692308 0.3699238578680203 0.6507692307692308
5 0.4073604060913706 0.6030769230769231 0.4289340101522843 0.6030769230769231 0.4289340101522843 0.6515384615384615 0.4073604060913706 0.6515384615384615
37 0.43591370558375636 0.6030769230769231 0.4651015228426396 0.6030769230769231 0.4651015228426396 0.6392307692307693 0.43591370558375636 0.6392307692307693
1 0.4746192893401015 0.6030769230769231 0.49365482233502533 0.6030769230769231 0.49365482233502533 0.6507692307692308 0.4746192893401015 0.6507692307692308
3 0.5019035532994924 0.6030769230769231 0.5310913705583756 0.6030769230769231 0.5310913705583756 0.6507692307692308 0.5019035532994924 0.6507692307692308
37 0.5374365482233503 0.6030769230769231 0.5666243654822335 0.6030769230769231 0.5666243654822335 0.6392307692307693 0.5374365482233503 0.6392307692307693
2 0.574238578680203 0.6030769230769231 0.6034263959390862 0.6030769230769231 0.6034263959390862 0.6507692307692308 0.574238578680203 0.6507692307692308
0 0.6123096446700508 0.6030769230769231 0.641497461928934 0.6030769230769231 0.641497461928934 0.6507692307692308 0.6123096446700508 0.6507692307692308
2 0.6503807106598984 0.6030769230769231 0.6795685279187816 0.6030769230769231 0.6795685279187816 0.6507692307692308 0.6503807106598984 0.6507692307692308
5 0.6859137055837563 0.6030769230769231 0.70748730964467 0.6030769230769231 0.70748730964467 0.6523076923076923 0.6859137055837563 0.6523076923076923
