23 0.25 0.3707692307692308 0.27918781725888325 0.3707692307692308 0.27918781725888325 0.4184615384615385 0.25 0.4184615384615385
15 0.2887055837563452 0.3707692307692308 0.31789340101522845 0.3707692307692308 0.31789340101522845 0.4184615384615385 0.2887055837563452 0.4184615384615385
32 0.32614213197969544 0.3707692307692308 0.3553299492385787 0.3707692307692308 0.3553299492385787 0.41923076923076924 0.32614213197969544 0.41923076923076924
36 0.36421319796954316 0.3707692307692308 0.3718274111675127 0.3707692307692308 0.3718274111675127 0.40076923076923077 0.36421319796954316 0.40076923076923077
0 0.3800761421319797 0.3707692307692308 0.40926395939086296 0.3707692307692308 0.40926395939086296 0.4184615384615385 0.3800761421319797 0.4184615384615385
4 0.4168781725888325 0.3707692307692308 0.4460659898477157 0.3707692307692308 0.4460659898477157 0.4184615384615385 0.4168781725888325 0.4184615384615385
37 0.45241116751269034 0.3707692307692308 0.4815989847715736 0.3707692307692308 0.4815989847715736 0.4061538461538462 0.45241116751269034 0.4061538461538462
1 0.49048223350253806 0.3707692307692308 0.5044416243654822 0.3707692307692308 0.5044416243654822 0.41000000000000003 0.49048223350253806 0.41000000000000003
9 0.5114213197969543 0.3707692307692308 0.5406091370558375 0.3707692307692308 0.5406091370558375 0.4184615384615385 0.5114213197969543 0.4184615384615385
37 0.5482233502538071 0.3707692307692308 0.5774111675126903 0.3707692307692308 0.5774111675126903 0.4061538461538462 0.5482233502538071 0.4061538461538462
2 0.5862944162436549 0.3707692307692308 0.6154822335025381 0.3707692307692308 0.6154822335025381 0.41923076923076924 0.5862944162436549 0.41923076923076924
0 0.6218274111675127 0.3707692307692308 0.6510152284263959 0.3707692307692308 0.6510152284263959 0.4184615384615385 0.6218274111675127 0.4184615384615385
2 0.6592639593908629 0.3707692307692308 0.6884517766497461 0.3707692307692308 0.6884517766497461 0.4184615384615385 0.6592639593908629 0.4184615384615385
5 0.6960659898477157 0.3707692307692308 0.7252538071065989 0.3707692307692308 0.7252538071065989 0.4184615384615385 0.6960659898477157 0.4184615384615385
28 0.25 0.43 0.2715736040609137 0.43 0.2715736040609137 0.47846153846153844 0.25 0.47846153846153844
20 0.28045685279187815 0.43 0.3096446700507614 0.43 0.3096446700507614 0.4776923076923077 0.28045685279187815 0.4776923076923077
20 0.315989847715736 0.43 0.3375634517766497 0.43 0.3375634517766497 0.47846153846153844 0.315989847715736 0.47846153846153844
36 0.3470812182741117 0.43 0.3610406091370559 0.43 0.3610406091370559 0.4653846153846154 0.3470812182741117 0.4653846153846154
0 0.3699238578680203 0.43 0.39911167512690354 0.43 0.39911167512690354 0.4776923076923077 0.3699238578680203 0.4776923076923077
7 0.4086294416243655 0.43 0.4302030456852792 0.43 0.4302030456852792 0.47923076923076924 0.4086294416243655 0.47923076923076924
37 0.4397208121827411 0.43 0.46890862944162437 0.43 0.46890862944162437 0.4653846153846154 0.4397208121827411 0.4653846153846154
0 0.47652284263959394 0.43 0.5057106598984772 0.43 0.5057106598984772 0.4776923076923077 0.47652284263959394 0.4776923076923077
2 0.5152284263959391 0.43 0.5444162436548223 0.43 0.5444162436548223 0.4776923076923077 0.5152284263959391 0.4776923076923077
37 0.5520304568527918 0.43 0.581218274111675 0.43 0.581218274111675 0.46615384615384614 0.5520304568527918 0.46615384615384614
2 0.5881979695431472 0.43 0.6097715736040609 0.43 0.6097715736040609 0.47846153846153844 0.5881979695431472 0.47846153846153844
0 0.6192893401015228 0.43 0.6408629441624365 0.43 0.6408629441624365 0.47846153846153844 0.6192893401015228 0.47846153846153844
2 0.6472081218274112 0.43 0.6763959390862944 0.43 0.6763959390862944 0.47846153846153844 0.6472081218274112 0.47846153846153844
5 0.6833756345177665 0.43 0.7125634517766497 0.43 0.7125634517766497 0.4776923076923077 0.6833756345177665 0.4776923076923077
