12 0.25 0.45384615384615384 0.27918781725888325 0.45384615384615384 0.27918781725888325 0.5015384615384615 0.25 0.5015384615384615
22 0.2880710659898477 0.45384615384615384 0.31725888324873097 0.45384615384615384 0.31725888324873097 0.5023076923076923 0.2880710659898477 0.5023076923076923
35 0.3248730964467005 0.45384615384615384 0.34644670050761417 0.45384615384615384 0.34644670050761417 0.5023076923076923 0.3248730964467005 0.5023076923076923
36 0.35406091370558374 0.45384615384615384 0.3680203045685279 0.45384615384615384 0.3680203045685279 0.48923076923076925 0.35406091370558374 0.48923076923076925
0 0.3762690355329949 0.45384615384615384 0.40545685279187815 0.45384615384615384 0.40545685279187815 0.5015384615384615 0.3762690355329949 0.5015384615384615
8 0.4130710659898477 0.45384615384615384 0.4346446700507614 0.45384615384615384 0.4346446700507614 0.5023076923076923 0.4130710659898477 0.5023076923076923
37 0.44416243654822335 0.45384615384615384 0.4733502538071066 0.45384615384615384 0.4733502538071066 0.48923076923076925 0.44416243654822335 0.48923076923076925
2 0.4796954314720812 0.45384615384615384 0.5088832487309645 0.45384615384615384 0.5088832487309645 0.5015384615384615 0.4796954314720812 0.5015384615384615
0 0.5171319796954315 0.45384615384615384 0.5463197969543147 0.45384615384615384 0.5463197969543147 0.5015384615384615 0.5171319796954315 0.5015384615384615
37 0.5558375634517766 0.45384615384615384 0.5850253807106598 0.45384615384615384 0.5850253807106598 0.48923076923076925 0.5558375634517766 0.48923076923076925
2 0.5913705583756346 0.45384615384615384 0.6205583756345178 0.45384615384615384 0.6205583756345178 0.5015384615384615 0.5913705583756346 0.5015384615384615
0 0.6294416243654822 0.45384615384615384 0.6510152284263959 0.45384615384615384 0.6510152284263959 0.5030769230769231 0.6294416243654822 0.5030769230769231
2 0.6605329949238579 0.45384615384615384 0.6897208121827411 0.45384615384615384 0.6897208121827411 0.5015384615384615 0.6605329949238579 0.5015384615384615
5 0.6967005076142132 0.45384615384615384 0.7258883248730964 0.45384615384615384 0.7258883248730964 0.5015384615384615 0.6967005076142132 0.5015384615384615
33 0.25 0.5130769230769231 0.27918781725888325 0.5130769230769231 0.27918781725888325 0.5607692307692308 0.25 0.5607692307692308
11 0.2868020304568528 0.5130769230769231 0.31598984771573607 0.5130769230769231 0.31598984771573607 0.5615384615384615 0.2868020304568528 0.5615384615384615
30 0.32423857868020306 0.5130769230769231 0.3534263959390863 0.5130769230769231 0.3534263959390863 0.5607692307692308 0.32423857868020306 0.5607692307692308
36 0.3610406091370558 0.5130769230769231 0.3686548223350254 0.5130769230769231 0.3686548223350254 0.5438461538461539 0.3610406091370558 0.5438461538461539
1 0.3756345177664975 0.5130769230769231 0.39467005076142136 0.5130769230769231 0.39467005076142136 0.5607692307692308 0.3756345177664975 0.5607692307692308
2 0.4035532994923858 0.5130769230769231 0.43274111675126903 0.5130769230769231 0.43274111675126903 0.5615384615384615 0.4035532994923858 0.5615384615384615
37 0.4403553299492386 0.5130769230769231 0.46954314720812185 0.5130769230769231 0.46954314720812185 0.5484615384615384 0.4403553299492386 0.5484615384615384
2 0.47715736040609136 0.5130769230769231 0.49873096446700504 0.5130769230769231 0.49873096446700504 0.5615384615384615 0.47715736040609136 0.5615384615384615
7 0.508248730964467 0.5130769230769231 0.5298223350253807 0.5130769230769231 0.5298223350253807 0.5615384615384615 0.508248730964467 0.5615384615384615
37 0.5387055837563451 0.5130769230769231 0.5678934010152283 0.5130769230769231 0.5678934010152283 0.5484615384615384 0.5387055837563451 0.5484615384615384
2 0.575507614213198 0.5130769230769231 0.6046954314720812 0.5130769230769231 0.6046954314720812 0.5607692307692308 0.575507614213198 0.5607692307692308
0 0.6135786802030457 0.5130769230769231 0.6427664974619289 0.5130769230769231 0.6427664974619289 0.5607692307692308 0.6135786802030457 0.5607692307692308
2 0.6516497461928934 0.5130769230769231 0.6808375634517766 0.5130769230769231 0.6808375634517766 0.5607692307692308 0.6516497461928934 0.5607692307692308
4 0.6890862944162437 0.5130769230769231 0.7106598984771574 0.5130769230769231 0.7106598984771574 0.5607692307692308 0.6890862944162437 0.5607692307692308
