23 0.25 0.4823076923076923 0.2715736040609137 0.4823076923076923 0.2715736040609137 0.5307692307692308 0.25 0.5307692307692308
10 0.2785532994923858 0.4823076923076923 0.30012690355329946 0.4823076923076923 0.30012690355329946 0.5307692307692308 0.2785532994923858 0.5307692307692308
27 0.309010152284264 0.4823076923076923 0.33819796954314724 0.4823076923076923 0.33819796954314724 0.5307692307692308 0.309010152284264 0.5307692307692308
36 0.3470812182741117 0.4823076923076923 0.3610406091370559 0.4823076923076923 0.3610406091370559 0.5176923076923077 0.3470812182741117 0.5176923076923077
0 0.36928934010152287 0.4823076923076923 0.3984771573604061 0.4823076923076923 0.3984771573604061 0.5307692307692308 0.36928934010152287 0.5307692307692308
7 0.40482233502538073 0.4823076923076923 0.434010152284264 0.4823076923076923 0.434010152284264 0.5307692307692308 0.40482233502538073 0.5307692307692308
37 0.44352791878172587 0.4823076923076923 0.4727157360406091 0.4823076923076923 0.4727157360406091 0.5176923076923077 0.44352791878172587 0.5176923076923077
2 0.48223350253807107 0.4823076923076923 0.5038071065989848 0.4823076923076923 0.5038071065989848 0.5307692307692308 0.48223350253807107 0.5307692307692308
9 0.5114213197969543 0.4823076923076923 0.5406091370558375 0.4823076923076923 0.5406091370558375 0.53 0.5114213197969543 0.53
37 0.5501269035532995 0.4823076923076923 0.5793147208121827 0.4823076923076923 0.5793147208121827 0.5184615384615385 0.5501269035532995 0.5184615384615385
2 0.5875634517766497 0.4823076923076923 0.6167512690355329 0.4823076923076923 0.6167512690355329 0.53 0.5875634517766497 0.53
0 0.6243654822335025 0.4823076923076923 0.6459390862944162 0.4823076923076923 0.6459390862944162 0.5307692307692308 0.6243654822335025 0.5307692307692308
2 0.6535532994923858 0.4823076923076923 0.682741116751269 0.4823076923076923 0.682741116751269 0.53 0.6535532994923858 0.53
5 0.6916243654822335 0.4823076923076923 0.7208121827411167 0.4823076923076923 0.7208121827411167 0.53 0.6916243654822335 0.53
33 0.25 0.5415384615384615 0.2715736040609137 0.5415384615384615 0.2715736040609137 0.59 0.25 0.59
23 0.27918781725888325 0.5415384615384615 0.30076142131979694 0.5415384615384615 0.30076142131979694 0.59 0.27918781725888325 0.59
21 0.30774111675126903 0.5415384615384615 0.3369289340101523 0.5415384615384615 0.3369289340101523 0.59 0.30774111675126903 0.59
36 0.3464467005076142 0.5415384615384615 0.35913705583756345 0.5415384615384615 0.35913705583756345 0.5769230769230769 0.3464467005076142 0.5769230769230769
1 0.3686548223350254 0.5415384615384615 0.38261421319796957 0.5415384615384615 0.38261421319796957 0.59 0.3686548223350254 0.59
0 0.39213197969543145 0.5415384615384615 0.4213197969543147 0.5415384615384615 0.4213197969543147 0.5892307692307692 0.39213197969543145 0.5892307692307692
37 0.4282994923857868 0.5415384615384615 0.45748730964467005 0.5415384615384615 0.45748730964467005 0.5769230769230769 0.4282994923857868 0.5769230769230769
1 0.4651015228426396 0.5415384615384615 0.4841370558375635 0.5415384615384615 0.4841370558375635 0.5892307692307692 0.4651015228426396 0.5892307692307692
8 0.4930203045685279 0.5415384615384615 0.5222081218274112 0.5415384615384615 0.5222081218274112 0.59 0.4930203045685279 0.59
37 0.5304568527918782 0.5415384615384615 0.5596446700507614 0.5415384615384615 0.5596446700507614 0.5769230769230769 0.5304568527918782 0.5769230769230769
2 0.5678934010152284 0.5415384615384615 0.5970812182741116 0.5415384615384615 0.5970812182741116 0.59 0.5678934010152284 0.59
0 0.6053299492385786 0.5415384615384615 0.6345177664974618 0.5415384615384615 0.6345177664974618 0.5892307692307692 0.6053299492385786 0.5892307692307692
2 0.6427664974619289 0.5415384615384615 0.6643401015228426 0.5415384615384615 0.6643401015228426 0.5907692307692307 0.6427664974619289 0.5907692307692307
5 0.6732233502538071 0.5415384615384615 0.6947969543147208 0.5415384615384615 0.6947969543147208 0.59 0.6732233502538071 0.59
