11 0.25 0.5138461538461538 0.27918781725888325 0.5138461538461538 0.27918781725888325 0.5623076923076923 0.25 0.5623076923076923
14 0.2868020304568528 0.5138461538461538 0.31598984771573607 0.5138461538461538 0.31598984771573607 0.5615384615384615 0.2868020304568528 0.5615384615384615
22 0.3248730964467005 0.5138461538461538 0.34644670050761417 0.5138461538461538 0.34644670050761417 0.5623076923076923 0.3248730964467005 0.5623076923076923
36 0.35406091370558374 0.5138461538461538 0.36675126903553296 0.5138461538461538 0.36675126903553296 0.5492307692307692 0.35406091370558374 0.5492307692307692
0 0.3756345177664975 0.5138461538461538 0.40482233502538073 0.5138461538461538 0.40482233502538073 0.5615384615384615 0.3756345177664975 0.5615384615384615
6 0.41243654822335024 0.5138461538461538 0.43401015228426393 0.5138461538461538 0.43401015228426393 0.5623076923076923 0.41243654822335024 0.5623076923076923
37 0.44225888324873097 0.5138461538461538 0.4714467005076142 0.5138461538461538 0.4714467005076142 0.5492307692307692 0.44225888324873097 0.5492307692307692
2 0.47779187817258884 0.5138461538461538 0.4993654822335025 0.5138461538461538 0.4993654822335025 0.5623076923076923 0.47779187817258884 0.5623076923076923
6 0.5088832487309645 0.5138461538461538 0.5304568527918782 0.5138461538461538 0.5304568527918782 0.5623076923076923 0.5088832487309645 0.5623076923076923
37 0.5380710659898477 0.5138461538461538 0.5672588832487309 0.5138461538461538 0.5672588832487309 0.5484615384615384 0.5380710659898477 0.5484615384615384
2 0.574238578680203 0.5138461538461538 0.6034263959390862 0.5138461538461538 0.6034263959390862 0.5615384615384615 0.574238578680203 0.5615384615384615
0 0.6123096446700508 0.5138461538461538 0.6338832487309645 0.5138461538461538 0.6338832487309645 0.5623076923076923 0.6123096446700508 0.5623076923076923
2 0.641497461928934 0.5138461538461538 0.6706852791878172 0.5138461538461538 0.6706852791878172 0.5623076923076923 0.641497461928934 0.5623076923076923
5 0.6770304568527918 0.5138461538461538 0.6986040609137055 0.5138461538461538 0.6986040609137055 0.5623076923076923 0.6770304568527918 0.5623076923076923
15 0.25 0.573076923076923 0.2715736040609137 0.573076923076923 0.2715736040609137 0.6223076923076922 0.25 0.6223076923076922
24 0.28045685279187815 0.573076923076923 0.3096446700507614 0.573076923076923 0.3096446700507614 0.6207692307692307 0.28045685279187815 0.6207692307692307
22 0.31725888324873097 0.573076923076923 0.3464467005076142 0.573076923076923 0.3464467005076142 0.6207692307692307 0.31725888324873097 0.6207692307692307
36 0.3546954314720812 0.573076923076923 0.36738578680203043 0.573076923076923 0.36738578680203043 0.6084615384615384 0.3546954314720812 0.6084615384615384
0 0.3756345177664975 0.573076923076923 0.40482233502538073 0.573076923076923 0.40482233502538073 0.6207692307692307 0.3756345177664975 0.6207692307692307
5 0.41116751269035534 0.573076923076923 0.4403553299492386 0.573076923076923 0.4403553299492386 0.6207692307692307 0.41116751269035534 0.6207692307692307
37 0.4486040609137056 0.573076923076923 0.47779187817258884 0.573076923076923 0.47779187817258884 0.6084615384615384 0.4486040609137056 0.6084615384615384
1 0.4873096446700508 0.573076923076923 0.5019035532994924 0.573076923076923 0.5019035532994924 0.6215384615384615 0.4873096446700508 0.6215384615384615
2 0.5107868020304569 0.573076923076923 0.5399746192893401 0.573076923076923 0.5399746192893401 0.6215384615384615 0.5107868020304569 0.6215384615384615
37 0.5463197969543148 0.573076923076923 0.575507614213198 0.573076923076923 0.575507614213198 0.6084615384615384 0.5463197969543148 0.6084615384615384
2 0.583756345177665 0.573076923076923 0.6129441624365481 0.573076923076923 0.6129441624365481 0.6215384615384615 0.583756345177665 0.6215384615384615
0 0.6218274111675127 0.573076923076923 0.6434010152284264 0.573076923076923 0.6434010152284264 0.6215384615384615 0.6218274111675127 0.6215384615384615
2 0.6529187817258884 0.573076923076923 0.674492385786802 0.573076923076923 0.674492385786802 0.6223076923076922 0.6529187817258884 0.6223076923076922
5 0.684010152284264 0.573076923076923 0.7131979695431472 0.573076923076923 0.7131979695431472 0.6207692307692307 0.684010152284264 0.6207692307692307
