15 0.25 0.33384615384615385 0.27918781725888325 0.33384615384615385 0.27918781725888325 0.38153846153846155 0.25 0.38153846153846155
14 0.28616751269035534 0.33384615384615385 0.3153553299492386 0.33384615384615385 0.3153553299492386 0.38153846153846155 0.28616751269035534 0.38153846153846155
25 0.3217005076142132 0.33384615384615385 0.3432741116751269 0.33384615384615385 0.3432741116751269 0.3823076923076923 0.3217005076142132 0.3823076923076923
36 0.350253807106599 0.33384615384615385 0.36421319796954316 0.33384615384615385 0.36421319796954316 0.36923076923076925 0.350253807106599 0.36923076923076925
0 0.37119289340101524 0.33384615384615385 0.4003807106598985 0.33384615384615385 0.4003807106598985 0.38153846153846155 0.37119289340101524 0.38153846153846155
5 0.40926395939086296 0.33384615384615385 0.43083756345177665 0.33384615384615385 0.43083756345177665 0.3823076923076923 0.40926395939086296 0.3823076923076923
37 0.4403553299492386 0.33384615384615385 0.46954314720812185 0.33384615384615385 0.46954314720812185 0.36923076923076925 0.4403553299492386 0.36923076923076925
2 0.47906091370558374 0.33384615384615385 0.508248730964467 0.33384615384615385 0.508248730964467 0.38153846153846155 0.47906091370558374 0.38153846153846155
1 0.516497461928934 0.33384615384615385 0.5355329949238579 0.33384615384615385 0.5355329949238579 0.38153846153846155 0.516497461928934 0.38153846153846155
37 0.5444162436548223 0.33384615384615385 0.5736040609137055 0.33384615384615385 0.5736040609137055 0.36923076923076925 0.5444162436548223 0.36923076923076925
2 0.5812182741116751 0.33384615384615385 0.6104060913705583 0.33384615384615385 0.6104060913705583 0.38153846153846155 0.5812182741116751 0.38153846153846155
0 0.618020304568528 0.33384615384615385 0.6472081218274112 0.33384615384615385 0.6472081218274112 0.38153846153846155 0.618020304568528 0.38153846153846155
2 0.6535532994923858 0.33384615384615385 0.682741116751269 0.33384615384615385 0.682741116751269 0.38153846153846155 0.6535532994923858 0.38153846153846155
5 0.6916243654822335 0.33384615384615385 0.7131979695431472 0.33384615384615385 0.7131979695431472 0.3823076923076923 0.6916243654822335 0.3823076923076923
31 0.25 0.3930769230769231 0.2715736040609137 0.3930769230769231 0.2715736040609137 0.44153846153846155 0.25 0.44153846153846155
30 0.27982233502538073 0.3930769230769231 0.309010152284264 0.3930769230769231 0.309010152284264 0.4407692307692308 0.27982233502538073 0.4407692307692308
18 0.315989847715736 0.3930769230769231 0.3299492385786802 0.3930769230769231 0.3299492385786802 0.44153846153846155 0.315989847715736 0.44153846153846155
36 0.33756345177664976 0.3930769230769231 0.35152284263959394 0.3930769230769231 0.35152284263959394 0.4284615384615385 0.33756345177664976 0.4284615384615385
0 0.35850253807106597 0.3930769230769231 0.3876903553299492 0.3930769230769231 0.3876903553299492 0.4407692307692308 0.35850253807106597 0.4407692307692308
2 0.39720812182741116 0.3930769230769231 0.4263959390862944 0.3930769230769231 0.4263959390862944 0.4407692307692308 0.39720812182741116 0.4407692307692308
37 0.4333756345177665 0.3930769230769231 0.46256345177664976 0.3930769230769231 0.46256345177664976 0.4284615384615385 0.4333756345177665 0.4284615384615385
2 0.4720812182741117 0.3930769230769231 0.501269035532995 0.3930769230769231 0.501269035532995 0.4407692307692308 0.4720812182741117 0.4407692307692308
6 0.5076142131979695 0.3930769230769231 0.5291878172588832 0.3930769230769231 0.5291878172588832 0.44153846153846155 0.5076142131979695 0.44153846153846155
37 0.5361675126903553 0.3930769230769231 0.5653553299492385 0.3930769230769231 0.5653553299492385 0.4284615384615385 0.5361675126903553 0.4284615384615385
2 0.5748730964467005 0.3930769230769231 0.6040609137055837 0.3930769230769231 0.6040609137055837 0.4407692307692308 0.5748730964467005 0.4407692307692308
0 0.6135786802030457 0.3930769230769231 0.6427664974619289 0.3930769230769231 0.6427664974619289 0.4407692307692308 0.6135786802030457 0.4407692307692308
2 0.6522842639593909 0.3930769230769231 0.6814720812182741 0.3930769230769231 0.6814720812182741 0.4407692307692308 0.6522842639593909 0.4407692307692308
5 0.6878172588832487 0.3930769230769231 0.7170050761421319 0.3930769230769231 0.7170050761421319 0.44153846153846155 0.6878172588832487 0.44153846153846155
