20 0.25 0.4430769230769231 0.27918781725888325 0.4430769230769231 0.27918781725888325 0.4907692307692308 0.25 0.4907692307692308
29 0.28743654822335024 0.4430769230769231 0.315989847715736 0.4430769230769231 0.315989847715736 0.49153846153846154 0.28743654822335024 0.49153846153846154
12 0.32423857868020306 0.4430769230769231 0.34581218274111675 0.4430769230769231 0.34581218274111675 0.49153846153846154 0.32423857868020306 0.49153846153846154
36 0.35279187817258884 0.4430769230769231 0.366751269035533 0.4430769230769231 0.366751269035533 0.4784615384615385 0.35279187817258884 0.4784615384615385
1 0.3743654822335025 0.4430769230769231 0.3934010152284264 0.4430769230769231 0.3934010152284264 0.49153846153846154 0.3743654822335025 0.49153846153846154
2 0.4010152284263959 0.4430769230769231 0.4302030456852792 0.4430769230769231 0.4302030456852792 0.4907692307692308 0.4010152284263959 0.4907692307692308
37 0.4384517766497462 0.4430769230769231 0.46763959390862947 0.4430769230769231 0.46763959390862947 0.47923076923076924 0.4384517766497462 0.47923076923076924
2 0.4739847715736041 0.4430769230769231 0.5031725888324873 0.4430769230769231 0.5031725888324873 0.49153846153846154 0.4739847715736041 0.49153846153846154
4 0.5095177664974619 0.4430769230769231 0.5310913705583756 0.4430769230769231 0.5310913705583756 0.49153846153846154 0.5095177664974619 0.49153846153846154
37 0.5406091370558376 0.4430769230769231 0.5697969543147208 0.4430769230769231 0.5697969543147208 0.4784615384615385 0.5406091370558376 0.4784615384615385
2 0.5780456852791879 0.4430769230769231 0.6072335025380711 0.4430769230769231 0.6072335025380711 0.4907692307692308 0.5780456852791879 0.4907692307692308
0 0.6161167512690355 0.4430769230769231 0.6453045685279187 0.4430769230769231 0.6453045685279187 0.4907692307692308 0.6161167512690355 0.4907692307692308
2 0.6516497461928934 0.4430769230769231 0.6732233502538071 0.4430769230769231 0.6732233502538071 0.49230769230769234 0.6516497461928934 0.49230769230769234
4 0.6795685279187818 0.4430769230769231 0.7011421319796954 0.4430769230769231 0.7011421319796954 0.49153846153846154 0.6795685279187818 0.49153846153846154
21 0.25 0.5023076923076923 0.27918781725888325 0.5023076923076923 0.27918781725888325 0.55 0.25 0.55
30 0.2868020304568528 0.5023076923076923 0.31598984771573607 0.5023076923076923 0.31598984771573607 0.55 0.2868020304568528 0.55
18 0.32423857868020306 0.5023076923076923 0.3432741116751269 0.5023076923076923 0.3432741116751269 0.5507692307692308 0.32423857868020306 0.5507692307692308
36 0.35215736040609136 0.5023076923076923 0.3648477157360406 0.5023076923076923 0.3648477157360406 0.5376923076923077 0.35215736040609136 0.5376923076923077
0 0.37182741116751267 0.5023076923076923 0.39340101522842635 0.5023076923076923 0.39340101522842635 0.5515384615384615 0.37182741116751267 0.5515384615384615
5 0.4016497461928934 0.5023076923076923 0.43083756345177665 0.5023076923076923 0.43083756345177665 0.5507692307692308 0.4016497461928934 0.5507692307692308
37 0.4384517766497462 0.5023076923076923 0.46763959390862947 0.5023076923076923 0.46763959390862947 0.5376923076923077 0.4384517766497462 0.5376923076923077
2 0.47715736040609136 0.5023076923076923 0.5063451776649746 0.5023076923076923 0.5063451776649746 0.55 0.47715736040609136 0.55
5 0.5145939086294417 0.5023076923076923 0.5437817258883249 0.5023076923076923 0.5437817258883249 0.55 0.5145939086294417 0.55
37 0.5520304568527918 0.5023076923076923 0.581218274111675 0.5023076923076923 0.581218274111675 0.5376923076923077 0.5520304568527918 0.5376923076923077
2 0.5888324873096447 0.5023076923076923 0.6180203045685279 0.5023076923076923 0.6180203045685279 0.5507692307692308 0.5888324873096447 0.5507692307692308
0 0.626269035532995 0.5023076923076923 0.6554568527918782 0.5023076923076923 0.6554568527918782 0.55 0.626269035532995 0.55
2 0.6643401015228426 0.5023076923076923 0.6935279187817258 0.5023076923076923 0.6935279187817258 0.55 0.6643401015228426 0.55
5 0.7017766497461929 0.5023076923076923 0.7309644670050761 0.5023076923076923 0.7309644670050761 0.55 0.7017766497461929 0.55
