14 0.25 0.4238461538461539 0.2715736040609137 0.4238461538461539 0.2715736040609137 0.4730769230769231 0.25 0.4730769230769231
18 0.2785532994923858 0.4238461538461539 0.2975888324873096 0.4238461538461539 0.2975888324873096 0.4715384615384616 0.2785532994923858 0.4715384615384616
35 0.3039340101522843 0.4238461538461539 0.3331218274111675 0.4238461538461539 0.3331218274111675 0.4715384615384616 0.3039340101522843 0.4715384615384616
36 0.3413705583756345 0.4238461538461539 0.3553299492385787 0.4238461538461539 0.3553299492385787 0.46 0.3413705583756345 0.46
0 0.36421319796954316 0.4238461538461539 0.3934010152284264 0.4238461538461539 0.3934010152284264 0.4715384615384616 0.36421319796954316 0.4715384615384616
5 0.4022842639593909 0.4238461538461539 0.42385786802030456 0.4238461538461539 0.42385786802030456 0.4723076923076923 0.4022842639593909 0.4723076923076923
37 0.4333756345177665 0.4238461538461539 0.46256345177664976 0.4238461538461539 0.46256345177664976 0.46 0.4333756345177665 0.46
1 0.47017766497461927 0.4238461538461539 0.4892131979695431 0.4238461538461539 0.4892131979695431 0.4715384615384616 0.47017766497461927 0.4715384615384616
7 0.49555837563451777 0.4238461538461539 0.5171319796954315 0.4238461538461539 0.5171319796954315 0.4730769230769231 0.49555837563451777 0.4730769230769231
37 0.5260152284263959 0.4238461538461539 0.5552030456852791 0.4238461538461539 0.5552030456852791 0.4592307692307693 0.5260152284263959 0.4592307692307693
2 0.5647208121827412 0.4238461538461539 0.5939086294416244 0.4238461538461539 0.5939086294416244 0.4723076923076923 0.5647208121827412 0.4723076923076923
0 0.6008883248730964 0.4238461538461539 0.6300761421319796 0.4238461538461539 0.6300761421319796 0.4715384615384616 0.6008883248730964 0.4715384615384616
2 0.6389593908629442 0.4238461538461539 0.6605329949238579 0.4238461538461539 0.6605329949238579 0.4723076923076923 0.6389593908629442 0.4723076923076923
5 0.6694162436548223 0.4238461538461539 0.6986040609137055 0.4238461538461539 0.6986040609137055 0.4723076923076923 0.6694162436548223 0.4723076923076923
31 0.25 0.48307692307692307 0.27918781725888325 0.48307692307692307 0.27918781725888325 0.5307692307692308 0.25 0.5307692307692308
29 0.2880710659898477 0.48307692307692307 0.3096446700507614 0.48307692307692307 0.3096446700507614 0.5315384615384615 0.2880710659898477 0.5315384615384615
20 0.315989847715736 0.48307692307692307 0.3375634517766497 0.48307692307692307 0.3375634517766497 0.5315384615384615 0.315989847715736 0.5315384615384615
36 0.34517766497461927 0.48307692307692307 0.3578680203045685 0.48307692307692307 0.3578680203045685 0.5184615384615384 0.34517766497461927 0.5184615384615384
0 0.36548223350253806 0.48307692307692307 0.38705583756345174 0.48307692307692307 0.38705583756345174 0.5315384615384615 0.36548223350253806 0.5315384615384615
9 0.3965736040609137 0.48307692307692307 0.42576142131979694 0.48307692307692307 0.42576142131979694 0.5307692307692308 0.3965736040609137 0.5307692307692308
37 0.4352791878172589 0.48307692307692307 0.46383248730964466 0.48307692307692307 0.46383248730964466 0.5176923076923077 0.4352791878172589 0.5176923076923077
0 0.4727157360406091 0.48307692307692307 0.5019035532994923 0.48307692307692307 0.5019035532994923 0.5307692307692308 0.4727157360406091 0.5307692307692308
8 0.5101522842639594 0.48307692307692307 0.5393401015228426 0.48307692307692307 0.5393401015228426 0.5307692307692308 0.5101522842639594 0.5307692307692308
37 0.5456852791878173 0.48307692307692307 0.5748730964467005 0.48307692307692307 0.5748730964467005 0.5184615384615384 0.5456852791878173 0.5184615384615384
2 0.5831218274111675 0.48307692307692307 0.6046954314720812 0.48307692307692307 0.6046954314720812 0.5323076923076923 0.5831218274111675 0.5323076923076923
0 0.6135786802030457 0.48307692307692307 0.6427664974619289 0.48307692307692307 0.6427664974619289 0.5307692307692308 0.6135786802030457 0.5307692307692308
2 0.6491116751269036 0.48307692307692307 0.6706852791878173 0.48307692307692307 0.6706852791878173 0.5315384615384615 0.6491116751269036 0.5315384615384615
5 0.6795685279187818 0.48307692307692307 0.708756345177665 0.48307692307692307 0.708756345177665 0.5307692307692308 0.6795685279187818 0.5307692307692308
