29 0.25 0.46923076923076923 0.2715736040609137 0.46923076923076923 0.2715736040609137 0.5176923076923077 0.25 0.5176923076923077
29 0.27918781725888325 0.46923076923076923 0.3083756345177665 0.46923076923076923 0.3083756345177665 0.5169230769230769 0.27918781725888325 0.5169230769230769
24 0.315989847715736 0.46923076923076923 0.3375634517766497 0.46923076923076923 0.3375634517766497 0.5176923076923077 0.315989847715736 0.5176923076923077
36 0.3470812182741117 0.46923076923076923 0.35469543147208127 0.46923076923076923 0.35469543147208127 0.49923076923076926 0.3470812182741117 0.49923076923076926
0 0.3623096446700508 0.46923076923076923 0.39149746192893403 0.46923076923076923 0.39149746192893403 0.5169230769230769 0.3623096446700508 0.5169230769230769
8 0.4003807106598985 0.46923076923076923 0.42956852791878175 0.46923076923076923 0.42956852791878175 0.5169230769230769 0.4003807106598985 0.5169230769230769
37 0.43781725888324874 0.46923076923076923 0.467005076142132 0.46923076923076923 0.467005076142132 0.5046153846153846 0.43781725888324874 0.5046153846153846
2 0.4739847715736041 0.46923076923076923 0.5031725888324873 0.46923076923076923 0.5031725888324873 0.5176923076923077 0.4739847715736041 0.5176923076923077
6 0.5114213197969543 0.46923076923076923 0.532994923857868 0.46923076923076923 0.532994923857868 0.5176923076923077 0.5114213197969543 0.5176923076923077
37 0.5425126903553299 0.46923076923076923 0.5717005076142131 0.46923076923076923 0.5717005076142131 0.5046153846153846 0.5425126903553299 0.5046153846153846
2 0.5805837563451777 0.46923076923076923 0.6021573604060914 0.46923076923076923 0.6021573604060914 0.5176923076923077 0.5805837563451777 0.5176923076923077
0 0.6110406091370558 0.46923076923076923 0.640228426395939 0.46923076923076923 0.640228426395939 0.5169230769230769 0.6110406091370558 0.5169230769230769
2 0.6491116751269036 0.46923076923076923 0.6782994923857868 0.46923076923076923 0.6782994923857868 0.5169230769230769 0.6491116751269036 0.5169230769230769
5 0.6852791878172588 0.46923076923076923 0.714467005076142 0.46923076923076923 0.714467005076142 0.5169230769230769 0.6852791878172588 0.5169230769230769
30 0.25 0.5284615384615384 0.27918781725888325 0.5284615384615384 0.27918781725888325 0.5761538461538461 0.25 0.5761538461538461
24 0.2880710659898477 0.5284615384615384 0.31725888324873097 0.5284615384615384 0.31725888324873097 0.5761538461538461 0.2880710659898477 0.5761538461538461
15 0.3248730964467005 0.5284615384615384 0.35406091370558374 0.5284615384615384 0.35406091370558374 0.5761538461538461 0.3248730964467005 0.5761538461538461
36 0.3604060913705584 0.5284615384615384 0.3743654822335026 0.5284615384615384 0.3743654822335026 0.5638461538461538 0.3604060913705584 0.5638461538461538
0 0.3813451776649746 0.5284615384615384 0.41053299492385786 0.5284615384615384 0.41053299492385786 0.5761538461538461 0.3813451776649746 0.5761538461538461
9 0.4200507614213198 0.5284615384615384 0.44923857868020306 0.5284615384615384 0.44923857868020306 0.5761538461538461 0.4200507614213198 0.5761538461538461
37 0.45748730964467005 0.5284615384615384 0.4866751269035533 0.5284615384615384 0.4866751269035533 0.5646153846153846 0.45748730964467005 0.5646153846153846
1 0.4936548223350254 0.5284615384615384 0.5076142131979695 0.5284615384615384 0.5076142131979695 0.5769230769230769 0.4936548223350254 0.5769230769230769
9 0.5171319796954315 0.5284615384615384 0.5463197969543147 0.5284615384615384 0.5463197969543147 0.5761538461538461 0.5171319796954315 0.5761538461538461
37 0.5532994923857868 0.5284615384615384 0.58248730964467 0.5284615384615384 0.58248730964467 0.5638461538461538 0.5532994923857868 0.5638461538461538
2 0.5907360406091371 0.5284615384615384 0.6199238578680203 0.5284615384615384 0.6199238578680203 0.5769230769230769 0.5907360406091371 0.5769230769230769
0 0.6269035532994924 0.5284615384615384 0.6560913705583756 0.5284615384615384 0.6560913705583756 0.5761538461538461 0.6269035532994924 0.5761538461538461
2 0.6649746192893401 0.5284615384615384 0.6941624365482233 0.5284615384615384 0.6941624365482233 0.5769230769230769 0.6649746192893401 0.5769230769230769
5 0.7017766497461929 0.5284615384615384 0.7309644670050761 0.5284615384615384 0.7309644670050761 0.5761538461538461 0.7017766497461929 0.5761538461538461
