24 0.25 0.5576923076923077 0.2715736040609137 0.5576923076923077 0.2715736040609137 0.6061538461538462 0.25 0.6061538461538462
11 0.27982233502538073 0.5576923076923077 0.309010152284264 0.5576923076923077 0.309010152284264 0.6053846153846154 0.27982233502538073 0.6053846153846154
35 0.3153553299492386 0.5576923076923077 0.3369289340101523 0.5576923076923077 0.3369289340101523 0.6061538461538462 0.3153553299492386 0.6061538461538462
36 0.34454314720812185 0.5576923076923077 0.3521573604060914 0.5576923076923077 0.3521573604060914 0.5876923076923077 0.34454314720812185 0.5876923076923077
0 0.3610406091370558 0.5576923076923077 0.3902284263959391 0.5576923076923077 0.3902284263959391 0.6053846153846154 0.3610406091370558 0.6053846153846154
7 0.39911167512690354 0.5576923076923077 0.42068527918781723 0.5576923076923077 0.42068527918781723 0.6061538461538462 0.39911167512690354 0.6061538461538462
37 0.42956852791878175 0.5576923076923077 0.458756345177665 0.5576923076923077 0.458756345177665 0.5930769230769231 0.42956852791878175 0.5930769230769231
0 0.4682741116751269 0.5576923076923077 0.49746192893401014 0.5576923076923077 0.49746192893401014 0.6053846153846154 0.4682741116751269 0.6053846153846154
1 0.5057106598984772 0.5576923076923077 0.5196700507614214 0.5576923076923077 0.5196700507614214 0.6061538461538462 0.5057106598984772 0.6061538461538462
37 0.5279187817258884 0.5576923076923077 0.552030456852792 0.5576923076923077 0.552030456852792 0.586923076923077 0.5279187817258884 0.586923076923077
2 0.5609137055837563 0.5576923076923077 0.5901015228426395 0.5576923076923077 0.5901015228426395 0.6053846153846154 0.5609137055837563 0.6053846153846154
0 0.5977157360406091 0.5576923076923077 0.6269035532994923 0.5576923076923077 0.6269035532994923 0.6053846153846154 0.5977157360406091 0.6053846153846154
2 0.6351522842639594 0.5576923076923077 0.6643401015228426 0.5576923076923077 0.6643401015228426 0.6061538461538462 0.6351522842639594 0.6061538461538462
5 0.6738578680203046 0.5576923076923077 0.6954314720812182 0.5576923076923077 0.6954314720812182 0.6061538461538462 0.6738578680203046 0.6061538461538462
34 0.25 0.6169230769230769 0.27918781725888325 0.6169230769230769 0.27918781725888325 0.6646153846153846 0.25 0.6646153846153846
13 0.2887055837563452 0.6169230769230769 0.31789340101522845 0.6169230769230769 0.31789340101522845 0.6646153846153846 0.2887055837563452 0.6646153846153846
11 0.3267766497461929 0.6169230769230769 0.35596446700507617 0.6169230769230769 0.35596446700507617 0.6646153846153846 0.3267766497461929 0.6646153846153846
36 0.3635786802030457 0.6169230769230769 0.3762690355329949 0.6169230769230769 0.3762690355329949 0.6523076923076923 0.3635786802030457 0.6523076923076923
0 0.38388324873096447 0.6169230769230769 0.4130710659898477 0.6169230769230769 0.4130710659898477 0.6646153846153846 0.38388324873096447 0.6646153846153846
9 0.4213197969543147 0.6169230769230769 0.4428934010152284 0.6169230769230769 0.4428934010152284 0.6653846153846154 0.4213197969543147 0.6653846153846154
37 0.4517766497461929 0.6169230769230769 0.48096446700507617 0.6169230769230769 0.48096446700507617 0.6530769230769231 0.4517766497461929 0.6530769230769231
2 0.48921319796954316 0.6169230769230769 0.5184010152284264 0.6169230769230769 0.5184010152284264 0.6646153846153846 0.48921319796954316 0.6646153846153846
2 0.5279187817258884 0.6169230769230769 0.5571065989847716 0.6169230769230769 0.5571065989847716 0.6646153846153846 0.5279187817258884 0.6646153846153846
37 0.5653553299492385 0.6169230769230769 0.5945431472081217 0.6169230769230769 0.5945431472081217 0.6523076923076923 0.5653553299492385 0.6523076923076923
2 0.6034263959390863 0.6169230769230769 0.6326142131979695 0.6169230769230769 0.6326142131979695 0.6646153846153846 0.6034263959390863 0.6646153846153846
0 0.6389593908629442 0.6169230769230769 0.6681472081218274 0.6169230769230769 0.6681472081218274 0.6646153846153846 0.6389593908629442 0.6646153846153846
2 0.674492385786802 0.6169230769230769 0.7036802030456852 0.6169230769230769 0.7036802030456852 0.6646153846153846 0.674492385786802 0.6646153846153846
5 0.7125634517766497 0.6169230769230769 0.7417512690355329 0.6169230769230769 0.7417512690355329 0.6646153846153846 0.7125634517766497 0.6646153846153846
