12 0.25 0.5492307692307692 0.27918781725888325 0.5492307692307692 0.27918781725888325 0.5969230769230769 0.25 0.5969230769230769
26 0.2887055837563452 0.5492307692307692 0.31789340101522845 0.5492307692307692 0.31789340101522845 0.5976923076923076 0.2887055837563452 0.5976923076923076
27 0.3267766497461929 0.5492307692307692 0.3483502538071066 0.5492307692307692 0.3483502538071066 0.5984615384615384 0.3267766497461929 0.5984615384615384
36 0.35596446700507617 0.5492307692307692 0.36992385786802034 0.5492307692307692 0.36992385786802034 0.5846153846153845 0.35596446700507617 0.5846153846153845
0 0.3762690355329949 0.5492307692307692 0.40545685279187815 0.5492307692307692 0.40545685279187815 0.5969230769230769 0.3762690355329949 0.5969230769230769
1 0.4149746192893401 0.5492307692307692 0.4289340101522843 0.5492307692307692 0.4289340101522843 0.5976923076923076 0.4149746192893401 0.5976923076923076
37 0.43781725888324874 0.5492307692307692 0.467005076142132 0.5492307692307692 0.467005076142132 0.5846153846153845 0.43781725888324874 0.5846153846153845
2 0.4746192893401015 0.5492307692307692 0.5038071065989848 0.5492307692307692 0.5038071065989848 0.5969230769230769 0.4746192893401015 0.5969230769230769
1 0.5133248730964467 0.5492307692307692 0.5279187817258884 0.5492307692307692 0.5279187817258884 0.5976923076923076 0.5133248730964467 0.5976923076923076
37 0.5368020304568528 0.5492307692307692 0.565989847715736 0.5492307692307692 0.565989847715736 0.5846153846153845 0.5368020304568528 0.5846153846153845
2 0.5748730964467005 0.5492307692307692 0.6040609137055837 0.5492307692307692 0.6040609137055837 0.5969230769230769 0.5748730964467005 0.5969230769230769
0 0.6123096446700508 0.5492307692307692 0.641497461928934 0.5492307692307692 0.641497461928934 0.5969230769230769 0.6123096446700508 0.5969230769230769
2 0.6478426395939086 0.5492307692307692 0.6694162436548223 0.5492307692307692 0.6694162436548223 0.5976923076923076 0.6478426395939086 0.5976923076923076
5 0.6763959390862944 0.5492307692307692 0.7055837563451776 0.5492307692307692 0.7055837563451776 0.5969230769230769 0.6763959390862944 0.5969230769230769
14 0.25 0.6084615384615385 0.27918781725888325 0.6084615384615385 0.27918781725888325 0.6561538461538462 0.25 0.6561538461538462
12 0.28616751269035534 0.6084615384615385 0.30774111675126903 0.6084615384615385 0.30774111675126903 0.6569230769230769 0.28616751269035534 0.6569230769230769
33 0.3147208121827411 0.6084615384615385 0.3362944162436548 0.6084615384615385 0.3362944162436548 0.6569230769230769 0.3147208121827411 0.6569230769230769
36 0.3432741116751269 0.6084615384615385 0.3559644670050761 0.6084615384615385 0.3559644670050761 0.6438461538461538 0.3432741116751269 0.6438461538461538
0 0.3623096446700508 0.6084615384615385 0.38388324873096447 0.6084615384615385 0.38388324873096447 0.6569230769230769 0.3623096446700508 0.6569230769230769
4 0.39213197969543145 0.6084615384615385 0.41370558375634514 0.6084615384615385 0.41370558375634514 0.6569230769230769 0.39213197969543145 0.6569230769230769
37 0.42258883248730966 0.6084615384615385 0.4517766497461929 0.6084615384615385 0.4517766497461929 0.6438461538461538 0.42258883248730966 0.6438461538461538
1 0.4606598984771574 0.6084615384615385 0.47969543147208127 0.6084615384615385 0.47969543147208127 0.6569230769230769 0.4606598984771574 0.6569230769230769
5 0.48921319796954316 0.6084615384615385 0.5107868020304569 0.6084615384615385 0.5107868020304569 0.6569230769230769 0.48921319796954316 0.6569230769230769
37 0.5196700507614214 0.6084615384615385 0.5488578680203046 0.6084615384615385 0.5488578680203046 0.6438461538461538 0.5196700507614214 0.6438461538461538
2 0.5571065989847716 0.6084615384615385 0.5862944162436547 0.6084615384615385 0.5862944162436547 0.6561538461538462 0.5571065989847716 0.6561538461538462
0 0.5926395939086294 0.6084615384615385 0.6218274111675126 0.6084615384615385 0.6218274111675126 0.6561538461538462 0.5926395939086294 0.6561538461538462
2 0.6307106598984772 0.6084615384615385 0.6598984771573604 0.6084615384615385 0.6598984771573604 0.6561538461538462 0.6307106598984772 0.6561538461538462
5 0.6681472081218274 0.6084615384615385 0.6973350253807106 0.6084615384615385 0.6973350253807106 0.6569230769230769 0.6681472081218274 0.6569230769230769
