19 0.25 0.3861538461538462 0.2715736040609137 0.3861538461538462 0.2715736040609137 0.4346153846153846 0.25 0.4346153846153846
34 0.27918781725888325 0.3861538461538462 0.30076142131979694 0.3861538461538462 0.30076142131979694 0.4346153846153846 0.27918781725888325 0.4346153846153846
33 0.309010152284264 0.3861538461538462 0.33819796954314724 0.3861538461538462 0.33819796954314724 0.4338461538461539 0.309010152284264 0.4338461538461539
36 0.34517766497461927 0.3861538461538462 0.3578680203045685 0.3861538461538462 0.3578680203045685 0.4215384615384616 0.34517766497461927 0.4215384615384616
1 0.36611675126903553 0.3861538461538462 0.3813451776649746 0.3861538461538462 0.3813451776649746 0.4346153846153846 0.36611675126903553 0.4346153846153846
2 0.3883248730964467 0.3861538461538462 0.41751269035532995 0.3861538461538462 0.41751269035532995 0.4338461538461539 0.3883248730964467 0.4338461538461539
37 0.42449238578680204 0.3861538461538462 0.4536802030456853 0.3861538461538462 0.4536802030456853 0.4215384615384616 0.42449238578680204 0.4215384615384616
2 0.4612944162436548 0.3861538461538462 0.49048223350253806 0.3861538461538462 0.49048223350253806 0.4346153846153846 0.4612944162436548 0.4346153846153846
2 0.5 0.3861538461538462 0.5215736040609137 0.3861538461538462 0.5215736040609137 0.4353846153846154 0.5 0.4353846153846154
37 0.5304568527918782 0.3861538461538462 0.5596446700507614 0.3861538461538462 0.5596446700507614 0.4215384615384616 0.5304568527918782 0.4215384615384616
2 0.5685279187817259 0.3861538461538462 0.5977157360406091 0.3861538461538462 0.5977157360406091 0.4346153846153846 0.5685279187817259 0.4346153846153846
0 0.6040609137055838 0.3861538461538462 0.633248730964467 0.3861538461538462 0.633248730964467 0.4338461538461539 0.6040609137055838 0.4338461538461539
2 0.6408629441624365 0.3861538461538462 0.6624365482233502 0.3861538461538462 0.6624365482233502 0.4346153846153846 0.6408629441624365 0.4346153846153846
4 0.6687817258883249 0.3861538461538462 0.6903553299492385 0.3861538461538462 0.6903553299492385 0.4346153846153846 0.6687817258883249 0.4346153846153846
12 0.25 0.4453846153846154 0.2715736040609137 0.4453846153846154 0.2715736040609137 0.4938461538461538 0.25 0.4938461538461538
10 0.27982233502538073 0.4453846153846154 0.309010152284264 0.4453846153846154 0.309010152284264 0.4930769230769231 0.27982233502538073 0.4930769230769231
22 0.31789340101522845 0.4453846153846154 0.33946700507614214 0.4453846153846154 0.33946700507614214 0.4938461538461538 0.31789340101522845 0.4938461538461538
36 0.34581218274111675 0.4453846153846154 0.3534263959390863 0.4453846153846154 0.3534263959390863 0.47615384615384615 0.34581218274111675 0.47615384615384615
0 0.3616751269035533 0.4453846153846154 0.383248730964467 0.4453846153846154 0.383248730964467 0.4938461538461538 0.3616751269035533 0.4938461538461538
1 0.39149746192893403 0.4453846153846154 0.4054568527918782 0.4453846153846154 0.4054568527918782 0.4938461538461538 0.39149746192893403 0.4938461538461538
37 0.4137055837563452 0.4453846153846154 0.44289340101522845 0.4453846153846154 0.44289340101522845 0.48 0.4137055837563452 0.48
2 0.45050761421319796 0.4453846153846154 0.4796954314720812 0.4453846153846154 0.4796954314720812 0.4930769230769231 0.45050761421319796 0.4930769230769231
2 0.4873096446700508 0.4453846153846154 0.516497461928934 0.4453846153846154 0.516497461928934 0.4938461538461538 0.4873096446700508 0.4938461538461538
37 0.524746192893401 0.4453846153846154 0.5539340101522842 0.4453846153846154 0.5539340101522842 0.4807692307692308 0.524746192893401 0.4807692307692308
2 0.5634517766497462 0.4453846153846154 0.5926395939086294 0.4453846153846154 0.5926395939086294 0.4930769230769231 0.5634517766497462 0.4930769230769231
0 0.5989847715736041 0.4453846153846154 0.6281725888324873 0.4453846153846154 0.6281725888324873 0.4930769230769231 0.5989847715736041 0.4930769230769231
2 0.6357868020304569 0.4453846153846154 0.6649746192893401 0.4453846153846154 0.6649746192893401 0.4930769230769231 0.6357868020304569 0.4930769230769231
5 0.674492385786802 0.4453846153846154 0.7036802030456852 0.4453846153846154 0.7036802030456852 0.4930769230769231 0.674492385786802 0.4930769230769231
