32 0.25 0.5623076923076923 0.2715736040609137 0.5623076923076923 0.2715736040609137 0.6107692307692307 0.25 0.6107692307692307
23 0.27918781725888325 0.5623076923076923 0.3083756345177665 0.5623076923076923 0.3083756345177665 0.61 0.27918781725888325 0.61
15 0.31789340101522845 0.5623076923076923 0.3470812182741117 0.5623076923076923 0.3470812182741117 0.61 0.31789340101522845 0.61
36 0.3565989847715736 0.5623076923076923 0.3692893401015228 0.5623076923076923 0.3692893401015228 0.5976923076923076 0.3565989847715736 0.5976923076923076
0 0.37880710659898476 0.5623076923076923 0.407994923857868 0.5623076923076923 0.407994923857868 0.61 0.37880710659898476 0.61
4 0.4149746192893401 0.5623076923076923 0.4365482233502538 0.5623076923076923 0.4365482233502538 0.6107692307692307 0.4149746192893401 0.6107692307692307
37 0.44543147208121825 0.5623076923076923 0.4746192893401015 0.5623076923076923 0.4746192893401015 0.5969230769230769 0.44543147208121825 0.5969230769230769
1 0.48096446700507617 0.5623076923076923 0.5 0.5623076923076923 0.5 0.61 0.48096446700507617 0.61
8 0.506979695431472 0.5623076923076923 0.5285532994923857 0.5623076923076923 0.5285532994923857 0.6107692307692307 0.506979695431472 0.6107692307692307
37 0.5361675126903553 0.5623076923076923 0.5653553299492385 0.5623076923076923 0.5653553299492385 0.5976923076923076 0.5361675126903553 0.5976923076923076
2 0.5729695431472082 0.5623076923076923 0.6021573604060914 0.5623076923076923 0.6021573604060914 0.61 0.5729695431472082 0.61
0 0.6116751269035533 0.5623076923076923 0.633248730964467 0.5623076923076923 0.633248730964467 0.6115384615384615 0.6116751269035533 0.6115384615384615
2 0.6421319796954315 0.5623076923076923 0.6637055837563451 0.5623076923076923 0.6637055837563451 0.6107692307692307 0.6421319796954315 0.6107692307692307
5 0.6719543147208121 0.5623076923076923 0.7011421319796953 0.5623076923076923 0.7011421319796953 0.61 0.6719543147208121 0.61
35 0.25 0.6215384615384615 0.27918781725888325 0.6215384615384615 0.27918781725888325 0.6692307692307692 0.25 0.6692307692307692
14 0.2887055837563452 0.6215384615384615 0.31789340101522845 0.6215384615384615 0.31789340101522845 0.6692307692307692 0.2887055837563452 0.6692307692307692
22 0.3248730964467005 0.6215384615384615 0.35406091370558374 0.6215384615384615 0.35406091370558374 0.6692307692307692 0.3248730964467005 0.6692307692307692
36 0.3604060913705584 0.6215384615384615 0.3743654822335026 0.6215384615384615 0.3743654822335026 0.6569230769230768 0.3604060913705584 0.6569230769230768
0 0.38071065989847713 0.6215384615384615 0.4022842639593908 0.6215384615384615 0.4022842639593908 0.6699999999999999 0.38071065989847713 0.6699999999999999
2 0.4118020304568528 0.6215384615384615 0.44098984771573607 0.6215384615384615 0.44098984771573607 0.6692307692307692 0.4118020304568528 0.6692307692307692
37 0.44923857868020306 0.6215384615384615 0.4784263959390863 0.6215384615384615 0.4784263959390863 0.6569230769230768 0.44923857868020306 0.6569230769230768
2 0.4860406091370558 0.6215384615384615 0.515228426395939 0.6215384615384615 0.515228426395939 0.6699999999999999 0.4860406091370558 0.6699999999999999
3 0.524746192893401 0.6215384615384615 0.5539340101522842 0.6215384615384615 0.5539340101522842 0.6692307692307692 0.524746192893401 0.6692307692307692
37 0.5628172588832487 0.6215384615384615 0.5920050761421319 0.6215384615384615 0.5920050761421319 0.6561538461538461 0.5628172588832487 0.6561538461538461
2 0.600253807106599 0.6215384615384615 0.6294416243654822 0.6215384615384615 0.6294416243654822 0.6692307692307692 0.600253807106599 0.6692307692307692
0 0.6357868020304569 0.6215384615384615 0.6649746192893401 0.6215384615384615 0.6649746192893401 0.6692307692307692 0.6357868020304569 0.6692307692307692
2 0.6738578680203046 0.6215384615384615 0.6954314720812182 0.6215384615384615 0.6954314720812182 0.6699999999999999 0.6738578680203046 0.6699999999999999
5 0.7017766497461929 0.6215384615384615 0.7309644670050761 0.6215384615384615 0.7309644670050761 0.6692307692307692 0.7017766497461929 0.6692307692307692
