34 0.25 0.563076923076923 0.27918781725888325 0.563076923076923 0.27918781725888325 0.6107692307692307 0.25 0.6107692307692307
16 0.2868020304568528 0.563076923076923 0.31598984771573607 0.563076923076923 0.31598984771573607 0.6115384615384615 0.2868020304568528 0.6115384615384615
29 0.3236040609137056 0.563076923076923 0.35279187817258884 0.563076923076923 0.35279187817258884 0.6107692307692307 0.3236040609137056 0.6107692307692307
36 0.3623096446700508 0.563076923076923 0.37626903553299496 0.563076923076923 0.37626903553299496 0.5984615384615384 0.3623096446700508 0.5984615384615384
0 0.38261421319796957 0.563076923076923 0.4118020304568528 0.563076923076923 0.4118020304568528 0.6107692307692307 0.38261421319796957 0.6107692307692307
2 0.4206852791878173 0.563076923076923 0.44225888324873097 0.563076923076923 0.44225888324873097 0.6115384615384615 0.4206852791878173 0.6115384615384615
37 0.44923857868020306 0.563076923076923 0.4784263959390863 0.563076923076923 0.4784263959390863 0.5984615384615384 0.44923857868020306 0.5984615384615384
2 0.4873096446700508 0.563076923076923 0.516497461928934 0.563076923076923 0.516497461928934 0.6107692307692307 0.4873096446700508 0.6107692307692307
8 0.5253807106598984 0.563076923076923 0.5545685279187816 0.563076923076923 0.5545685279187816 0.6107692307692307 0.5253807106598984 0.6107692307692307
37 0.5634517766497462 0.563076923076923 0.5926395939086294 0.563076923076923 0.5926395939086294 0.5976923076923076 0.5634517766497462 0.5976923076923076
2 0.6008883248730964 0.563076923076923 0.6224619289340101 0.563076923076923 0.6224619289340101 0.6123076923076922 0.6008883248730964 0.6123076923076922
0 0.6307106598984772 0.563076923076923 0.6598984771573604 0.563076923076923 0.6598984771573604 0.6107692307692307 0.6307106598984772 0.6107692307692307
2 0.6681472081218274 0.563076923076923 0.6973350253807106 0.563076923076923 0.6973350253807106 0.6115384615384615 0.6681472081218274 0.6115384615384615
5 0.7043147208121827 0.563076923076923 0.7335025380710659 0.563076923076923 0.7335025380710659 0.6115384615384615 0.7043147208121827 0.6115384615384615
18 0.25 0.6223076923076923 0.2690355329949239 0.6223076923076923 0.2690355329949239 0.67 0.25 0.67
32 0.2779187817258883 0.6223076923076923 0.299492385786802 0.6223076923076923 0.299492385786802 0.6707692307692308 0.2779187817258883 0.6707692307692308
26 0.30710659898477155 0.6223076923076923 0.32868020304568524 0.6223076923076923 0.32868020304568524 0.6707692307692308 0.30710659898477155 0.6707692307692308
36 0.33756345177664976 0.6223076923076923 0.350253807106599 0.6223076923076923 0.350253807106599 0.6576923076923077 0.33756345177664976 0.6576923076923077
1 0.35850253807106597 0.6223076923076923 0.37246192893401014 0.6223076923076923 0.37246192893401014 0.6707692307692308 0.35850253807106597 0.6707692307692308
0 0.3819796954314721 0.6223076923076923 0.4035532994923858 0.6223076923076923 0.4035532994923858 0.6715384615384615 0.3819796954314721 0.6715384615384615
37 0.41116751269035534 0.6223076923076923 0.4397208121827411 0.6223076923076923 0.4397208121827411 0.6569230769230769 0.41116751269035534 0.6569230769230769
1 0.4467005076142132 0.6223076923076923 0.4657360406091371 0.6223076923076923 0.4657360406091371 0.67 0.4467005076142132 0.67
2 0.475253807106599 0.6223076923076923 0.5044416243654822 0.6223076923076923 0.5044416243654822 0.6707692307692308 0.475253807106599 0.6707692307692308
37 0.5126903553299492 0.6223076923076923 0.5418781725888324 0.6223076923076923 0.5418781725888324 0.6576923076923077 0.5126903553299492 0.6576923076923077
2 0.549492385786802 0.6223076923076923 0.5710659898477157 0.6223076923076923 0.5710659898477157 0.6715384615384615 0.549492385786802 0.6715384615384615
0 0.5774111675126904 0.6223076923076923 0.5989847715736041 0.6223076923076923 0.5989847715736041 0.6715384615384615 0.5774111675126904 0.6715384615384615
2 0.6078680203045685 0.6223076923076923 0.6294416243654822 0.6223076923076923 0.6294416243654822 0.6715384615384615 0.6078680203045685 0.6715384615384615
5 0.6389593908629442 0.6223076923076923 0.6681472081218274 0.6223076923076923 0.6681472081218274 0.67 0.6389593908629442 0.67
