12 0.25 0.38076923076923075 0.27918781725888325 0.38076923076923075 0.27918781725888325 0.42846153846153845 0.25 0.42846153846153845
10 0.2887055837563452 0.38076923076923075 0.3102791878172589 0.38076923076923075 0.3102791878172589 0.4292307692307692 0.2887055837563452 0.4292307692307692
14 0.3166243654822335 0.38076923076923075 0.3381979695431472 0.38076923076923075 0.3381979695431472 0.4292307692307692 0.3166243654822335 0.4292307692307692
36 0.3470812182741117 0.38076923076923075 0.3597715736040609 0.38076923076923075 0.3597715736040609 0.41615384615384615 0.3470812182741117 0.41615384615384615
0 0.36611675126903553 0.38076923076923075 0.3953045685279188 0.38076923076923075 0.3953045685279188 0.42846153846153845 0.36611675126903553 0.42846153846153845
9 0.4022842639593909 0.38076923076923075 0.42385786802030456 0.38076923076923075 0.42385786802030456 0.4292307692307692 0.4022842639593909 0.4292307692307692
37 0.43210659898477155 0.38076923076923075 0.4612944162436548 0.38076923076923075 0.4612944162436548 0.41615384615384615 0.43210659898477155 0.41615384615384615
1 0.4682741116751269 0.38076923076923075 0.48223350253807107 0.38076923076923075 0.48223350253807107 0.4292307692307692 0.4682741116751269 0.4292307692307692
5 0.49111675126903553 0.38076923076923075 0.5203045685279187 0.38076923076923075 0.5203045685279187 0.42846153846153845 0.49111675126903553 0.42846153846153845
37 0.5266497461928934 0.38076923076923075 0.5558375634517766 0.38076923076923075 0.5558375634517766 0.41538461538461535 0.5266497461928934 0.41538461538461535
2 0.5640862944162437 0.38076923076923075 0.5932741116751269 0.38076923076923075 0.5932741116751269 0.42846153846153845 0.5640862944162437 0.42846153846153845
0 0.6021573604060914 0.38076923076923075 0.6313451776649746 0.38076923076923075 0.6313451776649746 0.42846153846153845 0.6021573604060914 0.42846153846153845
2 0.6389593908629442 0.38076923076923075 0.6605329949238579 0.38076923076923075 0.6605329949238579 0.4292307692307692 0.6389593908629442 0.4292307692307692
5 0.6700507614213198 0.38076923076923075 0.699238578680203 0.38076923076923075 0.699238578680203 0.42846153846153845 0.6700507614213198 0.42846153846153845
21 0.25 0.44 0.27918781725888325 0.44 0.27918781725888325 0.4876923076923077 0.25 0.4876923076923077
19 0.2868020304568528 0.44 0.31598984771573607 0.44 0.31598984771573607 0.4876923076923077 0.2868020304568528 0.4876923076923077
27 0.3223350253807107 0.44 0.34390862944162437 0.44 0.34390862944162437 0.48846153846153845 0.3223350253807107 0.48846153846153845
36 0.35215736040609136 0.44 0.3648477157360406 0.44 0.3648477157360406 0.4753846153846154 0.35215736040609136 0.4753846153846154
0 0.37119289340101524 0.44 0.4003807106598985 0.44 0.4003807106598985 0.4876923076923077 0.37119289340101524 0.4876923076923077
1 0.4086294416243655 0.44 0.42258883248730966 0.44 0.42258883248730966 0.48923076923076925 0.4086294416243655 0.48923076923076925
37 0.43210659898477155 0.44 0.4612944162436548 0.44 0.4612944162436548 0.4753846153846154 0.43210659898477155 0.4753846153846154
1 0.46890862944162437 0.44 0.48286802030456855 0.44 0.48286802030456855 0.48846153846153845 0.46890862944162437 0.48846153846153845
9 0.49238578680203043 0.44 0.5215736040609137 0.44 0.5215736040609137 0.4876923076923077 0.49238578680203043 0.4876923076923077
37 0.5291878172588832 0.44 0.5583756345177664 0.44 0.5583756345177664 0.4753846153846154 0.5291878172588832 0.4753846153846154
2 0.5647208121827412 0.44 0.5939086294416244 0.44 0.5939086294416244 0.4876923076923077 0.5647208121827412 0.4876923076923077
0 0.6034263959390863 0.44 0.6326142131979695 0.44 0.6326142131979695 0.4876923076923077 0.6034263959390863 0.4876923076923077
2 0.6408629441624365 0.44 0.6700507614213197 0.44 0.6700507614213197 0.4876923076923077 0.6408629441624365 0.4876923076923077
5 0.6789340101522843 0.44 0.7081218274111675 0.44 0.7081218274111675 0.48846153846153845 0.6789340101522843 0.48846153846153845
