31 0.25 0.5738461538461539 0.27918781725888325 0.5738461538461539 0.27918781725888325 0.6215384615384616 0.25 0.6215384615384616
22 0.2868020304568528 0.5738461538461539 0.31598984771573607 0.5738461538461539 0.31598984771573607 0.6215384615384616 0.2868020304568528 0.6215384615384616
23 0.3223350253807107 0.5738461538461539 0.35152284263959394 0.5738461538461539 0.35152284263959394 0.6215384615384616 0.3223350253807107 0.6215384615384616
36 0.3597715736040609 0.5738461538461539 0.37246192893401014 0.5738461538461539 0.37246192893401014 0.6092307692307692 0.3597715736040609 0.6092307692307692
1 0.37944162436548223 0.5738461538461539 0.3934010152284264 0.5738461538461539 0.3934010152284264 0.6223076923076923 0.37944162436548223 0.6223076923076923
0 0.4003807106598985 0.5738461538461539 0.4219543147208122 0.5738461538461539 0.4219543147208122 0.6223076923076923 0.4003807106598985 0.6223076923076923
37 0.43147208121827413 0.5738461538461539 0.4606598984771574 0.5738461538461539 0.4606598984771574 0.6100000000000001 0.43147208121827413 0.6100000000000001
1 0.467005076142132 0.5738461538461539 0.4860406091370558 0.5738461538461539 0.4860406091370558 0.6215384615384616 0.467005076142132 0.6215384615384616
7 0.4936548223350254 0.5738461538461539 0.5152284263959391 0.5738461538461539 0.5152284263959391 0.6223076923076923 0.4936548223350254 0.6223076923076923
37 0.5228426395939086 0.5738461538461539 0.5520304568527918 0.5738461538461539 0.5520304568527918 0.6100000000000001 0.5228426395939086 0.6100000000000001
2 0.5596446700507615 0.5738461538461539 0.5888324873096447 0.5738461538461539 0.5888324873096447 0.6215384615384616 0.5596446700507615 0.6215384615384616
0 0.5951776649746193 0.5738461538461539 0.6243654822335025 0.5738461538461539 0.6243654822335025 0.6215384615384616 0.5951776649746193 0.6215384615384616
2 0.6338832487309645 0.5738461538461539 0.6630710659898477 0.5738461538461539 0.6630710659898477 0.6215384615384616 0.6338832487309645 0.6215384615384616
5 0.6713197969543148 0.5738461538461539 0.700507614213198 0.5738461538461539 0.700507614213198 0.6215384615384616 0.6713197969543148 0.6215384615384616
28 0.25 0.6330769230769231 0.2715736040609137 0.6330769230769231 0.2715736040609137 0.6815384615384615 0.25 0.6815384615384615
13 0.28045685279187815 0.6330769230769231 0.3096446700507614 0.6330769230769231 0.3096446700507614 0.6815384615384615 0.28045685279187815 0.6815384615384615
24 0.3166243654822335 0.6330769230769231 0.34581218274111675 0.6330769230769231 0.34581218274111675 0.6807692307692308 0.3166243654822335 0.6807692307692308
36 0.3546954314720812 0.6330769230769231 0.36738578680203043 0.6330769230769231 0.36738578680203043 0.6684615384615384 0.3546954314720812 0.6684615384615384
0 0.3762690355329949 0.6330769230769231 0.40545685279187815 0.6330769230769231 0.40545685279187815 0.6815384615384615 0.3762690355329949 0.6815384615384615
8 0.4149746192893401 0.6330769230769231 0.44416243654822335 0.6330769230769231 0.44416243654822335 0.6807692307692308 0.4149746192893401 0.6807692307692308
37 0.45114213197969544 0.6330769230769231 0.4803299492385787 0.6330769230769231 0.4803299492385787 0.6684615384615384 0.45114213197969544 0.6684615384615384
2 0.48921319796954316 0.6330769230769231 0.5107868020304569 0.6330769230769231 0.5107868020304569 0.6815384615384615 0.48921319796954316 0.6815384615384615
4 0.5196700507614214 0.6330769230769231 0.5488578680203046 0.6330769230769231 0.5488578680203046 0.6807692307692308 0.5196700507614214 0.6807692307692308
37 0.557741116751269 0.6330769230769231 0.5869289340101522 0.6330769230769231 0.5869289340101522 0.6684615384615384 0.557741116751269 0.6684615384615384
2 0.5958121827411168 0.6330769230769231 0.6173857868020305 0.6330769230769231 0.6173857868020305 0.6823076923076923 0.5958121827411168 0.6823076923076923
0 0.626269035532995 0.6330769230769231 0.6554568527918782 0.6330769230769231 0.6554568527918782 0.6807692307692308 0.626269035532995 0.6807692307692308
2 0.6643401015228426 0.6330769230769231 0.6859137055837563 0.6330769230769231 0.6859137055837563 0.6823076923076923 0.6643401015228426 0.6823076923076923
5 0.6935279187817259 0.6330769230769231 0.7227157360406091 0.6330769230769231 0.7227157360406091 0.6807692307692308 0.6935279187817259 0.6807692307692308
