24 0.25 0.3946153846153846 0.27918781725888325 0.3946153846153846 0.27918781725888325 0.4423076923076923 0.25 0.4423076923076923
21 0.28616751269035534 0.3946153846153846 0.3153553299492386 0.3946153846153846 0.3153553299492386 0.44307692307692303 0.28616751269035534 0.44307692307692303
14 0.3217005076142132 0.3946153846153846 0.35088832487309646 0.3946153846153846 0.35088832487309646 0.4423076923076923 0.3217005076142132 0.4423076923076923
36 0.35723350253807107 0.3946153846153846 0.3699238578680203 0.3946153846153846 0.3699238578680203 0.43 0.35723350253807107 0.43
1 0.3762690355329949 0.3946153846153846 0.39530456852791873 0.3946153846153846 0.39530456852791873 0.44307692307692303 0.3762690355329949 0.44307692307692303
0 0.4029187817258883 0.3946153846153846 0.43210659898477155 0.3946153846153846 0.43210659898477155 0.4423076923076923 0.4029187817258883 0.4423076923076923
37 0.4397208121827411 0.3946153846153846 0.46890862944162437 0.3946153846153846 0.46890862944162437 0.43 0.4397208121827411 0.43
0 0.475253807106599 0.3946153846153846 0.5044416243654822 0.3946153846153846 0.5044416243654822 0.44307692307692303 0.475253807106599 0.44307692307692303
5 0.5120558375634517 0.3946153846153846 0.5412436548223349 0.3946153846153846 0.5412436548223349 0.4423076923076923 0.5120558375634517 0.4423076923076923
37 0.550761421319797 0.3946153846153846 0.5799492385786802 0.3946153846153846 0.5799492385786802 0.43 0.550761421319797 0.43
2 0.5862944162436549 0.3946153846153846 0.6154822335025381 0.3946153846153846 0.6154822335025381 0.4423076923076923 0.5862944162436549 0.4423076923076923
0 0.623730964467005 0.3946153846153846 0.6529187817258882 0.3946153846153846 0.6529187817258882 0.44307692307692303 0.623730964467005 0.44307692307692303
2 0.6611675126903553 0.3946153846153846 0.6903553299492385 0.3946153846153846 0.6903553299492385 0.44307692307692303 0.6611675126903553 0.44307692307692303
5 0.6986040609137056 0.3946153846153846 0.7277918781725888 0.3946153846153846 0.7277918781725888 0.4423076923076923 0.6986040609137056 0.4423076923076923
12 0.25 0.45384615384615384 0.2715736040609137 0.45384615384615384 0.2715736040609137 0.5023076923076923 0.25 0.5023076923076923
33 0.2785532994923858 0.45384615384615384 0.30012690355329946 0.45384615384615384 0.30012690355329946 0.5023076923076923 0.2785532994923858 0.5023076923076923
20 0.30710659898477155 0.45384615384615384 0.32868020304568524 0.45384615384615384 0.32868020304568524 0.5023076923076923 0.30710659898477155 0.5023076923076923
36 0.3356598984771574 0.45384615384615384 0.3483502538071066 0.45384615384615384 0.3483502538071066 0.48923076923076925 0.3356598984771574 0.48923076923076925
0 0.35596446700507617 0.45384615384615384 0.3851522842639594 0.45384615384615384 0.3851522842639594 0.5015384615384615 0.35596446700507617 0.5015384615384615
8 0.3946700507614213 0.45384615384615384 0.42385786802030456 0.45384615384615384 0.42385786802030456 0.5015384615384615 0.3946700507614213 0.5015384615384615
37 0.43274111675126903 0.45384615384615384 0.4619289340101523 0.45384615384615384 0.4619289340101523 0.48846153846153845 0.43274111675126903 0.48846153846153845
0 0.46890862944162437 0.45384615384615384 0.4980964467005076 0.45384615384615384 0.4980964467005076 0.5015384615384615 0.46890862944162437 0.5015384615384615
4 0.5050761421319797 0.45384615384615384 0.5342639593908629 0.45384615384615384 0.5342639593908629 0.5015384615384615 0.5050761421319797 0.5015384615384615
37 0.541243654822335 0.45384615384615384 0.5704314720812182 0.45384615384615384 0.5704314720812182 0.49 0.541243654822335 0.49
2 0.5786802030456852 0.45384615384615384 0.6078680203045684 0.45384615384615384 0.6078680203045684 0.5015384615384615 0.5786802030456852 0.5015384615384615
0 0.616751269035533 0.45384615384615384 0.6459390862944162 0.45384615384615384 0.6459390862944162 0.5023076923076923 0.616751269035533 0.5023076923076923
2 0.6529187817258884 0.45384615384615384 0.674492385786802 0.45384615384615384 0.674492385786802 0.5023076923076923 0.6529187817258884 0.5023076923076923
5 0.6808375634517766 0.45384615384615384 0.7100253807106598 0.45384615384615384 0.7100253807106598 0.5023076923076923 0.6808375634517766 0.5023076923076923
