15 0.25 0.34384615384615386 0.2715736040609137 0.34384615384615386 0.2715736040609137 0.3923076923076923 0.25 0.3923076923076923
15 0.2779187817258883 0.34384615384615386 0.30710659898477155 0.34384615384615386 0.30710659898477155 0.39153846153846156 0.2779187817258883 0.39153846153846156
13 0.3134517766497462 0.34384615384615386 0.34263959390862947 0.34384615384615386 0.34263959390862947 0.39153846153846156 0.3134517766497462 0.39153846153846156
36 0.3496192893401015 0.34384615384615386 0.3623096446700507 0.34384615384615386 0.3623096446700507 0.38 0.3496192893401015 0.38
0 0.36928934010152287 0.34384615384615386 0.39086294416243655 0.34384615384615386 0.39086294416243655 0.3923076923076923 0.36928934010152287 0.3923076923076923
3 0.39720812182741116 0.34384615384615386 0.4263959390862944 0.34384615384615386 0.4263959390862944 0.39153846153846156 0.39720812182741116 0.39153846153846156
37 0.43274111675126903 0.34384615384615386 0.4619289340101523 0.34384615384615386 0.4619289340101523 0.38 0.43274111675126903 0.38
1 0.46954314720812185 0.34384615384615386 0.48857868020304573 0.34384615384615386 0.48857868020304573 0.39153846153846156 0.46954314720812185 0.39153846153846156
7 0.49746192893401014 0.34384615384615386 0.5190355329949239 0.34384615384615386 0.5190355329949239 0.39153846153846156 0.49746192893401014 0.39153846153846156
37 0.5279187817258884 0.34384615384615386 0.5571065989847716 0.34384615384615386 0.5571065989847716 0.37923076923076926 0.5279187817258884 0.37923076923076926
2 0.5640862944162437 0.34384615384615386 0.5856598984771574 0.34384615384615386 0.5856598984771574 0.3923076923076923 0.5640862944162437 0.3923076923076923
0 0.5920050761421319 0.34384615384615386 0.6135786802030456 0.34384615384615386 0.6135786802030456 0.3930769230769231 0.5920050761421319 0.3930769230769231
2 0.6230964467005076 0.34384615384615386 0.6522842639593908 0.34384615384615386 0.6522842639593908 0.39153846153846156 0.6230964467005076 0.39153846153846156
5 0.6586294416243654 0.34384615384615386 0.6878172588832486 0.34384615384615386 0.6878172588832486 0.3923076923076923 0.6586294416243654 0.3923076923076923
11 0.25 0.40307692307692305 0.27918781725888325 0.40307692307692305 0.27918781725888325 0.45076923076923076 0.25 0.45076923076923076
22 0.2868020304568528 0.40307692307692305 0.3083756345177665 0.40307692307692305 0.3083756345177665 0.4515384615384615 0.2868020304568528 0.4515384615384615
16 0.315989847715736 0.40307692307692305 0.34517766497461927 0.40307692307692305 0.34517766497461927 0.45076923076923076 0.315989847715736 0.45076923076923076
36 0.3534263959390863 0.40307692307692305 0.36611675126903553 0.40307692307692305 0.36611675126903553 0.43846153846153846 0.3534263959390863 0.43846153846153846
0 0.3743654822335025 0.40307692307692305 0.4035532994923858 0.40307692307692305 0.4035532994923858 0.45076923076923076 0.3743654822335025 0.45076923076923076
7 0.4098984771573604 0.40307692307692305 0.43908629441624364 0.40307692307692305 0.43908629441624364 0.45076923076923076 0.4098984771573604 0.45076923076923076
37 0.44543147208121825 0.40307692307692305 0.4746192893401015 0.40307692307692305 0.4746192893401015 0.43846153846153846 0.44543147208121825 0.43846153846153846
1 0.48223350253807107 0.40307692307692305 0.49619289340101524 0.40307692307692305 0.49619289340101524 0.4515384615384615 0.48223350253807107 0.4515384615384615
3 0.5025380710659898 0.40307692307692305 0.5241116751269035 0.40307692307692305 0.5241116751269035 0.4515384615384615 0.5025380710659898 0.4515384615384615
37 0.5329949238578681 0.40307692307692305 0.5621827411167513 0.40307692307692305 0.5621827411167513 0.43846153846153846 0.5329949238578681 0.43846153846153846
2 0.5704314720812182 0.40307692307692305 0.5996192893401014 0.40307692307692305 0.5996192893401014 0.45076923076923076 0.5704314720812182 0.45076923076923076
0 0.6091370558375635 0.40307692307692305 0.6383248730964467 0.40307692307692305 0.6383248730964467 0.45076923076923076 0.6091370558375635 0.45076923076923076
2 0.6446700507614214 0.40307692307692305 0.666243654822335 0.40307692307692305 0.666243654822335 0.4523076923076923 0.6446700507614214 0.4523076923076923
5 0.6738578680203046 0.40307692307692305 0.7030456852791878 0.40307692307692305 0.7030456852791878 0.45076923076923076 0.6738578680203046 0.45076923076923076
