10 0.25 0.54 0.2715736040609137 0.54 0.2715736040609137 0.5884615384615385 0.25 0.5884615384615385
15 0.2779187817258883 0.54 0.30710659898477155 0.54 0.30710659898477155 0.5876923076923077 0.2779187817258883 0.5876923076923077
10 0.3147208121827411 0.54 0.3362944162436548 0.54 0.3362944162436548 0.5876923076923077 0.3147208121827411 0.5876923076923077
36 0.34581218274111675 0.54 0.3597715736040609 0.54 0.3597715736040609 0.5761538461538462 0.34581218274111675 0.5761538461538462
1 0.36738578680203043 0.54 0.3813451776649746 0.54 0.3813451776649746 0.5884615384615385 0.36738578680203043 0.5884615384615385
0 0.39086294416243655 0.54 0.4200507614213198 0.54 0.4200507614213198 0.5884615384615385 0.39086294416243655 0.5884615384615385
37 0.4289340101522843 0.54 0.4581218274111675 0.54 0.4581218274111675 0.5753846153846154 0.4289340101522843 0.5753846153846154
1 0.4663705583756345 0.54 0.4809644670050761 0.54 0.4809644670050761 0.5884615384615385 0.4663705583756345 0.5884615384615385
1 0.4873096446700508 0.54 0.501269035532995 0.54 0.501269035532995 0.5884615384615385 0.4873096446700508 0.5884615384615385
37 0.508248730964467 0.54 0.5374365482233502 0.54 0.5374365482233502 0.5761538461538462 0.508248730964467 0.5761538461538462
2 0.5437817258883249 0.54 0.572969543147208 0.54 0.572969543147208 0.5884615384615385 0.5437817258883249 0.5884615384615385
0 0.5793147208121827 0.54 0.6085025380710659 0.54 0.6085025380710659 0.5876923076923077 0.5793147208121827 0.5876923076923077
2 0.6148477157360406 0.54 0.6364213197969543 0.54 0.6364213197969543 0.5892307692307692 0.6148477157360406 0.5892307692307692
5 0.6453045685279187 0.54 0.6744923857868019 0.54 0.6744923857868019 0.5876923076923077 0.6453045685279187 0.5876923076923077
14 0.25 0.5992307692307692 0.27918781725888325 0.5992307692307692 0.27918781725888325 0.6469230769230769 0.25 0.6469230769230769
11 0.28743654822335024 0.5992307692307692 0.3166243654822335 0.5992307692307692 0.3166243654822335 0.6469230769230769 0.28743654822335024 0.6469230769230769
32 0.3248730964467005 0.5992307692307692 0.35406091370558374 0.5992307692307692 0.35406091370558374 0.6469230769230769 0.3248730964467005 0.6469230769230769
36 0.3616751269035533 0.5992307692307692 0.3756345177664975 0.5992307692307692 0.3756345177664975 0.6346153846153846 0.3616751269035533 0.6346153846153846
1 0.38515228426395937 0.5992307692307692 0.4041878172588832 0.5992307692307692 0.4041878172588832 0.6469230769230769 0.38515228426395937 0.6469230769230769
0 0.4118020304568528 0.5992307692307692 0.44098984771573607 0.5992307692307692 0.44098984771573607 0.6476923076923077 0.4118020304568528 0.6476923076923077
37 0.4498730964467005 0.5992307692307692 0.47906091370558374 0.5992307692307692 0.47906091370558374 0.6346153846153846 0.4498730964467005 0.6346153846153846
1 0.4873096446700508 0.5992307692307692 0.5063451776649747 0.5992307692307692 0.5063451776649747 0.6469230769230769 0.4873096446700508 0.6469230769230769
9 0.5139593908629442 0.5992307692307692 0.5355329949238579 0.5992307692307692 0.5355329949238579 0.6484615384615384 0.5139593908629442 0.6484615384615384
37 0.5431472081218274 0.5992307692307692 0.5723350253807106 0.5992307692307692 0.5723350253807106 0.6346153846153846 0.5431472081218274 0.6346153846153846
2 0.5812182741116751 0.5992307692307692 0.6027918781725888 0.5992307692307692 0.6027918781725888 0.6476923076923077 0.5812182741116751 0.6476923076923077
0 0.6123096446700508 0.5992307692307692 0.6338832487309645 0.5992307692307692 0.6338832487309645 0.6484615384615384 0.6123096446700508 0.6484615384615384
2 0.6434010152284264 0.5992307692307692 0.6725888324873096 0.5992307692307692 0.6725888324873096 0.6469230769230769 0.6434010152284264 0.6469230769230769
5 0.6795685279187818 0.5992307692307692 0.708756345177665 0.5992307692307692 0.708756345177665 0.6469230769230769 0.6795685279187818 0.6469230769230769
