30 0.25 0.41923076923076924 0.2715736040609137 0.41923076923076924 0.2715736040609137 0.4676923076923077 0.25 0.4676923076923077
30 0.28109137055837563 0.41923076923076924 0.3026649746192893 0.41923076923076924 0.3026649746192893 0.4676923076923077 0.28109137055837563 0.4676923076923077
16 0.309010152284264 0.41923076923076924 0.33058375634517767 0.41923076923076924 0.33058375634517767 0.4676923076923077 0.309010152284264 0.4676923076923077
36 0.33756345177664976 0.41923076923076924 0.35152284263959394 0.41923076923076924 0.35152284263959394 0.4553846153846154 0.33756345177664976 0.4553846153846154
0 0.35786802030456855 0.41923076923076924 0.3870558375634518 0.41923076923076924 0.3870558375634518 0.46692307692307694 0.35786802030456855 0.46692307692307694
5 0.39593908629441626 0.41923076923076924 0.41751269035532995 0.41923076923076924 0.41751269035532995 0.4676923076923077 0.39593908629441626 0.4676923076923077
37 0.42576142131979694 0.41923076923076924 0.4549492385786802 0.41923076923076924 0.4549492385786802 0.45461538461538464 0.42576142131979694 0.45461538461538464
0 0.46446700507614214 0.41923076923076924 0.4860406091370558 0.41923076923076924 0.4860406091370558 0.4676923076923077 0.46446700507614214 0.4676923076923077
7 0.4949238578680203 0.41923076923076924 0.5241116751269035 0.41923076923076924 0.5241116751269035 0.46692307692307694 0.4949238578680203 0.46692307692307694
37 0.5317258883248731 0.41923076923076924 0.5609137055837563 0.41923076923076924 0.5609137055837563 0.45461538461538464 0.5317258883248731 0.45461538461538464
2 0.567258883248731 0.41923076923076924 0.5888324873096447 0.41923076923076924 0.5888324873096447 0.4684615384615385 0.567258883248731 0.4684615384615385
0 0.5977157360406091 0.41923076923076924 0.6269035532994923 0.41923076923076924 0.6269035532994923 0.46692307692307694 0.5977157360406091 0.46692307692307694
2 0.633248730964467 0.41923076923076924 0.6624365482233502 0.41923076923076924 0.6624365482233502 0.46692307692307694 0.633248730964467 0.46692307692307694
5 0.6694162436548223 0.41923076923076924 0.690989847715736 0.41923076923076924 0.690989847715736 0.4676923076923077 0.6694162436548223 0.4676923076923077
27 0.25 0.47846153846153844 0.27918781725888325 0.47846153846153844 0.27918781725888325 0.5261538461538461 0.25 0.5261538461538461
19 0.2880710659898477 0.47846153846153844 0.3096446700507614 0.47846153846153844 0.3096446700507614 0.5276923076923077 0.2880710659898477 0.5276923076923077
11 0.31789340101522845 0.47846153846153844 0.33946700507614214 0.47846153846153844 0.33946700507614214 0.5269230769230769 0.31789340101522845 0.5269230769230769
36 0.34581218274111675 0.47846153846153844 0.35850253807106597 0.47846153846153844 0.35850253807106597 0.5138461538461538 0.34581218274111675 0.5138461538461538
0 0.366751269035533 0.47846153846153844 0.39593908629441626 0.47846153846153844 0.39593908629441626 0.5261538461538461 0.366751269035533 0.5261538461538461
3 0.4035532994923858 0.47846153846153844 0.42512690355329946 0.47846153846153844 0.42512690355329946 0.5276923076923077 0.4035532994923858 0.5276923076923077
37 0.4346446700507614 0.47846153846153844 0.46383248730964466 0.47846153846153844 0.46383248730964466 0.5146153846153846 0.4346446700507614 0.5146153846153846
1 0.47017766497461927 0.47846153846153844 0.4892131979695431 0.47846153846153844 0.4892131979695431 0.5269230769230769 0.47017766497461927 0.5269230769230769
0 0.49619289340101524 0.47846153846153844 0.5253807106598984 0.47846153846153844 0.5253807106598984 0.5261538461538461 0.49619289340101524 0.5261538461538461
37 0.5317258883248731 0.47846153846153844 0.5609137055837563 0.47846153846153844 0.5609137055837563 0.5130769230769231 0.5317258883248731 0.5130769230769231
2 0.5697969543147208 0.47846153846153844 0.598984771573604 0.47846153846153844 0.598984771573604 0.5269230769230769 0.5697969543147208 0.5269230769230769
0 0.6078680203045685 0.47846153846153844 0.6370558375634517 0.47846153846153844 0.6370558375634517 0.5261538461538461 0.6078680203045685 0.5261538461538461
2 0.6465736040609137 0.47846153846153844 0.6757614213197969 0.47846153846153844 0.6757614213197969 0.5261538461538461 0.6465736040609137 0.5261538461538461
5 0.6852791878172588 0.47846153846153844 0.7068527918781725 0.47846153846153844 0.7068527918781725 0.5269230769230769 0.6852791878172588 0.5269230769230769
