25 0.25 0.34615384615384615 0.27918781725888325 0.34615384615384615 0.27918781725888325 0.39384615384615385 0.25 0.39384615384615385
11 0.2880710659898477 0.34615384615384615 0.3096446700507614 0.34615384615384615 0.3096446700507614 0.3946153846153846 0.2880710659898477 0.3946153846153846
26 0.31916243654822335 0.34615384615384615 0.34073604060913704 0.34615384615384615 0.34073604060913704 0.3953846153846154 0.31916243654822335 0.3953846153846154
36 0.3483502538071066 0.34615384615384615 0.3623096446700508 0.34615384615384615 0.3623096446700508 0.3823076923076923 0.3483502538071066 0.3823076923076923
0 0.37055837563451777 0.34615384615384615 0.39213197969543145 0.34615384615384615 0.39213197969543145 0.3946153846153846 0.37055837563451777 0.3946153846153846
3 0.39911167512690354 0.34615384615384615 0.4282994923857868 0.34615384615384615 0.4282994923857868 0.39384615384615385 0.39911167512690354 0.39384615384615385
37 0.43591370558375636 0.34615384615384615 0.4651015228426396 0.34615384615384615 0.4651015228426396 0.38153846153846155 0.43591370558375636 0.38153846153846155
0 0.4739847715736041 0.34615384615384615 0.5031725888324873 0.34615384615384615 0.5031725888324873 0.39384615384615385 0.4739847715736041 0.39384615384615385
6 0.5101522842639594 0.34615384615384615 0.5393401015228426 0.34615384615384615 0.5393401015228426 0.39384615384615385 0.5101522842639594 0.39384615384615385
37 0.5469543147208121 0.34615384615384615 0.5761421319796953 0.34615384615384615 0.5761421319796953 0.38153846153846155 0.5469543147208121 0.38153846153846155
2 0.583756345177665 0.34615384615384615 0.6053299492385786 0.34615384615384615 0.6053299492385786 0.3946153846153846 0.583756345177665 0.3946153846153846
0 0.6135786802030457 0.34615384615384615 0.6427664974619289 0.34615384615384615 0.6427664974619289 0.39384615384615385 0.6135786802030457 0.39384615384615385
2 0.6510152284263959 0.34615384615384615 0.6802030456852791 0.34615384615384615 0.6802030456852791 0.39384615384615385 0.6510152284263959 0.39384615384615385
5 0.6865482233502538 0.34615384615384615 0.715736040609137 0.34615384615384615 0.715736040609137 0.39384615384615385 0.6865482233502538 0.39384615384615385
32 0.25 0.4053846153846154 0.2715736040609137 0.4053846153846154 0.2715736040609137 0.45384615384615384 0.25 0.45384615384615384
13 0.27982233502538073 0.4053846153846154 0.309010152284264 0.4053846153846154 0.309010152284264 0.4530769230769231 0.27982233502538073 0.4530769230769231
15 0.31852791878172587 0.4053846153846154 0.34010152284263956 0.4053846153846154 0.34010152284263956 0.45384615384615384 0.31852791878172587 0.45384615384615384
36 0.3496192893401015 0.4053846153846154 0.3623096446700507 0.4053846153846154 0.3623096446700507 0.44153846153846155 0.3496192893401015 0.44153846153846155
0 0.36928934010152287 0.4053846153846154 0.3984771573604061 0.4053846153846154 0.3984771573604061 0.4530769230769231 0.36928934010152287 0.4530769230769231
6 0.40482233502538073 0.4053846153846154 0.4263959390862944 0.4053846153846154 0.4263959390862944 0.45461538461538464 0.40482233502538073 0.45461538461538464
37 0.4352791878172589 0.4053846153846154 0.46446700507614214 0.4053846153846154 0.46446700507614214 0.4407692307692308 0.4352791878172589 0.4407692307692308
1 0.4714467005076142 0.4053846153846154 0.49048223350253806 0.4053846153846154 0.49048223350253806 0.4530769230769231 0.4714467005076142 0.4530769230769231
3 0.49746192893401014 0.4053846153846154 0.5266497461928934 0.4053846153846154 0.5266497461928934 0.4530769230769231 0.49746192893401014 0.4530769230769231
37 0.5336294416243654 0.4053846153846154 0.5628172588832486 0.4053846153846154 0.5628172588832486 0.4407692307692308 0.5336294416243654 0.4407692307692308
2 0.5697969543147208 0.4053846153846154 0.598984771573604 0.4053846153846154 0.598984771573604 0.45384615384615384 0.5697969543147208 0.45384615384615384
0 0.6053299492385786 0.4053846153846154 0.6269035532994923 0.4053846153846154 0.6269035532994923 0.45384615384615384 0.6053299492385786 0.45384615384615384
2 0.6345177664974619 0.4053846153846154 0.6560913705583756 0.4053846153846154 0.6560913705583756 0.45384615384615384 0.6345177664974619 0.45384615384615384
5 0.6649746192893401 0.4053846153846154 0.6865482233502538 0.4053846153846154 0.6865482233502538 0.45461538461538464 0.6649746192893401 0.45461538461538464
