31 0.25 0.5230769230769231 0.27918781725888325 0.5230769230769231 0.27918781725888325 0.5707692307692308 0.25 0.5707692307692308
18 0.2880710659898477 0.5230769230769231 0.3020304568527919 0.5230769230769231 0.3020304568527919 0.5723076923076923 0.2880710659898477 0.5723076923076923
12 0.31091370558375636 0.5230769230769231 0.3401015228426396 0.5230769230769231 0.3401015228426396 0.5707692307692308 0.31091370558375636 0.5707692307692308
36 0.3470812182741117 0.5230769230769231 0.3597715736040609 0.5230769230769231 0.3597715736040609 0.5584615384615385 0.3470812182741117 0.5584615384615385
0 0.366751269035533 0.5230769230769231 0.39593908629441626 0.5230769230769231 0.39593908629441626 0.5707692307692308 0.366751269035533 0.5707692307692308
3 0.40545685279187815 0.5230769230769231 0.4346446700507614 0.5230769230769231 0.4346446700507614 0.5707692307692308 0.40545685279187815 0.5707692307692308
37 0.44352791878172587 0.5230769230769231 0.4727157360406091 0.5230769230769231 0.4727157360406091 0.5584615384615385 0.44352791878172587 0.5584615384615385
2 0.48223350253807107 0.5230769230769231 0.5114213197969543 0.5230769230769231 0.5114213197969543 0.5707692307692308 0.48223350253807107 0.5707692307692308
1 0.5190355329949239 0.5230769230769231 0.5380710659898478 0.5230769230769231 0.5380710659898478 0.5707692307692308 0.5190355329949239 0.5707692307692308
37 0.5450507614213198 0.5230769230769231 0.574238578680203 0.5230769230769231 0.574238578680203 0.5584615384615385 0.5450507614213198 0.5584615384615385
2 0.5805837563451777 0.5230769230769231 0.6097715736040609 0.5230769230769231 0.6097715736040609 0.5707692307692308 0.5805837563451777 0.5707692307692308
0 0.6192893401015228 0.5230769230769231 0.648477157360406 0.5230769230769231 0.648477157360406 0.5707692307692308 0.6192893401015228 0.5707692307692308
2 0.6573604060913706 0.5230769230769231 0.6865482233502538 0.5230769230769231 0.6865482233502538 0.5707692307692308 0.6573604060913706 0.5707692307692308
5 0.6941624365482234 0.5230769230769231 0.7233502538071066 0.5230769230769231 0.7233502538071066 0.5707692307692308 0.6941624365482234 0.5707692307692308
15 0.25 0.5823076923076923 0.2715736040609137 0.5823076923076923 0.2715736040609137 0.6307692307692307 0.25 0.6307692307692307
27 0.27982233502538073 0.5823076923076923 0.309010152284264 0.5823076923076923 0.309010152284264 0.63 0.27982233502538073 0.63
18 0.31852791878172587 0.5823076923076923 0.3375634517766497 0.5823076923076923 0.3375634517766497 0.63 0.31852791878172587 0.63
36 0.34581218274111675 0.5823076923076923 0.3534263959390863 0.5823076923076923 0.3534263959390863 0.6130769230769231 0.34581218274111675 0.6130769230769231
0 0.3610406091370558 0.5823076923076923 0.3902284263959391 0.5823076923076923 0.3902284263959391 0.6307692307692307 0.3610406091370558 0.6307692307692307
3 0.39911167512690354 0.5823076923076923 0.4282994923857868 0.5823076923076923 0.4282994923857868 0.6307692307692307 0.39911167512690354 0.6307692307692307
37 0.4346446700507614 0.5823076923076923 0.46383248730964466 0.5823076923076923 0.46383248730964466 0.6176923076923077 0.4346446700507614 0.6176923076923077
2 0.4727157360406091 0.5823076923076923 0.4942893401015228 0.5823076923076923 0.4942893401015228 0.6307692307692307 0.4727157360406091 0.6307692307692307
5 0.5038071065989848 0.5823076923076923 0.5253807106598984 0.5823076923076923 0.5253807106598984 0.6307692307692307 0.5038071065989848 0.6307692307692307
37 0.5329949238578681 0.5823076923076923 0.5621827411167513 0.5823076923076923 0.5621827411167513 0.6184615384615385 0.5329949238578681 0.6184615384615385
2 0.5717005076142132 0.5823076923076923 0.6008883248730964 0.5823076923076923 0.6008883248730964 0.6307692307692307 0.5717005076142132 0.6307692307692307
0 0.6097715736040609 0.5823076923076923 0.6389593908629441 0.5823076923076923 0.6389593908629441 0.63 0.6097715736040609 0.63
2 0.6472081218274112 0.5823076923076923 0.6763959390862944 0.5823076923076923 0.6763959390862944 0.63 0.6472081218274112 0.63
5 0.6859137055837563 0.5823076923076923 0.7151015228426395 0.5823076923076923 0.7151015228426395 0.63 0.6859137055837563 0.63
