27 0.25 0.63 0.2715736040609137 0.63 0.2715736040609137 0.6784615384615384 0.25 0.6784615384615384
13 0.27982233502538073 0.63 0.309010152284264 0.63 0.309010152284264 0.6776923076923077 0.27982233502538073 0.6776923076923077
10 0.3153553299492386 0.63 0.34454314720812185 0.63 0.34454314720812185 0.6776923076923077 0.3153553299492386 0.6776923076923077
36 0.35088832487309646 0.63 0.36484771573604063 0.63 0.36484771573604063 0.6653846153846154 0.35088832487309646 0.6653846153846154
1 0.37119289340101524 0.63 0.3851522842639594 0.63 0.3851522842639594 0.6784615384615384 0.37119289340101524 0.6784615384615384
1 0.39403553299492383 0.63 0.41307106598984766 0.63 0.41307106598984766 0.6776923076923077 0.39403553299492383 0.6776923076923077
37 0.4200507614213198 0.63 0.44923857868020306 0.63 0.44923857868020306 0.6661538461538462 0.4200507614213198 0.6661538461538462
3 0.4581218274111675 0.63 0.4873096446700508 0.63 0.4873096446700508 0.6784615384615384 0.4581218274111675 0.6784615384615384
0 0.49428934010152287 0.63 0.5234771573604061 0.63 0.5234771573604061 0.6776923076923077 0.49428934010152287 0.6776923076923077
37 0.5304568527918782 0.63 0.5545685279187818 0.63 0.5545685279187818 0.6592307692307693 0.5304568527918782 0.6592307692307693
2 0.5621827411167513 0.63 0.583756345177665 0.63 0.583756345177665 0.6784615384615384 0.5621827411167513 0.6784615384615384
0 0.5907360406091371 0.63 0.6123096446700508 0.63 0.6123096446700508 0.6784615384615384 0.5907360406091371 0.6784615384615384
2 0.6192893401015228 0.63 0.648477157360406 0.63 0.648477157360406 0.6784615384615384 0.6192893401015228 0.6784615384615384
4 0.6573604060913706 0.63 0.6789340101522843 0.63 0.6789340101522843 0.6784615384615384 0.6573604060913706 0.6784615384615384
32 0.25 0.6892307692307692 0.27918781725888325 0.6892307692307692 0.27918781725888325 0.7369230769230769 0.25 0.7369230769230769
10 0.2887055837563452 0.6892307692307692 0.31789340101522845 0.6892307692307692 0.31789340101522845 0.7376923076923076 0.2887055837563452 0.7376923076923076
15 0.3267766497461929 0.6892307692307692 0.35596446700507617 0.6892307692307692 0.35596446700507617 0.7369230769230769 0.3267766497461929 0.7369230769230769
36 0.36484771573604063 0.6892307692307692 0.3724619289340102 0.6892307692307692 0.3724619289340102 0.72 0.36484771573604063 0.72
0 0.38071065989847713 0.6892307692307692 0.4098984771573604 0.6892307692307692 0.4098984771573604 0.7369230769230769 0.38071065989847713 0.7369230769230769
2 0.41941624365482233 0.6892307692307692 0.4486040609137056 0.6892307692307692 0.4486040609137056 0.7369230769230769 0.41941624365482233 0.7369230769230769
37 0.4549492385786802 0.6892307692307692 0.48413705583756345 0.6892307692307692 0.48413705583756345 0.7246153846153846 0.4549492385786802 0.7246153846153846
2 0.491751269035533 0.6892307692307692 0.5209390862944162 0.6892307692307692 0.5209390862944162 0.7369230769230769 0.491751269035533 0.7369230769230769
8 0.5298223350253807 0.6892307692307692 0.5590101522842639 0.6892307692307692 0.5590101522842639 0.7369230769230769 0.5298223350253807 0.7369230769230769
37 0.565989847715736 0.6892307692307692 0.5951776649746192 0.6892307692307692 0.5951776649746192 0.7246153846153846 0.565989847715736 0.7246153846153846
2 0.6040609137055838 0.6892307692307692 0.633248730964467 0.6892307692307692 0.633248730964467 0.7376923076923076 0.6040609137055838 0.7376923076923076
0 0.6421319796954315 0.6892307692307692 0.6637055837563451 0.6892307692307692 0.6637055837563451 0.7376923076923076 0.6421319796954315 0.7376923076923076
2 0.6706852791878173 0.6892307692307692 0.6998730964467005 0.6892307692307692 0.6998730964467005 0.7369230769230769 0.6706852791878173 0.7369230769230769
5 0.7081218274111675 0.6892307692307692 0.7373096446700507 0.6892307692307692 0.7373096446700507 0.7369230769230769 0.7081218274111675 0.7369230769230769
