27 0.25 0.3515384615384615 0.27918781725888325 0.3515384615384615 0.27918781725888325 0.3992307692307692 0.25 0.3992307692307692
35 0.2868020304568528 0.3515384615384615 0.31598984771573607 0.3515384615384615 0.31598984771573607 0.3992307692307692 0.2868020304568528 0.3992307692307692
22 0.3223350253807107 0.3515384615384615 0.35152284263959394 0.3515384615384615 0.35152284263959394 0.3992307692307692 0.3223350253807107 0.3992307692307692
36 0.3610406091370558 0.3515384615384615 0.37373096446700504 0.3515384615384615 0.37373096446700504 0.3869230769230769 0.3610406091370558 0.3869230769230769
0 0.38071065989847713 0.3515384615384615 0.4098984771573604 0.3515384615384615 0.4098984771573604 0.39999999999999997 0.38071065989847713 0.39999999999999997
3 0.41878172588832485 0.3515384615384615 0.4479695431472081 0.3515384615384615 0.4479695431472081 0.3992307692307692 0.41878172588832485 0.3992307692307692
37 0.45748730964467005 0.3515384615384615 0.4866751269035533 0.3515384615384615 0.4866751269035533 0.3869230769230769 0.45748730964467005 0.3869230769230769
0 0.49555837563451777 0.3515384615384615 0.524746192893401 0.3515384615384615 0.524746192893401 0.39999999999999997 0.49555837563451777 0.39999999999999997
1 0.5323604060913706 0.3515384615384615 0.5513959390862945 0.3515384615384615 0.5513959390862945 0.3992307692307692 0.5323604060913706 0.3992307692307692
37 0.5596446700507615 0.3515384615384615 0.5888324873096447 0.3515384615384615 0.5888324873096447 0.3869230769230769 0.5596446700507615 0.3869230769230769
2 0.5977157360406091 0.3515384615384615 0.6192893401015228 0.3515384615384615 0.6192893401015228 0.40076923076923077 0.5977157360406091 0.40076923076923077
0 0.6269035532994924 0.3515384615384615 0.6560913705583756 0.3515384615384615 0.6560913705583756 0.3992307692307692 0.6269035532994924 0.3992307692307692
2 0.6656091370558376 0.3515384615384615 0.6947969543147208 0.3515384615384615 0.6947969543147208 0.3992307692307692 0.6656091370558376 0.3992307692307692
5 0.7030456852791879 0.3515384615384615 0.7246192893401016 0.3515384615384615 0.7246192893401016 0.39999999999999997 0.7030456852791879 0.39999999999999997
29 0.25 0.4107692307692308 0.27918781725888325 0.4107692307692308 0.27918781725888325 0.4584615384615385 0.25 0.4584615384615385
32 0.2868020304568528 0.4107692307692308 0.31598984771573607 0.4107692307692308 0.31598984771573607 0.4584615384615385 0.2868020304568528 0.4584615384615385
34 0.32550761421319796 0.4107692307692308 0.3546954314720812 0.4107692307692308 0.3546954314720812 0.4584615384615385 0.32550761421319796 0.4584615384615385
36 0.36421319796954316 0.4107692307692308 0.3769035532994924 0.4107692307692308 0.3769035532994924 0.4461538461538462 0.36421319796954316 0.4461538461538462
1 0.38388324873096447 0.4107692307692308 0.40291878172588835 0.4107692307692308 0.40291878172588835 0.4584615384615385 0.38388324873096447 0.4584615384615385
0 0.41053299492385786 0.4107692307692308 0.4397208121827411 0.4107692307692308 0.4397208121827411 0.4584615384615385 0.41053299492385786 0.4584615384615385
37 0.4467005076142132 0.4107692307692308 0.47588832487309646 0.4107692307692308 0.47588832487309646 0.4461538461538462 0.4467005076142132 0.4461538461538462
0 0.4847715736040609 0.4107692307692308 0.5139593908629442 0.4107692307692308 0.5139593908629442 0.4584615384615385 0.4847715736040609 0.4584615384615385
2 0.5222081218274112 0.4107692307692308 0.5513959390862944 0.4107692307692308 0.5513959390862944 0.4592307692307692 0.5222081218274112 0.4592307692307692
37 0.559010152284264 0.4107692307692308 0.5881979695431472 0.4107692307692308 0.5881979695431472 0.4453846153846154 0.559010152284264 0.4453846153846154
2 0.5945431472081218 0.4107692307692308 0.623730964467005 0.4107692307692308 0.623730964467005 0.4584615384615385 0.5945431472081218 0.4584615384615385
0 0.6313451776649747 0.4107692307692308 0.6605329949238579 0.4107692307692308 0.6605329949238579 0.4584615384615385 0.6313451776649747 0.4584615384615385
2 0.6675126903553299 0.4107692307692308 0.6967005076142131 0.4107692307692308 0.6967005076142131 0.4592307692307692 0.6675126903553299 0.4592307692307692
5 0.7043147208121827 0.4107692307692308 0.7258883248730964 0.4107692307692308 0.7258883248730964 0.4592307692307692 0.7043147208121827 0.4592307692307692
