35 0.25 0.4269230769230769 0.2715736040609137 0.4269230769230769 0.2715736040609137 0.47538461538461535 0.25 0.47538461538461535
35 0.27982233502538073 0.4269230769230769 0.3013959390862944 0.4269230769230769 0.3013959390862944 0.47538461538461535 0.27982233502538073 0.47538461538461535
16 0.3096446700507614 0.4269230769230769 0.3312182741116751 0.4269230769230769 0.3312182741116751 0.47615384615384615 0.3096446700507614 0.47615384615384615
36 0.33946700507614214 0.4269230769230769 0.3534263959390863 0.4269230769230769 0.3534263959390863 0.4623076923076923 0.33946700507614214 0.4623076923076923
0 0.3597715736040609 0.4269230769230769 0.3889593908629442 0.4269230769230769 0.3889593908629442 0.4746153846153846 0.3597715736040609 0.4746153846153846
1 0.39720812182741116 0.4269230769230769 0.41116751269035534 0.4269230769230769 0.41116751269035534 0.47538461538461535 0.39720812182741116 0.47538461538461535
37 0.41941624365482233 0.4269230769230769 0.4486040609137056 0.4269230769230769 0.4486040609137056 0.4623076923076923 0.41941624365482233 0.4623076923076923
0 0.45685279187817257 0.4269230769230769 0.47842639593908626 0.4269230769230769 0.47842639593908626 0.47538461538461535 0.45685279187817257 0.47538461538461535
7 0.4847715736040609 0.4269230769230769 0.5063451776649747 0.4269230769230769 0.5063451776649747 0.47538461538461535 0.4847715736040609 0.47538461538461535
37 0.5126903553299492 0.4269230769230769 0.5418781725888324 0.4269230769230769 0.5418781725888324 0.4623076923076923 0.5126903553299492 0.4623076923076923
2 0.550761421319797 0.4269230769230769 0.5723350253807107 0.4269230769230769 0.5723350253807107 0.47538461538461535 0.550761421319797 0.47538461538461535
0 0.5805837563451777 0.4269230769230769 0.6097715736040609 0.4269230769230769 0.6097715736040609 0.4746153846153846 0.5805837563451777 0.4746153846153846
2 0.6192893401015228 0.4269230769230769 0.6408629441624365 0.4269230769230769 0.6408629441624365 0.47538461538461535 0.6192893401015228 0.47538461538461535
5 0.6491116751269036 0.4269230769230769 0.6782994923857868 0.4269230769230769 0.6782994923857868 0.4746153846153846 0.6491116751269036 0.4746153846153846
21 0.25 0.48615384615384616 0.27918781725888325 0.48615384615384616 0.27918781725888325 0.5338461538461539 0.25 0.5338461538461539
17 0.2868020304568528 0.48615384615384616 0.3083756345177665 0.48615384615384616 0.3083756345177665 0.5346153846153846 0.2868020304568528 0.5346153846153846
20 0.3153553299492386 0.48615384615384616 0.3369289340101523 0.48615384615384616 0.3369289340101523 0.5346153846153846 0.3153553299492386 0.5346153846153846
36 0.34581218274111675 0.48615384615384616 0.3597715736040609 0.48615384615384616 0.3597715736040609 0.5215384615384615 0.34581218274111675 0.5215384615384615
0 0.3686548223350254 0.48615384615384616 0.39784263959390864 0.48615384615384616 0.39784263959390864 0.5338461538461539 0.3686548223350254 0.5338461538461539
3 0.40482233502538073 0.48615384615384616 0.4263959390862944 0.48615384615384616 0.4263959390862944 0.5346153846153846 0.40482233502538073 0.5346153846153846
37 0.43591370558375636 0.48615384615384616 0.4651015228426396 0.48615384615384616 0.4651015228426396 0.5215384615384615 0.43591370558375636 0.5215384615384615
1 0.4720812182741117 0.48615384615384616 0.4860406091370559 0.48615384615384616 0.4860406091370559 0.5346153846153846 0.4720812182741117 0.5346153846153846
1 0.49555837563451777 0.48615384615384616 0.5145939086294417 0.48615384615384616 0.5145939086294417 0.5338461538461539 0.49555837563451777 0.5338461538461539
37 0.5234771573604061 0.48615384615384616 0.5526649746192893 0.48615384615384616 0.5526649746192893 0.5215384615384615 0.5234771573604061 0.5215384615384615
2 0.5596446700507615 0.48615384615384616 0.5812182741116751 0.48615384615384616 0.5812182741116751 0.5346153846153846 0.5596446700507615 0.5346153846153846
0 0.5907360406091371 0.48615384615384616 0.6123096446700508 0.48615384615384616 0.6123096446700508 0.5346153846153846 0.5907360406091371 0.5346153846153846
2 0.6192893401015228 0.48615384615384616 0.648477157360406 0.48615384615384616 0.648477157360406 0.5346153846153846 0.6192893401015228 0.5346153846153846
5 0.6560913705583756 0.48615384615384616 0.6852791878172588 0.48615384615384616 0.6852791878172588 0.5338461538461539 0.6560913705583756 0.5338461538461539
