11 0.25 0.4307692307692308 0.27918781725888325 0.4307692307692308 0.27918781725888325 0.4784615384615385 0.25 0.4784615384615385
31 0.2887055837563452 0.4307692307692308 0.31789340101522845 0.4307692307692308 0.31789340101522845 0.4784615384615385 0.2887055837563452 0.4784615384615385
15 0.3267766497461929 0.4307692307692308 0.3483502538071066 0.4307692307692308 0.3483502538071066 0.47923076923076924 0.3267766497461929 0.47923076923076924
36 0.3553299492385787 0.4307692307692308 0.36928934010152287 0.4307692307692308 0.36928934010152287 0.4661538461538462 0.3553299492385787 0.4661538461538462
0 0.3756345177664975 0.4307692307692308 0.39720812182741116 0.4307692307692308 0.39720812182741116 0.47923076923076924 0.3756345177664975 0.47923076923076924
9 0.4067258883248731 0.4307692307692308 0.43591370558375636 0.4307692307692308 0.43591370558375636 0.4784615384615385 0.4067258883248731 0.4784615384615385
37 0.44225888324873097 0.4307692307692308 0.4714467005076142 0.4307692307692308 0.4714467005076142 0.46692307692307694 0.44225888324873097 0.46692307692307694
2 0.4796954314720812 0.4307692307692308 0.501269035532995 0.4307692307692308 0.501269035532995 0.48000000000000004 0.4796954314720812 0.48000000000000004
0 0.5101522842639594 0.4307692307692308 0.5393401015228426 0.4307692307692308 0.5393401015228426 0.4784615384615385 0.5101522842639594 0.4784615384615385
37 0.5482233502538071 0.4307692307692308 0.5774111675126903 0.4307692307692308 0.5774111675126903 0.46692307692307694 0.5482233502538071 0.46692307692307694
2 0.583756345177665 0.4307692307692308 0.6129441624365481 0.4307692307692308 0.6129441624365481 0.4784615384615385 0.583756345177665 0.4784615384615385
0 0.6211928934010152 0.4307692307692308 0.6427664974619289 0.4307692307692308 0.6427664974619289 0.47923076923076924 0.6211928934010152 0.47923076923076924
2 0.649746192893401 0.4307692307692308 0.6789340101522842 0.4307692307692308 0.6789340101522842 0.4784615384615385 0.649746192893401 0.4784615384615385
5 0.6878172588832487 0.4307692307692308 0.7093908629441624 0.4307692307692308 0.7093908629441624 0.47923076923076924 0.6878172588832487 0.47923076923076924
32 0.25 0.49 0.2715736040609137 0.49 0.2715736040609137 0.5384615384615384 0.25 0.5384615384615384
20 0.27918781725888325 0.49 0.30076142131979694 0.49 0.30076142131979694 0.5384615384615384 0.27918781725888325 0.5384615384615384
22 0.3083756345177665 0.49 0.3299492385786802 0.49 0.3299492385786802 0.5384615384615384 0.3083756345177665 0.5384615384615384
36 0.3381979695431472 0.49 0.3508883248730964 0.49 0.3508883248730964 0.5261538461538462 0.3381979695431472 0.5261538461538462
1 0.3604060913705584 0.49 0.37944162436548223 0.49 0.37944162436548223 0.5384615384615384 0.3604060913705584 0.5384615384615384
2 0.3889593908629442 0.49 0.41814720812182743 0.49 0.41814720812182743 0.5376923076923077 0.3889593908629442 0.5376923076923077
37 0.4270304568527919 0.49 0.45621827411167515 0.49 0.45621827411167515 0.5253846153846153 0.4270304568527919 0.5253846153846153
3 0.4631979695431472 0.49 0.49238578680203043 0.49 0.49238578680203043 0.5376923076923077 0.4631979695431472 0.5376923076923077
1 0.5 0.49 0.5139593908629442 0.49 0.5139593908629442 0.5392307692307692 0.5 0.5392307692307692
37 0.5234771573604061 0.49 0.5526649746192893 0.49 0.5526649746192893 0.5253846153846153 0.5234771573604061 0.5253846153846153
2 0.559010152284264 0.49 0.5881979695431472 0.49 0.5881979695431472 0.5384615384615384 0.559010152284264 0.5384615384615384
0 0.5945431472081218 0.49 0.623730964467005 0.49 0.623730964467005 0.5384615384615384 0.5945431472081218 0.5384615384615384
2 0.631979695431472 0.49 0.6611675126903552 0.49 0.6611675126903552 0.5384615384615384 0.631979695431472 0.5384615384615384
4 0.6675126903553299 0.49 0.6967005076142131 0.49 0.6967005076142131 0.5376923076923077 0.6675126903553299 0.5376923076923077
