35 0.25 0.6215384615384615 0.27918781725888325 0.6215384615384615 0.27918781725888325 0.6692307692307692 0.25 0.6692307692307692
25 0.2868020304568528 0.6215384615384615 0.3083756345177665 0.6215384615384615 0.3083756345177665 0.6707692307692307 0.2868020304568528 0.6707692307692307
18 0.3166243654822335 0.6215384615384615 0.3356598984771574 0.6215384615384615 0.3356598984771574 0.6699999999999999 0.3166243654822335 0.6699999999999999
36 0.3432741116751269 0.6215384615384615 0.3559644670050761 0.6215384615384615 0.3559644670050761 0.6576923076923077 0.3432741116751269 0.6576923076923077
0 0.3635786802030457 0.6215384615384615 0.39276649746192893 0.6215384615384615 0.39276649746192893 0.6692307692307692 0.3635786802030457 0.6692307692307692
4 0.4003807106598985 0.6215384615384615 0.42449238578680204 0.6215384615384615 0.42449238578680204 0.6692307692307692 0.4003807106598985 0.6692307692307692
37 0.434010152284264 0.6215384615384615 0.46319796954314724 0.6215384615384615 0.46319796954314724 0.6569230769230768 0.434010152284264 0.6569230769230768
0 0.4727157360406091 0.6215384615384615 0.5019035532994923 0.6215384615384615 0.5019035532994923 0.6692307692307692 0.4727157360406091 0.6692307692307692
3 0.5088832487309645 0.6215384615384615 0.5380710659898477 0.6215384615384615 0.5380710659898477 0.6699999999999999 0.5088832487309645 0.6699999999999999
37 0.5444162436548223 0.6215384615384615 0.5736040609137055 0.6215384615384615 0.5736040609137055 0.6569230769230768 0.5444162436548223 0.6569230769230768
2 0.5812182741116751 0.6215384615384615 0.6027918781725888 0.6215384615384615 0.6027918781725888 0.6699999999999999 0.5812182741116751 0.6699999999999999
0 0.6123096446700508 0.6215384615384615 0.6338832487309645 0.6215384615384615 0.6338832487309645 0.6699999999999999 0.6123096446700508 0.6699999999999999
2 0.6434010152284264 0.6215384615384615 0.6725888324873096 0.6215384615384615 0.6725888324873096 0.6692307692307692 0.6434010152284264 0.6692307692307692
5 0.6814720812182741 0.6215384615384615 0.7030456852791878 0.6215384615384615 0.7030456852791878 0.6699999999999999 0.6814720812182741 0.6699999999999999
35 0.25 0.6807692307692308 0.2715736040609137 0.6807692307692308 0.2715736040609137 0.7292307692307692 0.25 0.7292307692307692
25 0.27918781725888325 0.6807692307692308 0.3083756345177665 0.6807692307692308 0.3083756345177665 0.7284615384615385 0.27918781725888325 0.7284615384615385
22 0.3147208121827411 0.6807692307692308 0.34390862944162437 0.6807692307692308 0.34390862944162437 0.7284615384615385 0.3147208121827411 0.7284615384615385
36 0.35215736040609136 0.6807692307692308 0.36611675126903553 0.6807692307692308 0.36611675126903553 0.7161538461538461 0.35215736040609136 0.7161538461538461
0 0.3730964467005076 0.6807692307692308 0.4022842639593909 0.6807692307692308 0.4022842639593909 0.7284615384615385 0.3730964467005076 0.7284615384615385
1 0.40926395939086296 0.6807692307692308 0.42322335025380714 0.6807692307692308 0.42322335025380714 0.7292307692307692 0.40926395939086296 0.7292307692307692
37 0.43083756345177665 0.6807692307692308 0.4600253807106599 0.6807692307692308 0.4600253807106599 0.7161538461538461 0.43083756345177665 0.7161538461538461
0 0.4663705583756345 0.6807692307692308 0.49555837563451777 0.6807692307692308 0.49555837563451777 0.7284615384615385 0.4663705583756345 0.7284615384615385
8 0.5025380710659898 0.6807692307692308 0.5241116751269035 0.6807692307692308 0.5241116751269035 0.7292307692307692 0.5025380710659898 0.7292307692307692
37 0.5336294416243654 0.6807692307692308 0.5628172588832486 0.6807692307692308 0.5628172588832486 0.7161538461538461 0.5336294416243654 0.7161538461538461
2 0.5723350253807107 0.6807692307692308 0.5939086294416244 0.6807692307692308 0.5939086294416244 0.73 0.5723350253807107 0.73
0 0.6021573604060914 0.6807692307692308 0.6313451776649746 0.6807692307692308 0.6313451776649746 0.7284615384615385 0.6021573604060914 0.7284615384615385
2 0.6395939086294417 0.6807692307692308 0.6687817258883249 0.6807692307692308 0.6687817258883249 0.7284615384615385 0.6395939086294417 0.7284615384615385
5 0.6776649746192893 0.6807692307692308 0.699238578680203 0.6807692307692308 0.699238578680203 0.7292307692307692 0.6776649746192893 0.7292307692307692
