31 0.25 0.4930769230769231 0.27918781725888325 0.4930769230769231 0.27918781725888325 0.5407692307692308 0.25 0.5407692307692308
24 0.28553299492385786 0.4930769230769231 0.3147208121827411 0.4930769230769231 0.3147208121827411 0.5407692307692308 0.28553299492385786 0.5407692307692308
27 0.3217005076142132 0.4930769230769231 0.3432741116751269 0.4930769230769231 0.3432741116751269 0.5415384615384615 0.3217005076142132 0.5415384615384615
36 0.35088832487309646 0.4930769230769231 0.3635786802030457 0.4930769230769231 0.3635786802030457 0.5284615384615384 0.35088832487309646 0.5284615384615384
1 0.37182741116751267 0.4930769230769231 0.38197969543147203 0.4930769230769231 0.38197969543147203 0.5415384615384615 0.37182741116751267 0.5415384615384615
1 0.3889593908629442 0.4930769230769231 0.40799492385786806 0.4930769230769231 0.40799492385786806 0.5407692307692308 0.3889593908629442 0.5407692307692308
37 0.4149746192893401 0.4930769230769231 0.44416243654822335 0.4930769230769231 0.44416243654822335 0.5284615384615384 0.4149746192893401 0.5284615384615384
2 0.45241116751269034 0.4930769230769231 0.473984771573604 0.4930769230769231 0.473984771573604 0.5415384615384615 0.45241116751269034 0.5415384615384615
5 0.48350253807106597 0.4930769230769231 0.5050761421319797 0.4930769230769231 0.5050761421319797 0.5415384615384615 0.48350253807106597 0.5415384615384615
37 0.5145939086294417 0.4930769230769231 0.5437817258883249 0.4930769230769231 0.5437817258883249 0.5284615384615384 0.5145939086294417 0.5284615384615384
2 0.550761421319797 0.4930769230769231 0.5799492385786802 0.4930769230769231 0.5799492385786802 0.5415384615384615 0.550761421319797 0.5415384615384615
0 0.5888324873096447 0.4930769230769231 0.6180203045685279 0.4930769230769231 0.6180203045685279 0.5407692307692308 0.5888324873096447 0.5407692307692308
2 0.6269035532994924 0.4930769230769231 0.6560913705583756 0.4930769230769231 0.6560913705583756 0.5407692307692308 0.6269035532994924 0.5407692307692308
4 0.6630710659898477 0.4930769230769231 0.6846446700507614 0.4930769230769231 0.6846446700507614 0.5415384615384615 0.6630710659898477 0.5415384615384615
34 0.25 0.5523076923076923 0.27918781725888325 0.5523076923076923 0.27918781725888325 0.6 0.25 0.6
26 0.2887055837563452 0.5523076923076923 0.3102791878172589 0.5523076923076923 0.3102791878172589 0.6007692307692307 0.2887055837563452 0.6007692307692307
18 0.31789340101522845 0.5523076923076923 0.33692893401015234 0.5523076923076923 0.33692893401015234 0.6 0.31789340101522845 0.6
36 0.3464467005076142 0.5523076923076923 0.35279187817258884 0.5523076923076923 0.35279187817258884 0.5823076923076923 0.3464467005076142 0.5823076923076923
0 0.3610406091370558 0.5523076923076923 0.3902284263959391 0.5523076923076923 0.3902284263959391 0.6 0.3610406091370558 0.6
7 0.3965736040609137 0.5523076923076923 0.42576142131979694 0.5523076923076923 0.42576142131979694 0.6 0.3965736040609137 0.6
37 0.4333756345177665 0.5523076923076923 0.46256345177664976 0.5523076923076923 0.46256345177664976 0.5884615384615385 0.4333756345177665 0.5884615384615385
0 0.4714467005076142 0.5523076923076923 0.5006345177664975 0.5523076923076923 0.5006345177664975 0.6 0.4714467005076142 0.6
2 0.5095177664974619 0.5523076923076923 0.5387055837563451 0.5523076923076923 0.5387055837563451 0.6 0.5095177664974619 0.6
37 0.5469543147208121 0.5523076923076923 0.5761421319796953 0.5523076923076923 0.5761421319796953 0.5876923076923076 0.5469543147208121 0.5876923076923076
2 0.5843908629441624 0.5523076923076923 0.6135786802030456 0.5523076923076923 0.6135786802030456 0.6007692307692307 0.5843908629441624 0.6007692307692307
0 0.6211928934010152 0.5523076923076923 0.6503807106598984 0.5523076923076923 0.6503807106598984 0.6007692307692307 0.6211928934010152 0.6007692307692307
2 0.6598984771573604 0.5523076923076923 0.6890862944162436 0.5523076923076923 0.6890862944162436 0.6 0.6598984771573604 0.6
5 0.6960659898477157 0.5523076923076923 0.7252538071065989 0.5523076923076923 0.7252538071065989 0.6 0.6960659898477157 0.6
