32 0.25 0.3423076923076923 0.27918781725888325 0.3423076923076923 0.27918781725888325 0.39076923076923076 0.25 0.39076923076923076
28 0.28616751269035534 0.3423076923076923 0.30774111675126903 0.3423076923076923 0.30774111675126903 0.39076923076923076 0.28616751269035534 0.39076923076923076
26 0.31408629441624364 0.3423076923076923 0.3356598984771573 0.3423076923076923 0.3356598984771573 0.39153846153846156 0.31408629441624364 0.39153846153846156
36 0.34390862944162437 0.3423076923076923 0.3565989847715736 0.3423076923076923 0.3565989847715736 0.37846153846153846 0.34390862944162437 0.37846153846153846
1 0.36548223350253806 0.3423076923076923 0.38451776649746194 0.3423076923076923 0.38451776649746194 0.39 0.36548223350253806 0.39
0 0.3934010152284264 0.3423076923076923 0.42258883248730966 0.3423076923076923 0.42258883248730966 0.39 0.3934010152284264 0.39
37 0.4302030456852792 0.3423076923076923 0.4593908629441624 0.3423076923076923 0.4593908629441624 0.3769230769230769 0.4302030456852792 0.3769230769230769
0 0.46573604060913704 0.3423076923076923 0.4873096446700507 0.3423076923076923 0.4873096446700507 0.39076923076923076 0.46573604060913704 0.39076923076923076
5 0.4949238578680203 0.3423076923076923 0.516497461928934 0.3423076923076923 0.516497461928934 0.39076923076923076 0.4949238578680203 0.39076923076923076
37 0.5253807106598984 0.3423076923076923 0.5545685279187816 0.3423076923076923 0.5545685279187816 0.3776923076923077 0.5253807106598984 0.3776923076923077
2 0.5634517766497462 0.3423076923076923 0.5926395939086294 0.3423076923076923 0.5926395939086294 0.39076923076923076 0.5634517766497462 0.39076923076923076
0 0.6008883248730964 0.3423076923076923 0.6300761421319796 0.3423076923076923 0.6300761421319796 0.39 0.6008883248730964 0.39
2 0.6364213197969543 0.3423076923076923 0.6656091370558375 0.3423076923076923 0.6656091370558375 0.39 0.6364213197969543 0.39
5 0.674492385786802 0.3423076923076923 0.6960659898477157 0.3423076923076923 0.6960659898477157 0.39076923076923076 0.674492385786802 0.39076923076923076
21 0.25 0.4015384615384615 0.27918781725888325 0.4015384615384615 0.27918781725888325 0.4492307692307692 0.25 0.4492307692307692
18 0.28553299492385786 0.4015384615384615 0.30456852791878175 0.4015384615384615 0.30456852791878175 0.4492307692307692 0.28553299492385786 0.4492307692307692
19 0.31281725888324874 0.4015384615384615 0.342005076142132 0.4015384615384615 0.342005076142132 0.4492307692307692 0.31281725888324874 0.4492307692307692
36 0.3483502538071066 0.4015384615384615 0.35596446700507617 0.4015384615384615 0.35596446700507617 0.4323076923076923 0.3483502538071066 0.4323076923076923
0 0.36548223350253806 0.4015384615384615 0.3946700507614213 0.4015384615384615 0.3946700507614213 0.4492307692307692 0.36548223350253806 0.4492307692307692
6 0.4016497461928934 0.4015384615384615 0.43083756345177665 0.4015384615384615 0.43083756345177665 0.4492307692307692 0.4016497461928934 0.4492307692307692
37 0.4403553299492386 0.4015384615384615 0.46954314720812185 0.4015384615384615 0.46954314720812185 0.4361538461538461 0.4403553299492386 0.4361538461538461
0 0.47906091370558374 0.4015384615384615 0.5006345177664975 0.4015384615384615 0.5006345177664975 0.44999999999999996 0.47906091370558374 0.44999999999999996
1 0.5101522842639594 0.4015384615384615 0.5291878172588833 0.4015384615384615 0.5291878172588833 0.4492307692307692 0.5101522842639594 0.4492307692307692
37 0.5355329949238579 0.4015384615384615 0.5647208121827411 0.4015384615384615 0.5647208121827411 0.4361538461538461 0.5355329949238579 0.4361538461538461
2 0.5736040609137056 0.4015384615384615 0.5951776649746193 0.4015384615384615 0.5951776649746193 0.44999999999999996 0.5736040609137056 0.44999999999999996
0 0.6015228426395939 0.4015384615384615 0.6307106598984771 0.4015384615384615 0.6307106598984771 0.44999999999999996 0.6015228426395939 0.44999999999999996
2 0.6395939086294417 0.4015384615384615 0.6611675126903553 0.4015384615384615 0.6611675126903553 0.45076923076923076 0.6395939086294417 0.45076923076923076
5 0.6675126903553299 0.4015384615384615 0.6967005076142131 0.4015384615384615 0.6967005076142131 0.44999999999999996 0.6675126903553299 0.44999999999999996
