24 0.25 0.44153846153846155 0.2715736040609137 0.44153846153846155 0.2715736040609137 0.49 0.25 0.49
14 0.28109137055837563 0.44153846153846155 0.3102791878172589 0.44153846153846155 0.3102791878172589 0.49 0.28109137055837563 0.49
35 0.31789340101522845 0.44153846153846155 0.3470812182741117 0.44153846153846155 0.3470812182741117 0.48923076923076925 0.31789340101522845 0.48923076923076925
36 0.35596446700507617 0.44153846153846155 0.36992385786802034 0.44153846153846155 0.36992385786802034 0.47692307692307695 0.35596446700507617 0.47692307692307695
0 0.37944162436548223 0.44153846153846155 0.4086294416243655 0.44153846153846155 0.4086294416243655 0.49 0.37944162436548223 0.49
9 0.41624365482233505 0.44153846153846155 0.4454314720812183 0.44153846153846155 0.4454314720812183 0.48923076923076925 0.41624365482233505 0.48923076923076925
37 0.45241116751269034 0.44153846153846155 0.4815989847715736 0.44153846153846155 0.4815989847715736 0.47615384615384615 0.45241116751269034 0.47615384615384615
2 0.48984771573604063 0.44153846153846155 0.5190355329949239 0.44153846153846155 0.5190355329949239 0.48923076923076925 0.48984771573604063 0.48923076923076925
7 0.5266497461928934 0.44153846153846155 0.5558375634517766 0.44153846153846155 0.5558375634517766 0.48923076923076925 0.5266497461928934 0.48923076923076925
37 0.5647208121827412 0.44153846153846155 0.5939086294416244 0.44153846153846155 0.5939086294416244 0.4776923076923077 0.5647208121827412 0.4776923076923077
2 0.6008883248730964 0.44153846153846155 0.6300761421319796 0.44153846153846155 0.6300761421319796 0.48923076923076925 0.6008883248730964 0.48923076923076925
0 0.6383248730964467 0.44153846153846155 0.6675126903553299 0.44153846153846155 0.6675126903553299 0.49 0.6383248730964467 0.49
2 0.6738578680203046 0.44153846153846155 0.7030456852791878 0.44153846153846155 0.7030456852791878 0.48923076923076925 0.6738578680203046 0.48923076923076925
5 0.7112944162436549 0.44153846153846155 0.7404822335025381 0.44153846153846155 0.7404822335025381 0.48923076923076925 0.7112944162436549 0.48923076923076925
17 0.25 0.5007692307692307 0.27918781725888325 0.5007692307692307 0.27918781725888325 0.5484615384615384 0.25 0.5484615384615384
12 0.2868020304568528 0.5007692307692307 0.3083756345177665 0.5007692307692307 0.3083756345177665 0.5492307692307692 0.2868020304568528 0.5492307692307692
13 0.3147208121827411 0.5007692307692307 0.3362944162436548 0.5007692307692307 0.3362944162436548 0.5492307692307692 0.3147208121827411 0.5492307692307692
36 0.34517766497461927 0.5007692307692307 0.3578680203045685 0.5007692307692307 0.3578680203045685 0.5361538461538461 0.34517766497461927 0.5361538461538461
1 0.36484771573604063 0.5007692307692307 0.3788071065989848 0.5007692307692307 0.3788071065989848 0.5492307692307692 0.36484771573604063 0.5492307692307692
2 0.38515228426395937 0.5007692307692307 0.4143401015228426 0.5007692307692307 0.4143401015228426 0.5492307692307692 0.38515228426395937 0.5492307692307692
37 0.42385786802030456 0.5007692307692307 0.4530456852791878 0.5007692307692307 0.4530456852791878 0.5361538461538461 0.42385786802030456 0.5361538461538461
0 0.4600253807106599 0.5007692307692307 0.48921319796954316 0.5007692307692307 0.48921319796954316 0.5484615384615384 0.4600253807106599 0.5484615384615384
2 0.4987309644670051 0.5007692307692307 0.5279187817258884 0.5007692307692307 0.5279187817258884 0.5484615384615384 0.4987309644670051 0.5484615384615384
37 0.5342639593908629 0.5007692307692307 0.5634517766497461 0.5007692307692307 0.5634517766497461 0.5361538461538461 0.5342639593908629 0.5361538461538461
2 0.5704314720812182 0.5007692307692307 0.5920050761421319 0.5007692307692307 0.5920050761421319 0.5499999999999999 0.5704314720812182 0.5499999999999999
0 0.6015228426395939 0.5007692307692307 0.6307106598984771 0.5007692307692307 0.6307106598984771 0.5492307692307692 0.6015228426395939 0.5492307692307692
2 0.6402284263959391 0.5007692307692307 0.6694162436548223 0.5007692307692307 0.6694162436548223 0.5484615384615384 0.6402284263959391 0.5484615384615384
4 0.675761421319797 0.5007692307692307 0.6973350253807107 0.5007692307692307 0.6973350253807107 0.5492307692307692 0.675761421319797 0.5492307692307692
