14 0.25 0.42538461538461536 0.27918781725888325 0.42538461538461536 0.27918781725888325 0.47307692307692306 0.25 0.47307692307692306
32 0.28743654822335024 0.42538461538461536 0.30901015228426393 0.42538461538461536 0.30901015228426393 0.4738461538461538 0.28743654822335024 0.4738461538461538
33 0.31789340101522845 0.42538461538461536 0.33946700507614214 0.42538461538461536 0.33946700507614214 0.4738461538461538 0.31789340101522845 0.4738461538461538
36 0.3470812182741117 0.42538461538461536 0.3597715736040609 0.42538461538461536 0.3597715736040609 0.46076923076923076 0.3470812182741117 0.46076923076923076
0 0.366751269035533 0.42538461538461536 0.39593908629441626 0.42538461538461536 0.39593908629441626 0.47307692307692306 0.366751269035533 0.47307692307692306
7 0.4022842639593909 0.42538461538461536 0.43147208121827413 0.42538461538461536 0.43147208121827413 0.47307692307692306 0.4022842639593909 0.47307692307692306
37 0.43781725888324874 0.42538461538461536 0.467005076142132 0.42538461538461536 0.467005076142132 0.4615384615384615 0.43781725888324874 0.4615384615384615
0 0.4746192893401015 0.42538461538461536 0.5038071065989848 0.42538461538461536 0.5038071065989848 0.47307692307692306 0.4746192893401015 0.47307692307692306
9 0.5126903553299492 0.42538461538461536 0.5342639593908629 0.42538461538461536 0.5342639593908629 0.4738461538461538 0.5126903553299492 0.4738461538461538
37 0.5425126903553299 0.42538461538461536 0.5717005076142131 0.42538461538461536 0.5717005076142131 0.46076923076923076 0.5425126903553299 0.46076923076923076
2 0.5805837563451777 0.42538461538461536 0.6021573604060914 0.42538461538461536 0.6021573604060914 0.4746153846153846 0.5805837563451777 0.4746153846153846
0 0.6091370558375635 0.42538461538461536 0.6307106598984772 0.42538461538461536 0.6307106598984772 0.4738461538461538 0.6091370558375635 0.4738461538461538
2 0.6370558375634517 0.42538461538461536 0.6662436548223349 0.42538461538461536 0.6662436548223349 0.4738461538461538 0.6370558375634517 0.4738461538461538
5 0.675761421319797 0.42538461538461536 0.6973350253807107 0.42538461538461536 0.6973350253807107 0.4746153846153846 0.675761421319797 0.4746153846153846
29 0.25 0.4846153846153846 0.2715736040609137 0.4846153846153846 0.2715736040609137 0.5323076923076923 0.25 0.5323076923076923
12 0.2785532994923858 0.4846153846153846 0.30012690355329946 0.4846153846153846 0.30012690355329946 0.5330769230769231 0.2785532994923858 0.5330769230769231
28 0.30774111675126903 0.4846153846153846 0.3293147208121827 0.4846153846153846 0.3293147208121827 0.5330769230769231 0.30774111675126903 0.5330769230769231
36 0.33756345177664976 0.4846153846153846 0.350253807106599 0.4846153846153846 0.350253807106599 0.52 0.33756345177664976 0.52
0 0.35913705583756345 0.4846153846153846 0.38071065989847713 0.4846153846153846 0.38071065989847713 0.5330769230769231 0.35913705583756345 0.5330769230769231
9 0.3895939086294416 0.4846153846153846 0.41878172588832485 0.4846153846153846 0.41878172588832485 0.5323076923076923 0.3895939086294416 0.5323076923076923
37 0.4270304568527919 0.4846153846153846 0.45621827411167515 0.4846153846153846 0.45621827411167515 0.52 0.4270304568527919 0.52
0 0.46446700507614214 0.4846153846153846 0.4936548223350254 0.4846153846153846 0.4936548223350254 0.5323076923076923 0.46446700507614214 0.5323076923076923
9 0.5031725888324873 0.4846153846153846 0.524746192893401 0.4846153846153846 0.524746192893401 0.5330769230769231 0.5031725888324873 0.5330769230769231
37 0.5323604060913706 0.4846153846153846 0.5615482233502538 0.4846153846153846 0.5615482233502538 0.52 0.5323604060913706 0.52
2 0.5685279187817259 0.4846153846153846 0.5977157360406091 0.4846153846153846 0.5977157360406091 0.5323076923076923 0.5685279187817259 0.5323076923076923
0 0.6053299492385786 0.4846153846153846 0.6345177664974618 0.4846153846153846 0.6345177664974618 0.5323076923076923 0.6053299492385786 0.5323076923076923
2 0.6440355329949239 0.4846153846153846 0.6732233502538071 0.4846153846153846 0.6732233502538071 0.5323076923076923 0.6440355329949239 0.5323076923076923
5 0.6821065989847716 0.4846153846153846 0.7036802030456852 0.4846153846153846 0.7036802030456852 0.5330769230769231 0.6821065989847716 0.5330769230769231
