19 0.25 0.63 0.27918781725888325 0.63 0.27918781725888325 0.6776923076923077 0.25 0.6776923076923077
13 0.28553299492385786 0.63 0.3147208121827411 0.63 0.3147208121827411 0.6776923076923077 0.28553299492385786 0.6776923076923077
12 0.3217005076142132 0.63 0.3432741116751269 0.63 0.3432741116751269 0.6784615384615384 0.3217005076142132 0.6784615384615384
36 0.350253807106599 0.63 0.3629441624365482 0.63 0.3629441624365482 0.6653846153846154 0.350253807106599 0.6653846153846154
0 0.37119289340101524 0.63 0.4003807106598985 0.63 0.4003807106598985 0.6776923076923077 0.37119289340101524 0.6776923076923077
6 0.4067258883248731 0.63 0.4282994923857868 0.63 0.4282994923857868 0.6792307692307692 0.4067258883248731 0.6792307692307692
37 0.43781725888324874 0.63 0.467005076142132 0.63 0.467005076142132 0.6646153846153846 0.43781725888324874 0.6646153846153846
1 0.47652284263959394 0.63 0.4904822335025381 0.63 0.4904822335025381 0.6784615384615384 0.47652284263959394 0.6784615384615384
9 0.4987309644670051 0.63 0.5279187817258884 0.63 0.5279187817258884 0.6776923076923077 0.4987309644670051 0.6776923076923077
37 0.5355329949238579 0.63 0.5647208121827411 0.63 0.5647208121827411 0.6653846153846154 0.5355329949238579 0.6653846153846154
2 0.574238578680203 0.63 0.6034263959390862 0.63 0.6034263959390862 0.6776923076923077 0.574238578680203 0.6776923076923077
0 0.6116751269035533 0.63 0.6408629441624365 0.63 0.6408629441624365 0.6776923076923077 0.6116751269035533 0.6776923076923077
2 0.6491116751269036 0.63 0.6782994923857868 0.63 0.6782994923857868 0.6776923076923077 0.6491116751269036 0.6776923076923077
5 0.6846446700507615 0.63 0.7138324873096447 0.63 0.7138324873096447 0.6776923076923077 0.6846446700507615 0.6776923076923077
20 0.25 0.6892307692307692 0.27918781725888325 0.6892307692307692 0.27918781725888325 0.7369230769230769 0.25 0.7369230769230769
29 0.28553299492385786 0.6892307692307692 0.3147208121827411 0.6892307692307692 0.3147208121827411 0.7369230769230769 0.28553299492385786 0.7369230769230769
21 0.3217005076142132 0.6892307692307692 0.35088832487309646 0.6892307692307692 0.35088832487309646 0.7369230769230769 0.3217005076142132 0.7369230769230769
36 0.35850253807106597 0.6892307692307692 0.3711928934010152 0.6892307692307692 0.3711928934010152 0.7246153846153846 0.35850253807106597 0.7246153846153846
0 0.37880710659898476 0.6892307692307692 0.40038071065989844 0.6892307692307692 0.40038071065989844 0.7376923076923076 0.37880710659898476 0.7376923076923076
1 0.40926395939086296 0.6892307692307692 0.4282994923857868 0.6892307692307692 0.4282994923857868 0.7369230769230769 0.40926395939086296 0.7369230769230769
37 0.43781725888324874 0.6892307692307692 0.467005076142132 0.6892307692307692 0.467005076142132 0.7246153846153846 0.43781725888324874 0.7246153846153846
0 0.47652284263959394 0.6892307692307692 0.5057106598984772 0.6892307692307692 0.5057106598984772 0.7369230769230769 0.47652284263959394 0.7369230769230769
6 0.5133248730964467 0.6892307692307692 0.5348984771573604 0.6892307692307692 0.5348984771573604 0.7376923076923076 0.5133248730964467 0.7376923076923076
37 0.5437817258883249 0.6892307692307692 0.572969543147208 0.6892307692307692 0.572969543147208 0.7246153846153846 0.5437817258883249 0.7246153846153846
2 0.5793147208121827 0.6892307692307692 0.6085025380710659 0.6892307692307692 0.6085025380710659 0.7369230769230769 0.5793147208121827 0.7369230769230769
0 0.616751269035533 0.6892307692307692 0.6459390862944162 0.6892307692307692 0.6459390862944162 0.7369230769230769 0.616751269035533 0.7369230769230769
2 0.6548223350253807 0.6892307692307692 0.6763959390862944 0.6892307692307692 0.6763959390862944 0.7376923076923076 0.6548223350253807 0.7376923076923076
5 0.682741116751269 0.6892307692307692 0.7119289340101522 0.6892307692307692 0.7119289340101522 0.7369230769230769 0.682741116751269 0.7369230769230769
