19 0.25 0.4220055710306407 0.2695852534562212 0.4220055710306407 0.2695852534562212 0.46657381615598886 0.25 0.46657381615598886
10 0.2782258064516129 0.4220055710306407 0.30472350230414746 0.4220055710306407 0.30472350230414746 0.46518105849582175 0.2782258064516129 0.46518105849582175
13 0.31048387096774194 0.4220055710306407 0.3369815668202765 0.4220055710306407 0.3369815668202765 0.46518105849582175 0.31048387096774194 0.46518105849582175
36 0.3450460829493088 0.4220055710306407 0.3565668202764977 0.4220055710306407 0.3565668202764977 0.4540389972144847 0.3450460829493088 0.4540389972144847
0 0.3652073732718894 0.4220055710306407 0.3847926267281106 0.4220055710306407 0.3847926267281106 0.4658774373259053 0.3652073732718894 0.4658774373259053
9 0.39285714285714285 0.4220055710306407 0.41244239631336405 0.4220055710306407 0.41244239631336405 0.4658774373259053 0.39285714285714285 0.4658774373259053
37 0.4210829493087558 0.4220055710306407 0.44758064516129037 0.4220055710306407 0.44758064516129037 0.45473537604456826 0.4210829493087558 0.45473537604456826
1 0.4533410138248848 0.4220055710306407 0.4660138248847926 0.4220055710306407 0.4660138248847926 0.4658774373259053 0.4533410138248848 0.4658774373259053
8 0.4735023041474654 0.4220055710306407 0.4930875576036866 0.4220055710306407 0.4930875576036866 0.4658774373259053 0.4735023041474654 0.4658774373259053
37 0.5 0.4220055710306407 0.5264976958525346 0.4220055710306407 0.5264976958525346 0.4540389972144847 0.5 0.4540389972144847
2 0.5328341013824884 0.4220055710306407 0.559331797235023 0.4220055710306407 0.559331797235023 0.46518105849582175 0.5328341013824884 0.46518105849582175
0 0.5668202764976958 0.4220055710306407 0.5933179723502304 0.4220055710306407 0.5933179723502304 0.46518105849582175 0.5668202764976958 0.46518105849582175
2 0.6019585253456221 0.4220055710306407 0.6284562211981567 0.4220055710306407 0.6284562211981567 0.46518105849582175 0.6019585253456221 0.46518105849582175
5 0.636520737327189 0.4220055710306407 0.6561059907834101 0.4220055710306407 0.6561059907834101 0.4658774373259053 0.636520737327189 0.4658774373259053
35 0.25 0.4756267409470752 0.2695852534562212 0.4756267409470752 0.2695852534562212 0.5194986072423398 0.25 0.5194986072423398
25 0.2759216589861751 0.4756267409470752 0.2955069124423963 0.4756267409470752 0.2955069124423963 0.5194986072423398 0.2759216589861751 0.5194986072423398
18 0.3024193548387097 0.4756267409470752 0.315668202764977 0.4756267409470752 0.315668202764977 0.5194986072423398 0.3024193548387097 0.5194986072423398
36 0.32430875576036866 0.4756267409470752 0.33122119815668205 0.4756267409470752 0.33122119815668205 0.5027855153203342 0.32430875576036866 0.5027855153203342
0 0.33986175115207373 0.4756267409470752 0.35944700460829493 0.4756267409470752 0.35944700460829493 0.5194986072423398 0.33986175115207373 0.5194986072423398
6 0.3675115207373272 0.4756267409470752 0.3870967741935484 0.4756267409470752 0.3870967741935484 0.5194986072423398 0.3675115207373272 0.5194986072423398
37 0.3945852534562212 0.4756267409470752 0.4210829493087558 0.4756267409470752 0.4210829493087558 0.5069637883008357 0.3945852534562212 0.5069637883008357
2 0.42684331797235026 0.4756267409470752 0.45334101382488484 0.4756267409470752 0.45334101382488484 0.5188022284122562 0.42684331797235026 0.5188022284122562
4 0.4619815668202765 0.4756267409470752 0.4884792626728111 0.4756267409470752 0.4884792626728111 0.5188022284122562 0.4619815668202765 0.5188022284122562
37 0.4965437788018433 0.4756267409470752 0.5230414746543779 0.4756267409470752 0.5230414746543779 0.5076601671309192 0.4965437788018433 0.5076601671309192
2 0.5305299539170507 0.4756267409470752 0.5570276497695853 0.4756267409470752 0.5570276497695853 0.5188022284122562 0.5305299539170507 0.5188022284122562
0 0.5633640552995391 0.4756267409470752 0.5898617511520737 0.4756267409470752 0.5898617511520737 0.5188022284122562 0.5633640552995391 0.5188022284122562
2 0.597926267281106 0.4756267409470752 0.6244239631336406 0.4756267409470752 0.6244239631336406 0.5188022284122562 0.597926267281106 0.5188022284122562
5 0.6319124423963134 0.4756267409470752 0.658410138248848 0.4756267409470752 0.658410138248848 0.5188022284122562 0.6319124423963134 0.5188022284122562
