34 0.25 0.37186629526462395 0.2764976958525346 0.37186629526462395 0.2764976958525346 0.415041782729805 0.25 0.415041782729805
20 0.2828341013824885 0.37186629526462395 0.3024193548387097 0.37186629526462395 0.3024193548387097 0.4157381615598886 0.2828341013824885 0.4157381615598886
14 0.30817972350230416 0.37186629526462395 0.33467741935483875 0.37186629526462395 0.33467741935483875 0.415041782729805 0.30817972350230416 0.415041782729805
36 0.3433179723502304 0.37186629526462395 0.35599078341013823 0.37186629526462395 0.35599078341013823 0.403899721448468 0.3433179723502304 0.403899721448468
0 0.36463133640552997 0.37186629526462395 0.38421658986175117 0.37186629526462395 0.38421658986175117 0.4157381615598886 0.36463133640552997 0.4157381615598886
4 0.3911290322580645 0.37186629526462395 0.4176267281105991 0.37186629526462395 0.4176267281105991 0.415041782729805 0.3911290322580645 0.415041782729805
37 0.42626728110599077 0.37186629526462395 0.45276497695852536 0.37186629526462395 0.45276497695852536 0.403899721448468 0.42626728110599077 0.403899721448468
2 0.4608294930875576 0.37186629526462395 0.4873271889400922 0.37186629526462395 0.4873271889400922 0.415041782729805 0.4608294930875576 0.415041782729805
4 0.4942396313364055 0.37186629526462395 0.5138248847926268 0.37186629526462395 0.5138248847926268 0.4157381615598886 0.4942396313364055 0.4157381615598886
37 0.5195852534562212 0.37186629526462395 0.5414746543778802 0.37186629526462395 0.5414746543778802 0.3983286908077994 0.5195852534562212 0.3983286908077994
2 0.5483870967741935 0.37186629526462395 0.5748847926267281 0.37186629526462395 0.5748847926267281 0.415041782729805 0.5483870967741935 0.415041782729805
0 0.5806451612903226 0.37186629526462395 0.6071428571428572 0.37186629526462395 0.6071428571428572 0.415041782729805 0.5806451612903226 0.415041782729805
2 0.6146313364055299 0.37186629526462395 0.6411290322580645 0.37186629526462395 0.6411290322580645 0.415041782729805 0.6146313364055299 0.415041782729805
5 0.6486175115207373 0.37186629526462395 0.6682027649769585 0.37186629526462395 0.6682027649769585 0.4157381615598886 0.6486175115207373 0.4157381615598886
17 0.25 0.4254874651810585 0.2764976958525346 0.4254874651810585 0.2764976958525346 0.4686629526462396 0.25 0.4686629526462396
25 0.2834101382488479 0.4254874651810585 0.3099078341013825 0.4254874651810585 0.3099078341013825 0.4686629526462396 0.2834101382488479 0.4686629526462396
27 0.315668202764977 0.4254874651810585 0.34216589861751157 0.4254874651810585 0.34216589861751157 0.46935933147632314 0.315668202764977 0.46935933147632314
36 0.34965437788018433 0.4254874651810585 0.3623271889400922 0.4254874651810585 0.3623271889400922 0.45752089136490254 0.34965437788018433 0.45752089136490254
0 0.3686635944700461 0.4254874651810585 0.3951612903225807 0.4254874651810585 0.3951612903225807 0.4686629526462396 0.3686635944700461 0.4686629526462396
2 0.4032258064516129 0.4254874651810585 0.42972350230414746 0.4254874651810585 0.42972350230414746 0.4686629526462396 0.4032258064516129 0.4686629526462396
37 0.43548387096774194 0.4254874651810585 0.4619815668202765 0.4254874651810585 0.4619815668202765 0.4582172701949861 0.43548387096774194 0.4582172701949861
2 0.46889400921658986 0.4254874651810585 0.49539170506912444 0.4254874651810585 0.49539170506912444 0.4686629526462396 0.46889400921658986 0.4686629526462396
7 0.5011520737327189 0.4254874651810585 0.5276497695852534 0.4254874651810585 0.5276497695852534 0.46935933147632314 0.5011520737327189 0.46935933147632314
37 0.5345622119815668 0.4254874651810585 0.5610599078341014 0.4254874651810585 0.5610599078341014 0.45752089136490254 0.5345622119815668 0.45752089136490254
2 0.5673963133640553 0.4254874651810585 0.5869815668202765 0.4254874651810585 0.5869815668202765 0.46935933147632314 0.5673963133640553 0.46935933147632314
0 0.5938940092165899 0.4254874651810585 0.6203917050691244 0.4254874651810585 0.6203917050691244 0.4686629526462396 0.5938940092165899 0.4686629526462396
2 0.6290322580645161 0.4254874651810585 0.6555299539170507 0.4254874651810585 0.6555299539170507 0.4686629526462396 0.6290322580645161 0.4686629526462396
5 0.6630184331797235 0.4254874651810585 0.6895161290322581 0.4254874651810585 0.6895161290322581 0.4686629526462396 0.6630184331797235 0.4686629526462396
