30 0.25 0.38997214484679665 0.2764976958525346 0.38997214484679665 0.2764976958525346 0.4331476323119777 0.25 0.4331476323119777
24 0.28225806451612906 0.38997214484679665 0.30184331797235026 0.38997214484679665 0.30184331797235026 0.43454038997214484 0.28225806451612906 0.43454038997214484
21 0.30817972350230416 0.38997214484679665 0.32776497695852536 0.38997214484679665 0.32776497695852536 0.4338440111420613 0.30817972350230416 0.4338440111420613
36 0.3346774193548387 0.38997214484679665 0.34619815668202764 0.38997214484679665 0.34619815668202764 0.42270194986072424 0.3346774193548387 0.42270194986072424
0 0.35368663594470046 0.38997214484679665 0.37327188940092165 0.38997214484679665 0.37327188940092165 0.4338440111420613 0.35368663594470046 0.4338440111420613
9 0.3790322580645161 0.38997214484679665 0.3986175115207373 0.38997214484679665 0.3986175115207373 0.43454038997214484 0.3790322580645161 0.43454038997214484
37 0.4055299539170507 0.38997214484679665 0.4320276497695853 0.38997214484679665 0.4320276497695853 0.4220055710306407 0.4055299539170507 0.4220055710306407
2 0.440668202764977 0.38997214484679665 0.4602534562211982 0.38997214484679665 0.4602534562211982 0.4338440111420613 0.440668202764977 0.4338440111420613
3 0.4683179723502304 0.38997214484679665 0.4879032258064516 0.38997214484679665 0.4879032258064516 0.4338440111420613 0.4683179723502304 0.4338440111420613
37 0.49481566820276496 0.38997214484679665 0.5213133640552995 0.38997214484679665 0.5213133640552995 0.42270194986072424 0.49481566820276496 0.42270194986072424
2 0.5299539170506913 0.38997214484679665 0.5495391705069125 0.38997214484679665 0.5495391705069125 0.4338440111420613 0.5299539170506913 0.4338440111420613
0 0.5552995391705069 0.38997214484679665 0.5817972350230415 0.38997214484679665 0.5817972350230415 0.4331476323119777 0.5552995391705069 0.4331476323119777
2 0.5875576036866359 0.38997214484679665 0.6140552995391705 0.38997214484679665 0.6140552995391705 0.4338440111420613 0.5875576036866359 0.4338440111420613
5 0.6226958525345622 0.38997214484679665 0.6422811059907834 0.38997214484679665 0.6422811059907834 0.4338440111420613 0.6226958525345622 0.4338440111420613
31 0.25 0.4435933147632312 0.2764976958525346 0.4435933147632312 0.2764976958525346 0.4867688022284123 0.25 0.4867688022284123
31 0.28456221198156684 0.4435933147632312 0.3110599078341014 0.4435933147632312 0.3110599078341014 0.4867688022284123 0.28456221198156684 0.4867688022284123
24 0.3185483870967742 0.4435933147632312 0.3450460829493088 0.4435933147632312 0.3450460829493088 0.4867688022284123 0.3185483870967742 0.4867688022284123
36 0.3519585253456221 0.4435933147632312 0.3646313364055299 0.4435933147632312 0.3646313364055299 0.47562674094707524 0.3519585253456221 0.47562674094707524
0 0.3726958525345622 0.4435933147632312 0.3991935483870968 0.4435933147632312 0.3991935483870968 0.4867688022284123 0.3726958525345622 0.4867688022284123
7 0.40725806451612906 0.4435933147632312 0.42684331797235026 0.4435933147632312 0.42684331797235026 0.48746518105849584 0.40725806451612906 0.48746518105849584
37 0.4326036866359447 0.4435933147632312 0.45910138248847926 0.4435933147632312 0.45910138248847926 0.47562674094707524 0.4326036866359447 0.47562674094707524
0 0.4665898617511521 0.4435933147632312 0.49308755760368667 0.4435933147632312 0.49308755760368667 0.48746518105849584 0.4665898617511521 0.48746518105849584
1 0.4988479262672811 0.4435933147632312 0.511520737327189 0.4435933147632312 0.511520737327189 0.48746518105849584 0.4988479262672811 0.48746518105849584
37 0.5178571428571429 0.4435933147632312 0.5443548387096775 0.4435933147632312 0.5443548387096775 0.47562674094707524 0.5178571428571429 0.47562674094707524
2 0.5501152073732719 0.4435933147632312 0.5766129032258065 0.4435933147632312 0.5766129032258065 0.4867688022284123 0.5501152073732719 0.4867688022284123
0 0.5829493087557603 0.4435933147632312 0.6025345622119815 0.4435933147632312 0.6025345622119815 0.4881615598885794 0.5829493087557603 0.4881615598885794
2 0.6088709677419355 0.4435933147632312 0.6284562211981567 0.4435933147632312 0.6284562211981567 0.48746518105849584 0.6088709677419355 0.48746518105849584
5 0.636520737327189 0.4435933147632312 0.6630184331797235 0.4435933147632312 0.6630184331797235 0.4867688022284123 0.636520737327189 0.4867688022284123
