32 0.25 0.6225626740947076 0.2695852534562212 0.6225626740947076 0.2695852534562212 0.6664345403899722 0.25 0.6664345403899722
27 0.2759216589861751 0.6225626740947076 0.3024193548387097 0.6225626740947076 0.3024193548387097 0.6657381615598886 0.2759216589861751 0.6657381615598886
11 0.3099078341013825 0.6225626740947076 0.3364055299539171 0.6225626740947076 0.3364055299539171 0.6657381615598886 0.3099078341013825 0.6657381615598886
36 0.3433179723502304 0.6225626740947076 0.35599078341013823 0.6225626740947076 0.35599078341013823 0.6552924791086351 0.3433179723502304 0.6552924791086351
0 0.36347926267281105 0.6225626740947076 0.38997695852534564 0.6225626740947076 0.38997695852534564 0.6664345403899722 0.36347926267281105 0.6664345403899722
4 0.396889400921659 0.6225626740947076 0.41647465437788017 0.6225626740947076 0.41647465437788017 0.6664345403899722 0.396889400921659 0.6664345403899722
37 0.4245391705069124 0.6225626740947076 0.451036866359447 0.6225626740947076 0.451036866359447 0.6545961002785515 0.4245391705069124 0.6545961002785515
2 0.45910138248847926 0.6225626740947076 0.48559907834101385 0.6225626740947076 0.48559907834101385 0.6657381615598886 0.45910138248847926 0.6657381615598886
6 0.4942396313364055 0.6225626740947076 0.5207373271889401 0.6225626740947076 0.5207373271889401 0.6657381615598886 0.4942396313364055 0.6657381615598886
37 0.5276497695852534 0.6225626740947076 0.554147465437788 0.6225626740947076 0.554147465437788 0.653899721448468 0.5276497695852534 0.653899721448468
2 0.5622119815668203 0.6225626740947076 0.5887096774193549 0.6225626740947076 0.5887096774193549 0.6657381615598886 0.5622119815668203 0.6657381615598886
0 0.5956221198156681 0.6225626740947076 0.6221198156682027 0.6225626740947076 0.6221198156682027 0.6657381615598886 0.5956221198156681 0.6657381615598886
2 0.6296082949308756 0.6225626740947076 0.6561059907834101 0.6225626740947076 0.6561059907834101 0.6657381615598886 0.6296082949308756 0.6657381615598886
5 0.6624423963133641 0.6225626740947076 0.6889400921658987 0.6225626740947076 0.6889400921658987 0.6657381615598886 0.6624423963133641 0.6657381615598886
21 0.25 0.6761838440111421 0.2695852534562212 0.6761838440111421 0.2695852534562212 0.7200557103064067 0.25 0.7200557103064067
34 0.2782258064516129 0.6761838440111421 0.2978110599078341 0.6761838440111421 0.2978110599078341 0.7200557103064067 0.2782258064516129 0.7200557103064067
14 0.30357142857142855 0.6761838440111421 0.33006912442396313 0.6761838440111421 0.33006912442396313 0.7193593314763231 0.30357142857142855 0.7193593314763231
36 0.3381336405529954 0.6761838440111421 0.35080645161290325 0.6761838440111421 0.35080645161290325 0.708217270194986 0.3381336405529954 0.708217270194986
0 0.3588709677419355 0.6761838440111421 0.3853686635944701 0.6761838440111421 0.3853686635944701 0.7200557103064067 0.3588709677419355 0.7200557103064067
9 0.3922811059907834 0.6761838440111421 0.418778801843318 0.6761838440111421 0.418778801843318 0.7193593314763231 0.3922811059907834 0.7193593314763231
37 0.4245391705069124 0.6761838440111421 0.451036866359447 0.6761838440111421 0.451036866359447 0.708217270194986 0.4245391705069124 0.708217270194986
1 0.4567972350230415 0.6761838440111421 0.4694700460829493 0.6761838440111421 0.4694700460829493 0.7200557103064067 0.4567972350230415 0.7200557103064067
5 0.47523041474654376 0.6761838440111421 0.5017281105990783 0.6761838440111421 0.5017281105990783 0.7200557103064067 0.47523041474654376 0.7200557103064067
37 0.5097926267281107 0.6761838440111421 0.5362903225806452 0.6761838440111421 0.5362903225806452 0.708217270194986 0.5097926267281107 0.708217270194986
2 0.5443548387096774 0.6761838440111421 0.570852534562212 0.6761838440111421 0.570852534562212 0.7193593314763231 0.5443548387096774 0.7193593314763231
0 0.5777649769585254 0.6761838440111421 0.5973502304147466 0.6761838440111421 0.5973502304147466 0.7207520891364902 0.5777649769585254 0.7207520891364902
2 0.6059907834101382 0.6761838440111421 0.6324884792626728 0.6761838440111421 0.6324884792626728 0.7193593314763231 0.6059907834101382 0.7193593314763231
5 0.6388248847926268 0.6761838440111421 0.6653225806451614 0.6761838440111421 0.6653225806451614 0.7193593314763231 0.6388248847926268 0.7193593314763231
