23 0.25 0.38231197771587744 0.2695852534562212 0.38231197771587744 0.2695852534562212 0.42618384401114207 0.25 0.42618384401114207
27 0.2764976958525346 0.38231197771587744 0.2960829493087558 0.38231197771587744 0.2960829493087558 0.42618384401114207 0.2764976958525346 0.42618384401114207
13 0.30472350230414746 0.38231197771587744 0.32430875576036866 0.38231197771587744 0.32430875576036866 0.42618384401114207 0.30472350230414746 0.42618384401114207
36 0.3317972350230415 0.38231197771587744 0.33870967741935487 0.38231197771587744 0.33870967741935487 0.4087743732590529 0.3317972350230415 0.4087743732590529
0 0.34735023041474655 0.38231197771587744 0.36693548387096775 0.38231197771587744 0.36693548387096775 0.42618384401114207 0.34735023041474655 0.42618384401114207
4 0.37557603686635943 0.38231197771587744 0.402073732718894 0.38231197771587744 0.402073732718894 0.4254874651810585 0.37557603686635943 0.4254874651810585
37 0.4107142857142857 0.38231197771587744 0.4372119815668203 0.38231197771587744 0.4372119815668203 0.415041782729805 0.4107142857142857 0.415041782729805
1 0.44585253456221197 0.38231197771587744 0.4631336405529954 0.38231197771587744 0.4631336405529954 0.4254874651810585 0.44585253456221197 0.4254874651810585
0 0.46889400921658986 0.38231197771587744 0.49539170506912444 0.38231197771587744 0.49539170506912444 0.4254874651810585 0.46889400921658986 0.4254874651810585
37 0.5011520737327189 0.38231197771587744 0.5276497695852534 0.38231197771587744 0.5276497695852534 0.415041782729805 0.5011520737327189 0.415041782729805
2 0.5357142857142857 0.38231197771587744 0.5622119815668203 0.38231197771587744 0.5622119815668203 0.4254874651810585 0.5357142857142857 0.4254874651810585
0 0.5691244239631337 0.38231197771587744 0.5956221198156683 0.38231197771587744 0.5956221198156683 0.4254874651810585 0.5691244239631337 0.4254874651810585
2 0.603110599078341 0.38231197771587744 0.6296082949308756 0.38231197771587744 0.6296082949308756 0.4254874651810585 0.603110599078341 0.4254874651810585
5 0.636520737327189 0.38231197771587744 0.6561059907834101 0.38231197771587744 0.6561059907834101 0.42618384401114207 0.636520737327189 0.42618384401114207
13 0.25 0.435933147632312 0.2764976958525346 0.435933147632312 0.2764976958525346 0.47980501392757663 0.25 0.47980501392757663
33 0.28225806451612906 0.435933147632312 0.30875576036866365 0.435933147632312 0.30875576036866365 0.4791086350974931 0.28225806451612906 0.4791086350974931
16 0.3162442396313364 0.435933147632312 0.342741935483871 0.435933147632312 0.342741935483871 0.47980501392757663 0.3162442396313364 0.47980501392757663
36 0.35023041474654376 0.435933147632312 0.3629032258064516 0.435933147632312 0.3629032258064516 0.46796657381615603 0.35023041474654376 0.46796657381615603
0 0.37039170506912444 0.435933147632312 0.39688940092165903 0.435933147632312 0.39688940092165903 0.4791086350974931 0.37039170506912444 0.4791086350974931
4 0.4055299539170507 0.435933147632312 0.4320276497695853 0.435933147632312 0.4320276497695853 0.4791086350974931 0.4055299539170507 0.4791086350974931
37 0.4377880184331797 0.435933147632312 0.4642857142857143 0.435933147632312 0.4642857142857143 0.46796657381615603 0.4377880184331797 0.46796657381615603
2 0.4700460829493088 0.435933147632312 0.49654377880184336 0.435933147632312 0.49654377880184336 0.4791086350974931 0.4700460829493088 0.4791086350974931
5 0.5040322580645161 0.435933147632312 0.5305299539170507 0.435933147632312 0.5305299539170507 0.4791086350974931 0.5040322580645161 0.4791086350974931
37 0.5391705069124424 0.435933147632312 0.565668202764977 0.435933147632312 0.565668202764977 0.4686629526462396 0.5391705069124424 0.4686629526462396
2 0.5737327188940092 0.435933147632312 0.5933179723502304 0.435933147632312 0.5933179723502304 0.47980501392757663 0.5737327188940092 0.47980501392757663
0 0.5996543778801844 0.435933147632312 0.626152073732719 0.435933147632312 0.626152073732719 0.4791086350974931 0.5996543778801844 0.4791086350974931
2 0.6319124423963134 0.435933147632312 0.658410138248848 0.435933147632312 0.658410138248848 0.4791086350974931 0.6319124423963134 0.4791086350974931
5 0.6658986175115207 0.435933147632312 0.6923963133640553 0.435933147632312 0.6923963133640553 0.47980501392757663 0.6658986175115207 0.47980501392757663
