21 0.25 0.5459610027855153 0.2695852534562212 0.5459610027855153 0.2695852534562212 0.5891364902506964 0.25 0.5891364902506964
25 0.2764976958525346 0.5459610027855153 0.3029953917050692 0.5459610027855153 0.3029953917050692 0.5898328690807799 0.2764976958525346 0.5898328690807799
25 0.31105990783410137 0.5459610027855153 0.33755760368663595 0.5459610027855153 0.33755760368663595 0.5891364902506964 0.31105990783410137 0.5891364902506964
36 0.3433179723502304 0.5459610027855153 0.3548387096774194 0.5459610027855153 0.3548387096774194 0.5779944289693593 0.3433179723502304 0.5779944289693593
0 0.36347926267281105 0.5459610027855153 0.38997695852534564 0.5459610027855153 0.38997695852534564 0.5891364902506964 0.36347926267281105 0.5891364902506964
6 0.39631336405529954 0.5459610027855153 0.42281105990783413 0.5459610027855153 0.42281105990783413 0.5898328690807799 0.39631336405529954 0.5898328690807799
37 0.4302995391705069 0.5459610027855153 0.4567972350230415 0.5459610027855153 0.4567972350230415 0.5786908077994428 0.4302995391705069 0.5786908077994428
0 0.4637096774193548 0.5459610027855153 0.4902073732718894 0.5459610027855153 0.4902073732718894 0.5891364902506964 0.4637096774193548 0.5891364902506964
3 0.4965437788018433 0.5459610027855153 0.5230414746543779 0.5459610027855153 0.5230414746543779 0.5891364902506964 0.4965437788018433 0.5891364902506964
37 0.5305299539170507 0.5459610027855153 0.5570276497695853 0.5459610027855153 0.5570276497695853 0.5772980501392757 0.5305299539170507 0.5772980501392757
2 0.5645161290322581 0.5459610027855153 0.5910138248847927 0.5459610027855153 0.5910138248847927 0.5898328690807799 0.5645161290322581 0.5898328690807799
0 0.5973502304147466 0.5459610027855153 0.6238479262672811 0.5459610027855153 0.6238479262672811 0.5898328690807799 0.5973502304147466 0.5898328690807799
2 0.630184331797235 0.5459610027855153 0.6497695852534562 0.5459610027855153 0.6497695852534562 0.5898328690807799 0.630184331797235 0.5898328690807799
5 0.6578341013824884 0.5459610027855153 0.684331797235023 0.5459610027855153 0.684331797235023 0.5891364902506964 0.6578341013824884 0.5891364902506964
20 0.25 0.5995821727019499 0.2764976958525346 0.5995821727019499 0.2764976958525346 0.642757660167131 0.25 0.642757660167131
34 0.28225806451612906 0.5995821727019499 0.30875576036866365 0.5995821727019499 0.30875576036866365 0.6434540389972145 0.28225806451612906 0.6434540389972145
15 0.31682027649769584 0.5995821727019499 0.3433179723502304 0.5995821727019499 0.3433179723502304 0.642757660167131 0.31682027649769584 0.642757660167131
36 0.3490783410138249 0.5995821727019499 0.36175115207373276 0.5995821727019499 0.36175115207373276 0.6316155988857939 0.3490783410138249 0.6316155988857939
0 0.36981566820276496 0.5995821727019499 0.39631336405529954 0.5995821727019499 0.39631336405529954 0.642757660167131 0.36981566820276496 0.642757660167131
3 0.402073732718894 0.5995821727019499 0.4285714285714286 0.5995821727019499 0.4285714285714286 0.642757660167131 0.402073732718894 0.642757660167131
37 0.4372119815668203 0.5995821727019499 0.46370967741935487 0.5995821727019499 0.46370967741935487 0.6323119777158774 0.4372119815668203 0.6323119777158774
1 0.4694700460829493 0.5995821727019499 0.4827188940092166 0.5995821727019499 0.4827188940092166 0.6441504178272981 0.4694700460829493 0.6441504178272981
9 0.4913594470046083 0.5995821727019499 0.5178571428571429 0.5995821727019499 0.5178571428571429 0.642757660167131 0.4913594470046083 0.642757660167131
37 0.5259216589861752 0.5995821727019499 0.5524193548387097 0.5995821727019499 0.5524193548387097 0.6316155988857939 0.5259216589861752 0.6316155988857939
2 0.5587557603686636 0.5995821727019499 0.5783410138248848 0.5995821727019499 0.5783410138248848 0.6434540389972145 0.5587557603686636 0.6434540389972145
0 0.5858294930875576 0.5995821727019499 0.6054147465437788 0.5995821727019499 0.6054147465437788 0.6434540389972145 0.5858294930875576 0.6434540389972145
2 0.6129032258064516 0.5995821727019499 0.6394009216589862 0.5995821727019499 0.6394009216589862 0.642757660167131 0.6129032258064516 0.642757660167131
5 0.6463133640552995 0.5995821727019499 0.6728110599078341 0.5995821727019499 0.6728110599078341 0.642757660167131 0.6463133640552995 0.642757660167131
