30 0.25 0.40181058495821725 0.2764976958525346 0.40181058495821725 0.2764976958525346 0.4449860724233983 0.25 0.4449860724233983
32 0.28456221198156684 0.40181058495821725 0.3110599078341014 0.40181058495821725 0.3110599078341014 0.4449860724233983 0.28456221198156684 0.4449860724233983
18 0.31682027649769584 0.40181058495821725 0.32949308755760365 0.40181058495821725 0.32949308755760365 0.4456824512534819 0.31682027649769584 0.4456824512534819
36 0.3358294930875576 0.40181058495821725 0.342741935483871 0.40181058495821725 0.342741935483871 0.4289693593314763 0.3358294930875576 0.4289693593314763
0 0.3490783410138249 0.40181058495821725 0.3755760368663595 0.40181058495821725 0.3755760368663595 0.4449860724233983 0.3490783410138249 0.4449860724233983
7 0.3836405529953917 0.40181058495821725 0.4032258064516129 0.40181058495821725 0.4032258064516129 0.4456824512534819 0.3836405529953917 0.4456824512534819
37 0.41013824884792627 0.40181058495821725 0.43663594470046085 0.40181058495821725 0.43663594470046085 0.4338440111420613 0.41013824884792627 0.4338440111420613
2 0.4447004608294931 0.40181058495821725 0.4711981566820277 0.40181058495821725 0.4711981566820277 0.4456824512534819 0.4447004608294931 0.4456824512534819
4 0.478110599078341 0.40181058495821725 0.4976958525345622 0.40181058495821725 0.4976958525345622 0.4456824512534819 0.478110599078341 0.4456824512534819
37 0.506336405529954 0.40181058495821725 0.5328341013824885 0.40181058495821725 0.5328341013824885 0.43454038997214484 0.506336405529954 0.43454038997214484
2 0.5408986175115207 0.40181058495821725 0.5673963133640553 0.40181058495821725 0.5673963133640553 0.4449860724233983 0.5408986175115207 0.4449860724233983
0 0.5754608294930875 0.40181058495821725 0.6019585253456221 0.40181058495821725 0.6019585253456221 0.4449860724233983 0.5754608294930875 0.4449860724233983
2 0.6077188940092166 0.40181058495821725 0.6273041474654378 0.40181058495821725 0.6273041474654378 0.44637883008356544 0.6077188940092166 0.44637883008356544
5 0.6347926267281107 0.40181058495821725 0.6612903225806452 0.40181058495821725 0.6612903225806452 0.4456824512534819 0.6347926267281107 0.4456824512534819
17 0.25 0.4554317548746518 0.2695852534562212 0.4554317548746518 0.2695852534562212 0.49930362116991645 0.25 0.49930362116991645
16 0.277073732718894 0.4554317548746518 0.2966589861751152 0.4554317548746518 0.2966589861751152 0.49930362116991645 0.277073732718894 0.49930362116991645
17 0.30414746543778803 0.4554317548746518 0.3306451612903226 0.4554317548746518 0.3306451612903226 0.4986072423398329 0.30414746543778803 0.4986072423398329
36 0.3381336405529954 0.4554317548746518 0.3450460829493088 0.4554317548746518 0.3450460829493088 0.48259052924791085 0.3381336405529954 0.48259052924791085
1 0.35253456221198154 0.4554317548746518 0.36981566820276496 0.4554317548746518 0.36981566820276496 0.4986072423398329 0.35253456221198154 0.4986072423398329
2 0.3761520737327189 0.4554317548746518 0.3957373271889401 0.4554317548746518 0.3957373271889401 0.49930362116991645 0.3761520737327189 0.49930362116991645
37 0.4043778801843318 0.4554317548746518 0.4308755760368664 0.4554317548746518 0.4308755760368664 0.48746518105849584 0.4043778801843318 0.48746518105849584
2 0.4377880184331797 0.4554317548746518 0.4642857142857143 0.4554317548746518 0.4642857142857143 0.49930362116991645 0.4377880184331797 0.49930362116991645
4 0.47119815668202764 0.4554317548746518 0.4976958525345622 0.4554317548746518 0.4976958525345622 0.4986072423398329 0.47119815668202764 0.4986072423398329
37 0.506336405529954 0.4554317548746518 0.5328341013824885 0.4554317548746518 0.5328341013824885 0.48746518105849584 0.506336405529954 0.48746518105849584
2 0.5414746543778802 0.4554317548746518 0.5679723502304148 0.4554317548746518 0.5679723502304148 0.4986072423398329 0.5414746543778802 0.4986072423398329
0 0.5754608294930875 0.4554317548746518 0.6019585253456221 0.4554317548746518 0.6019585253456221 0.4986072423398329 0.5754608294930875 0.4986072423398329
2 0.6082949308755761 0.4554317548746518 0.6347926267281107 0.4554317548746518 0.6347926267281107 0.49930362116991645 0.6082949308755761 0.49930362116991645
4 0.6411290322580645 0.4554317548746518 0.6676267281105991 0.4554317548746518 0.6676267281105991 0.4986072423398329 0.6411290322580645 0.4986072423398329
