34 0.25 0.612116991643454 0.2764976958525346 0.612116991643454 0.2764976958525346 0.6552924791086351 0.25 0.6552924791086351
17 0.28398617511520735 0.612116991643454 0.30357142857142855 0.612116991643454 0.30357142857142855 0.6559888579387186 0.28398617511520735 0.6559888579387186
18 0.3099078341013825 0.612116991643454 0.3271889400921659 0.612116991643454 0.3271889400921659 0.6552924791086351 0.3099078341013825 0.6552924791086351
36 0.33294930875576034 0.612116991643454 0.34562211981566815 0.612116991643454 0.34562211981566815 0.644150417827298 0.33294930875576034 0.644150417827298
0 0.35253456221198154 0.612116991643454 0.3790322580645161 0.612116991643454 0.3790322580645161 0.6552924791086351 0.35253456221198154 0.6552924791086351
5 0.3859447004608295 0.612116991643454 0.4124423963133641 0.612116991643454 0.4124423963133641 0.6552924791086351 0.3859447004608295 0.6552924791086351
37 0.4210829493087558 0.612116991643454 0.44297235023041476 0.612116991643454 0.44297235023041476 0.6385793871866295 0.4210829493087558 0.6385793871866295
0 0.4504608294930876 0.612116991643454 0.47695852534562216 0.612116991643454 0.47695852534562216 0.6552924791086351 0.4504608294930876 0.6552924791086351
3 0.48502304147465436 0.612116991643454 0.511520737327189 0.612116991643454 0.511520737327189 0.6552924791086351 0.48502304147465436 0.6552924791086351
37 0.5190092165898618 0.612116991643454 0.5455069124423964 0.612116991643454 0.5455069124423964 0.644150417827298 0.5190092165898618 0.644150417827298
2 0.554147465437788 0.612116991643454 0.5806451612903226 0.612116991643454 0.5806451612903226 0.6559888579387186 0.554147465437788 0.6559888579387186
0 0.5869815668202765 0.612116991643454 0.613479262672811 0.612116991643454 0.613479262672811 0.6552924791086351 0.5869815668202765 0.6552924791086351
2 0.6209677419354839 0.612116991643454 0.6474654377880185 0.612116991643454 0.6474654377880185 0.6552924791086351 0.6209677419354839 0.6552924791086351
5 0.6543778801843319 0.612116991643454 0.6808755760368664 0.612116991643454 0.6808755760368664 0.6559888579387186 0.6543778801843319 0.6559888579387186
16 0.25 0.6657381615598886 0.2695852534562212 0.6657381615598886 0.2695852534562212 0.7096100278551533 0.25 0.7096100278551533
27 0.277073732718894 0.6657381615598886 0.2966589861751152 0.6657381615598886 0.2966589861751152 0.7096100278551533 0.277073732718894 0.7096100278551533
14 0.3024193548387097 0.6657381615598886 0.3289170506912443 0.6657381615598886 0.3289170506912443 0.7089136490250697 0.3024193548387097 0.7089136490250697
36 0.33640552995391704 0.6657381615598886 0.347926267281106 0.6657381615598886 0.347926267281106 0.6977715877437326 0.33640552995391704 0.6977715877437326
0 0.35368663594470046 0.6657381615598886 0.37327188940092165 0.6657381615598886 0.37327188940092165 0.7096100278551533 0.35368663594470046 0.7096100278551533
2 0.3790322580645161 0.6657381615598886 0.4055299539170507 0.6657381615598886 0.4055299539170507 0.7089136490250697 0.3790322580645161 0.7089136490250697
37 0.4141705069124424 0.6657381615598886 0.440668202764977 0.6657381615598886 0.440668202764977 0.6984679665738162 0.4141705069124424 0.6984679665738162
1 0.4470046082949309 0.6657381615598886 0.45967741935483875 0.6657381615598886 0.45967741935483875 0.7096100278551533 0.4470046082949309 0.7096100278551533
9 0.46543778801843316 0.6657381615598886 0.48502304147465436 0.6657381615598886 0.48502304147465436 0.7103064066852368 0.46543778801843316 0.7103064066852368
37 0.49078341013824883 0.6657381615598886 0.5172811059907834 0.6657381615598886 0.5172811059907834 0.6977715877437326 0.49078341013824883 0.6977715877437326
2 0.5253456221198156 0.6657381615598886 0.5518433179723502 0.6657381615598886 0.5518433179723502 0.7089136490250697 0.5253456221198156 0.7089136490250697
0 0.559331797235023 0.6657381615598886 0.5858294930875576 0.6657381615598886 0.5858294930875576 0.7089136490250697 0.559331797235023 0.7089136490250697
2 0.5944700460829493 0.6657381615598886 0.6209677419354839 0.6657381615598886 0.6209677419354839 0.7089136490250697 0.5944700460829493 0.7089136490250697
5 0.6273041474654378 0.6657381615598886 0.6538018433179724 0.6657381615598886 0.6538018433179724 0.7089136490250697 0.6273041474654378 0.7089136490250697
