29 0.25 0.38370473537604455 0.2695852534562212 0.38370473537604455 0.2695852534562212 0.4275766016713092 0.25 0.4275766016713092
17 0.277073732718894 0.38370473537604455 0.3035714285714286 0.38370473537604455 0.3035714285714286 0.4268802228412256 0.277073732718894 0.4268802228412256
24 0.31048387096774194 0.38370473537604455 0.33006912442396313 0.38370473537604455 0.33006912442396313 0.4275766016713092 0.31048387096774194 0.4275766016713092
36 0.3369815668202765 0.38370473537604455 0.34850230414746547 0.38370473537604455 0.34850230414746547 0.4157381615598886 0.3369815668202765 0.4157381615598886
0 0.3548387096774194 0.38370473537604455 0.38133640552995396 0.38370473537604455 0.38133640552995396 0.4268802228412256 0.3548387096774194 0.4268802228412256
8 0.3888248847926267 0.38370473537604455 0.4153225806451613 0.38370473537604455 0.4153225806451613 0.4268802228412256 0.3888248847926267 0.4268802228412256
37 0.4216589861751152 0.38370473537604455 0.4481566820276498 0.38370473537604455 0.4481566820276498 0.4157381615598886 0.4216589861751152 0.4157381615598886
3 0.4544930875576037 0.38370473537604455 0.4809907834101383 0.38370473537604455 0.4809907834101383 0.4268802228412256 0.4544930875576037 0.4268802228412256
1 0.4867511520737327 0.38370473537604455 0.49942396313364057 0.38370473537604455 0.49942396313364057 0.4275766016713092 0.4867511520737327 0.4275766016713092
37 0.5080645161290323 0.38370473537604455 0.5345622119815668 0.38370473537604455 0.5345622119815668 0.41643454038997213 0.5080645161290323 0.41643454038997213
2 0.5432027649769585 0.38370473537604455 0.5627880184331797 0.38370473537604455 0.5627880184331797 0.4275766016713092 0.5432027649769585 0.4275766016713092
0 0.5685483870967742 0.38370473537604455 0.5881336405529954 0.38370473537604455 0.5881336405529954 0.42827298050139273 0.5685483870967742 0.42827298050139273
2 0.5944700460829493 0.38370473537604455 0.6209677419354839 0.38370473537604455 0.6209677419354839 0.4268802228412256 0.5944700460829493 0.4268802228412256
5 0.6267281105990783 0.38370473537604455 0.6532258064516129 0.38370473537604455 0.6532258064516129 0.4268802228412256 0.6267281105990783 0.4268802228412256
34 0.25 0.4373259052924791 0.2764976958525346 0.4373259052924791 0.2764976958525346 0.48119777158774374 0.25 0.48119777158774374
18 0.2834101382488479 0.4373259052924791 0.30069124423963134 0.4373259052924791 0.30069124423963134 0.4805013927576602 0.2834101382488479 0.4805013927576602
24 0.309331797235023 0.4373259052924791 0.3289170506912442 0.4373259052924791 0.3289170506912442 0.48119777158774374 0.309331797235023 0.48119777158774374
36 0.3352534562211982 0.4373259052924791 0.347926267281106 0.4373259052924791 0.347926267281106 0.4700557103064067 0.3352534562211982 0.4700557103064067
1 0.35599078341013823 0.4373259052924791 0.36866359447004604 0.4373259052924791 0.36866359447004604 0.48119777158774374 0.35599078341013823 0.48119777158774374
2 0.3773041474654378 0.4373259052924791 0.40380184331797236 0.4373259052924791 0.40380184331797236 0.4805013927576602 0.3773041474654378 0.4805013927576602
37 0.4118663594470046 0.4373259052924791 0.4337557603686636 0.4373259052924791 0.4337557603686636 0.4637883008356546 0.4118663594470046 0.4637883008356546
3 0.4423963133640553 0.4373259052924791 0.4619815668202765 0.4373259052924791 0.4619815668202765 0.4818941504178273 0.4423963133640553 0.4818941504178273
1 0.4683179723502304 0.4373259052924791 0.48099078341013823 0.4373259052924791 0.48099078341013823 0.48119777158774374 0.4683179723502304 0.48119777158774374
37 0.4890552995391705 0.4373259052924791 0.5155529953917051 0.4373259052924791 0.5155529953917051 0.4686629526462396 0.4890552995391705 0.4686629526462396
2 0.521889400921659 0.4373259052924791 0.5483870967741936 0.4373259052924791 0.5483870967741936 0.48119777158774374 0.521889400921659 0.48119777158774374
0 0.5564516129032258 0.4373259052924791 0.5829493087557603 0.4373259052924791 0.5829493087557603 0.4805013927576602 0.5564516129032258 0.4805013927576602
2 0.591589861751152 0.4373259052924791 0.6180875576036866 0.4373259052924791 0.6180875576036866 0.4805013927576602 0.591589861751152 0.4805013927576602
4 0.6238479262672811 0.4373259052924791 0.6503456221198157 0.4373259052924791 0.6503456221198157 0.4805013927576602 0.6238479262672811 0.4805013927576602
