18 0.25 0.4415041782729805 0.2672811059907834 0.4415041782729805 0.2672811059907834 0.48467966573816157 0.25 0.48467966573816157
29 0.2736175115207373 0.4415041782729805 0.2932027649769585 0.4415041782729805 0.2932027649769585 0.4860724233983287 0.2736175115207373 0.4860724233983287
30 0.2995391705069124 0.4415041782729805 0.326036866359447 0.4415041782729805 0.326036866359447 0.48467966573816157 0.2995391705069124 0.48467966573816157
36 0.33352534562211983 0.4415041782729805 0.3450460829493088 0.4415041782729805 0.3450460829493088 0.4735376044568245 0.33352534562211983 0.4735376044568245
1 0.3519585253456221 0.4415041782729805 0.3652073732718894 0.4415041782729805 0.3652073732718894 0.4860724233983287 0.3519585253456221 0.4860724233983287
2 0.3726958525345622 0.4415041782729805 0.3991935483870968 0.4415041782729805 0.3991935483870968 0.4853760445682451 0.3726958525345622 0.4853760445682451
37 0.4049539170506912 0.4415041782729805 0.4314516129032258 0.4415041782729805 0.4314516129032258 0.4735376044568245 0.4049539170506912 0.4735376044568245
0 0.4372119815668203 0.4415041782729805 0.46370967741935487 0.4415041782729805 0.46370967741935487 0.4853760445682451 0.4372119815668203 0.4853760445682451
6 0.4706221198156682 0.4415041782729805 0.4971198156682028 0.4415041782729805 0.4971198156682028 0.48467966573816157 0.4706221198156682 0.48467966573816157
37 0.5046082949308756 0.4415041782729805 0.5311059907834101 0.4415041782729805 0.5311059907834101 0.4735376044568245 0.5046082949308756 0.4735376044568245
2 0.5391705069124424 0.4415041782729805 0.565668202764977 0.4415041782729805 0.565668202764977 0.4853760445682451 0.5391705069124424 0.4853760445682451
0 0.5731566820276498 0.4415041782729805 0.5996543778801844 0.4415041782729805 0.5996543778801844 0.48467966573816157 0.5731566820276498 0.48467966573816157
2 0.6077188940092166 0.4415041782729805 0.6342165898617512 0.4415041782729805 0.6342165898617512 0.48467966573816157 0.6077188940092166 0.48467966573816157
4 0.6417050691244239 0.4415041782729805 0.6612903225806451 0.4415041782729805 0.6612903225806451 0.4853760445682451 0.6417050691244239 0.4853760445682451
27 0.25 0.49512534818941506 0.2695852534562212 0.49512534818941506 0.2695852534562212 0.5389972144846796 0.25 0.5389972144846796
26 0.27534562211981567 0.49512534818941506 0.29493087557603687 0.49512534818941506 0.29493087557603687 0.5396935933147633 0.27534562211981567 0.5396935933147633
25 0.30184331797235026 0.49512534818941506 0.32834101382488484 0.49512534818941506 0.32834101382488484 0.5383008356545961 0.30184331797235026 0.5383008356545961
36 0.33640552995391704 0.49512534818941506 0.347926267281106 0.49512534818941506 0.347926267281106 0.5271587743732591 0.33640552995391704 0.5271587743732591
0 0.3565668202764977 0.49512534818941506 0.3830645161290323 0.49512534818941506 0.3830645161290323 0.5383008356545961 0.3565668202764977 0.5383008356545961
7 0.38940092165898615 0.49512534818941506 0.41589861751152074 0.49512534818941506 0.41589861751152074 0.5383008356545961 0.38940092165898615 0.5383008356545961
37 0.4245391705069124 0.49512534818941506 0.451036866359447 0.49512534818941506 0.451036866359447 0.5271587743732591 0.4245391705069124 0.5271587743732591
2 0.45794930875576034 0.49512534818941506 0.48444700460829493 0.49512534818941506 0.48444700460829493 0.5383008356545961 0.45794930875576034 0.5383008356545961
8 0.4913594470046083 0.49512534818941506 0.5109447004608295 0.49512534818941506 0.5109447004608295 0.5389972144846796 0.4913594470046083 0.5389972144846796
37 0.5184331797235023 0.49512534818941506 0.5449308755760369 0.49512534818941506 0.5449308755760369 0.5271587743732591 0.5184331797235023 0.5271587743732591
2 0.5524193548387096 0.49512534818941506 0.5789170506912442 0.49512534818941506 0.5789170506912442 0.5389972144846796 0.5524193548387096 0.5389972144846796
0 0.586405529953917 0.49512534818941506 0.6059907834101382 0.49512534818941506 0.6059907834101382 0.5389972144846796 0.586405529953917 0.5389972144846796
2 0.6123271889400922 0.49512534818941506 0.6319124423963134 0.49512534818941506 0.6319124423963134 0.5396935933147633 0.6123271889400922 0.5396935933147633
5 0.6405529953917051 0.49512534818941506 0.6670506912442397 0.49512534818941506 0.6670506912442397 0.5383008356545961 0.6405529953917051 0.5383008356545961
