28 0.25 0.34818941504178275 0.2695852534562212 0.34818941504178275 0.2695852534562212 0.3920612813370474 0.25 0.3920612813370474
16 0.2764976958525346 0.34818941504178275 0.3029953917050692 0.34818941504178275 0.3029953917050692 0.3913649025069638 0.2764976958525346 0.3913649025069638
28 0.309331797235023 0.34818941504178275 0.3289170506912442 0.34818941504178275 0.3289170506912442 0.39275766016713093 0.309331797235023 0.39275766016713093
36 0.33640552995391704 0.34818941504178275 0.34907834101382484 0.34818941504178275 0.34907834101382484 0.3802228412256268 0.33640552995391704 0.3802228412256268
0 0.3577188940092166 0.34818941504178275 0.38421658986175117 0.34818941504178275 0.38421658986175117 0.3913649025069638 0.3577188940092166 0.3913649025069638
3 0.3922811059907834 0.34818941504178275 0.418778801843318 0.34818941504178275 0.418778801843318 0.3913649025069638 0.3922811059907834 0.3913649025069638
37 0.4274193548387097 0.34818941504178275 0.4539170506912443 0.34818941504178275 0.4539170506912443 0.3802228412256268 0.4274193548387097 0.3802228412256268
2 0.46140552995391704 0.34818941504178275 0.4879032258064516 0.34818941504178275 0.4879032258064516 0.3913649025069638 0.46140552995391704 0.3913649025069638
8 0.4959677419354839 0.34818941504178275 0.5224654377880185 0.34818941504178275 0.5224654377880185 0.3920612813370474 0.4959677419354839 0.3920612813370474
37 0.5305299539170507 0.34818941504178275 0.5570276497695853 0.34818941504178275 0.5570276497695853 0.3802228412256268 0.5305299539170507 0.3802228412256268
2 0.5627880184331797 0.34818941504178275 0.5892857142857143 0.34818941504178275 0.5892857142857143 0.3920612813370474 0.5627880184331797 0.3920612813370474
0 0.5973502304147466 0.34818941504178275 0.6169354838709677 0.34818941504178275 0.6169354838709677 0.39275766016713093 0.5973502304147466 0.39275766016713093
2 0.6255760368663594 0.34818941504178275 0.6451612903225806 0.34818941504178275 0.6451612903225806 0.3920612813370474 0.6255760368663594 0.3920612813370474
5 0.652073732718894 0.34818941504178275 0.6785714285714286 0.34818941504178275 0.6785714285714286 0.3913649025069638 0.652073732718894 0.3913649025069638
10 0.25 0.40181058495821725 0.2695852534562212 0.40181058495821725 0.2695852534562212 0.4456824512534819 0.25 0.4456824512534819
20 0.27534562211981567 0.40181058495821725 0.30184331797235026 0.40181058495821725 0.30184331797235026 0.4449860724233983 0.27534562211981567 0.4449860724233983
21 0.30817972350230416 0.40181058495821725 0.33467741935483875 0.40181058495821725 0.33467741935483875 0.4449860724233983 0.30817972350230416 0.4449860724233983
36 0.3415898617511521 0.40181058495821725 0.353110599078341 0.40181058495821725 0.353110599078341 0.4338440111420613 0.3415898617511521 0.4338440111420613
1 0.3588709677419355 0.40181058495821725 0.3761520737327189 0.40181058495821725 0.3761520737327189 0.4449860724233983 0.3588709677419355 0.4449860724233983
0 0.3824884792626728 0.40181058495821725 0.4089861751152074 0.40181058495821725 0.4089861751152074 0.4449860724233983 0.3824884792626728 0.4449860724233983
37 0.4176267281105991 0.40181058495821725 0.4441244239631337 0.40181058495821725 0.4441244239631337 0.4338440111420613 0.4176267281105991 0.4338440111420613
1 0.45276497695852536 0.40181058495821725 0.4700460829493088 0.40181058495821725 0.4700460829493088 0.4456824512534819 0.45276497695852536 0.4456824512534819
5 0.47868663594470046 0.40181058495821725 0.505184331797235 0.40181058495821725 0.505184331797235 0.4449860724233983 0.47868663594470046 0.4449860724233983
37 0.5109447004608295 0.40181058495821725 0.5374423963133641 0.40181058495821725 0.5374423963133641 0.4338440111420613 0.5109447004608295 0.4338440111420613
2 0.5460829493087558 0.40181058495821725 0.565668202764977 0.40181058495821725 0.565668202764977 0.4456824512534819 0.5460829493087558 0.4456824512534819
0 0.5731566820276498 0.40181058495821725 0.5996543778801844 0.40181058495821725 0.5996543778801844 0.4449860724233983 0.5731566820276498 0.4449860724233983
2 0.6065668202764977 0.40181058495821725 0.6261520737327189 0.40181058495821725 0.6261520737327189 0.4456824512534819 0.6065668202764977 0.4456824512534819
5 0.6324884792626728 0.40181058495821725 0.6589861751152074 0.40181058495821725 0.6589861751152074 0.4449860724233983 0.6324884792626728 0.4449860724233983
