16 0.25 0.4491643454038997 0.2764976958525346 0.4491643454038997 0.2764976958525346 0.4923398328690808 0.25 0.4923398328690808
34 0.28513824884792627 0.4491643454038997 0.30472350230414746 0.4491643454038997 0.30472350230414746 0.49303621169916434 0.28513824884792627 0.49303621169916434
10 0.31163594470046085 0.4491643454038997 0.33813364055299544 0.4491643454038997 0.33813364055299544 0.49303621169916434 0.31163594470046085 0.49303621169916434
36 0.3467741935483871 0.4491643454038997 0.35944700460829493 0.4491643454038997 0.35944700460829493 0.48119777158774374 0.3467741935483871 0.48119777158774374
0 0.3652073732718894 0.4491643454038997 0.3847926267281106 0.4491643454038997 0.3847926267281106 0.49303621169916434 0.3652073732718894 0.49303621169916434
8 0.3934331797235023 0.4491643454038997 0.41993087557603687 0.4491643454038997 0.41993087557603687 0.4923398328690808 0.3934331797235023 0.4923398328690808
37 0.42857142857142855 0.4491643454038997 0.45506912442396313 0.4491643454038997 0.45506912442396313 0.48119777158774374 0.42857142857142855 0.48119777158774374
2 0.4637096774193548 0.4491643454038997 0.483294930875576 0.4491643454038997 0.483294930875576 0.49303621169916434 0.4637096774193548 0.49303621169916434
1 0.4902073732718894 0.4491643454038997 0.5028801843317973 0.4491643454038997 0.5028801843317973 0.49303621169916434 0.4902073732718894 0.49303621169916434
37 0.5092165898617511 0.4491643454038997 0.5357142857142857 0.4491643454038997 0.5357142857142857 0.48119777158774374 0.5092165898617511 0.48119777158774374
2 0.5443548387096774 0.4491643454038997 0.570852534562212 0.4491643454038997 0.570852534562212 0.4923398328690808 0.5443548387096774 0.4923398328690808
0 0.5766129032258065 0.4491643454038997 0.6031105990783411 0.4491643454038997 0.6031105990783411 0.4923398328690808 0.5766129032258065 0.4923398328690808
2 0.6094470046082949 0.4491643454038997 0.6290322580645161 0.4491643454038997 0.6290322580645161 0.49303621169916434 0.6094470046082949 0.49303621169916434
5 0.636520737327189 0.4491643454038997 0.6630184331797235 0.4491643454038997 0.6630184331797235 0.49303621169916434 0.636520737327189 0.49303621169916434
16 0.25 0.5027855153203342 0.2764976958525346 0.5027855153203342 0.2764976958525346 0.5459610027855153 0.25 0.5459610027855153
32 0.28456221198156684 0.5027855153203342 0.3110599078341014 0.5027855153203342 0.3110599078341014 0.5459610027855153 0.28456221198156684 0.5459610027855153
14 0.3185483870967742 0.5027855153203342 0.3450460829493088 0.5027855153203342 0.3450460829493088 0.5459610027855153 0.3185483870967742 0.5459610027855153
36 0.3519585253456221 0.5027855153203342 0.36347926267281105 0.5027855153203342 0.36347926267281105 0.5348189415041782 0.3519585253456221 0.5348189415041782
0 0.3715437788018433 0.5027855153203342 0.3980414746543779 0.5027855153203342 0.3980414746543779 0.5459610027855153 0.3715437788018433 0.5459610027855153
9 0.4066820276497696 0.5027855153203342 0.42626728110599077 0.5027855153203342 0.42626728110599077 0.5466573816155988 0.4066820276497696 0.5466573816155988
37 0.434331797235023 0.5027855153203342 0.4608294930875576 0.5027855153203342 0.4608294930875576 0.5348189415041782 0.434331797235023 0.5348189415041782
0 0.4694700460829493 0.5027855153203342 0.4959677419354839 0.5027855153203342 0.4959677419354839 0.5459610027855153 0.4694700460829493 0.5459610027855153
5 0.5028801843317973 0.5027855153203342 0.5224654377880185 0.5027855153203342 0.5224654377880185 0.5473537604456824 0.5028801843317973 0.5473537604456824
37 0.5282258064516129 0.5027855153203342 0.5547235023041475 0.5027855153203342 0.5547235023041475 0.5348189415041782 0.5282258064516129 0.5348189415041782
2 0.5622119815668203 0.5027855153203342 0.5887096774193549 0.5027855153203342 0.5887096774193549 0.5459610027855153 0.5622119815668203 0.5459610027855153
0 0.5950460829493087 0.5027855153203342 0.6146313364055299 0.5027855153203342 0.6146313364055299 0.5466573816155988 0.5950460829493087 0.5466573816155988
2 0.6215437788018433 0.5027855153203342 0.6480414746543779 0.5027855153203342 0.6480414746543779 0.5459610027855153 0.6215437788018433 0.5459610027855153
5 0.6549539170506913 0.5027855153203342 0.6814516129032259 0.5027855153203342 0.6814516129032259 0.5459610027855153 0.6549539170506913 0.5459610027855153
