15 0.25 0.34401114206128136 0.2764976958525346 0.34401114206128136 0.2764976958525346 0.38718662952646243 0.25 0.38718662952646243
15 0.28225806451612906 0.34401114206128136 0.30184331797235026 0.34401114206128136 0.30184331797235026 0.387883008356546 0.28225806451612906 0.387883008356546
16 0.3076036866359447 0.34401114206128136 0.33410138248847926 0.34401114206128136 0.33410138248847926 0.387883008356546 0.3076036866359447 0.387883008356546
36 0.33986175115207373 0.34401114206128136 0.3467741935483871 0.34401114206128136 0.3467741935483871 0.371866295264624 0.33986175115207373 0.371866295264624
0 0.35253456221198154 0.34401114206128136 0.3790322580645161 0.34401114206128136 0.3790322580645161 0.387883008356546 0.35253456221198154 0.387883008356546
5 0.38536866359447003 0.34401114206128136 0.4118663594470046 0.34401114206128136 0.4118663594470046 0.38718662952646243 0.38536866359447003 0.38718662952646243
37 0.4205069124423963 0.34401114206128136 0.4470046082949309 0.34401114206128136 0.4470046082949309 0.3760445682451254 0.4205069124423963 0.3760445682451254
2 0.4533410138248848 0.34401114206128136 0.472926267281106 0.34401114206128136 0.472926267281106 0.38857938718662954 0.4533410138248848 0.38857938718662954
1 0.4804147465437788 0.34401114206128136 0.4976958525345622 0.34401114206128136 0.4976958525345622 0.387883008356546 0.4804147465437788 0.387883008356546
37 0.506336405529954 0.34401114206128136 0.5328341013824885 0.34401114206128136 0.5328341013824885 0.3753481894150418 0.506336405529954 0.3753481894150418
2 0.538594470046083 0.34401114206128136 0.5650921658986175 0.34401114206128136 0.5650921658986175 0.38718662952646243 0.538594470046083 0.38718662952646243
0 0.5714285714285714 0.34401114206128136 0.597926267281106 0.34401114206128136 0.597926267281106 0.38718662952646243 0.5714285714285714 0.38718662952646243
2 0.6054147465437788 0.34401114206128136 0.6319124423963134 0.34401114206128136 0.6319124423963134 0.38718662952646243 0.6054147465437788 0.38718662952646243
5 0.6388248847926268 0.34401114206128136 0.658410138248848 0.34401114206128136 0.658410138248848 0.387883008356546 0.6388248847926268 0.387883008356546
13 0.25 0.39763231197771587 0.2764976958525346 0.39763231197771587 0.2764976958525346 0.44080779944289694 0.25 0.44080779944289694
21 0.28398617511520735 0.39763231197771587 0.31048387096774194 0.39763231197771587 0.31048387096774194 0.44080779944289694 0.28398617511520735 0.44080779944289694
29 0.31797235023041476 0.39763231197771587 0.34447004608294934 0.39763231197771587 0.34447004608294934 0.44080779944289694 0.31797235023041476 0.44080779944289694
36 0.35253456221198154 0.39763231197771587 0.36520737327188935 0.39763231197771587 0.36520737327188935 0.4296657381615599 0.35253456221198154 0.4296657381615599
0 0.3715437788018433 0.39763231197771587 0.3980414746543779 0.39763231197771587 0.3980414746543779 0.44080779944289694 0.3715437788018433 0.44080779944289694
3 0.4066820276497696 0.39763231197771587 0.43317972350230416 0.39763231197771587 0.43317972350230416 0.4415041782729805 0.4066820276497696 0.4415041782729805
37 0.43894009216589863 0.39763231197771587 0.4654377880184332 0.39763231197771587 0.4654377880184332 0.4296657381615599 0.43894009216589863 0.4296657381615599
0 0.4735023041474654 0.39763231197771587 0.5 0.39763231197771587 0.5 0.4415041782729805 0.4735023041474654 0.4415041782729805
8 0.5086405529953917 0.39763231197771587 0.5351382488479263 0.39763231197771587 0.5351382488479263 0.44080779944289694 0.5086405529953917 0.44080779944289694
37 0.543778801843318 0.39763231197771587 0.5702764976958525 0.39763231197771587 0.5702764976958525 0.4296657381615599 0.543778801843318 0.4296657381615599
2 0.576036866359447 0.39763231197771587 0.5956221198156681 0.39763231197771587 0.5956221198156681 0.4415041782729805 0.576036866359447 0.4415041782729805
0 0.6013824884792627 0.39763231197771587 0.6278801843317973 0.39763231197771587 0.6278801843317973 0.44080779944289694 0.6013824884792627 0.44080779944289694
2 0.6347926267281107 0.39763231197771587 0.6612903225806452 0.39763231197771587 0.6612903225806452 0.44080779944289694 0.6347926267281107 0.44080779944289694
5 0.6699308755760369 0.39763231197771587 0.6895161290322581 0.39763231197771587 0.6895161290322581 0.4415041782729805 0.6699308755760369 0.4415041782729805
