26 0.25 0.3370473537604457 0.2695852534562212 0.3370473537604457 0.2695852534562212 0.38091922005571033 0.25 0.38091922005571033
35 0.27534562211981567 0.3370473537604457 0.29493087557603687 0.3370473537604457 0.29493087557603687 0.38091922005571033 0.27534562211981567 0.38091922005571033
13 0.30357142857142855 0.3370473537604457 0.32315668202764974 0.3370473537604457 0.32315668202764974 0.38091922005571033 0.30357142857142855 0.38091922005571033
36 0.33122119815668205 0.3370473537604457 0.33813364055299544 0.3370473537604457 0.33813364055299544 0.3635097493036212 0.33122119815668205 0.3635097493036212
1 0.3444700460829493 0.3370473537604457 0.3571428571428571 0.3370473537604457 0.3571428571428571 0.38091922005571033 0.3444700460829493 0.38091922005571033
0 0.36578341013824883 0.3370473537604457 0.3922811059907834 0.3370473537604457 0.3922811059907834 0.38091922005571033 0.36578341013824883 0.38091922005571033
37 0.4009216589861751 0.3370473537604457 0.4274193548387097 0.3370473537604457 0.4274193548387097 0.3690807799442897 0.4009216589861751 0.3690807799442897
1 0.434331797235023 0.3370473537604457 0.4470046082949308 0.3370473537604457 0.4470046082949308 0.38091922005571033 0.434331797235023 0.38091922005571033
9 0.4533410138248848 0.3370473537604457 0.472926267281106 0.3370473537604457 0.472926267281106 0.38091922005571033 0.4533410138248848 0.38091922005571033
37 0.47868663594470046 0.3370473537604457 0.505184331797235 0.3370473537604457 0.505184331797235 0.3690807799442897 0.47868663594470046 0.3690807799442897
2 0.5109447004608295 0.3370473537604457 0.5374423963133641 0.3370473537604457 0.5374423963133641 0.3802228412256268 0.5109447004608295 0.3802228412256268
0 0.5443548387096774 0.3370473537604457 0.570852534562212 0.3370473537604457 0.570852534562212 0.3802228412256268 0.5443548387096774 0.3802228412256268
2 0.5794930875576036 0.3370473537604457 0.6059907834101382 0.3370473537604457 0.6059907834101382 0.38091922005571033 0.5794930875576036 0.38091922005571033
5 0.6129032258064516 0.3370473537604457 0.6324884792626728 0.3370473537604457 0.6324884792626728 0.38091922005571033 0.6129032258064516 0.38091922005571033
33 0.25 0.3906685236768802 0.2695852534562212 0.3906685236768802 0.2695852534562212 0.43454038997214484 0.25 0.43454038997214484
16 0.27534562211981567 0.3906685236768802 0.30184331797235026 0.3906685236768802 0.30184331797235026 0.4338440111420613 0.27534562211981567 0.4338440111420613
34 0.3099078341013825 0.3906685236768802 0.3294930875576037 0.3906685236768802 0.3294930875576037 0.43454038997214484 0.3099078341013825 0.43454038997214484
36 0.33755760368663595 0.3906685236768802 0.34447004608294934 0.3906685236768802 0.34447004608294934 0.41852367688022285 0.33755760368663595 0.41852367688022285
0 0.35080645161290325 0.3906685236768802 0.37730414746543783 0.3906685236768802 0.37730414746543783 0.4338440111420613 0.35080645161290325 0.4338440111420613
6 0.3847926267281106 0.3906685236768802 0.4112903225806452 0.3906685236768802 0.4112903225806452 0.4338440111420613 0.3847926267281106 0.4338440111420613
37 0.41705069124423966 0.3906685236768802 0.44354838709677424 0.3906685236768802 0.44354838709677424 0.4233983286908078 0.41705069124423966 0.4233983286908078
1 0.4504608294930876 0.3906685236768802 0.467741935483871 0.3906685236768802 0.467741935483871 0.42827298050139273 0.4504608294930876 0.42827298050139273
6 0.47465437788018433 0.3906685236768802 0.4942396313364055 0.3906685236768802 0.4942396313364055 0.43454038997214484 0.47465437788018433 0.43454038997214484
37 0.5023041474654378 0.3906685236768802 0.5288018433179724 0.3906685236768802 0.5288018433179724 0.42270194986072424 0.5023041474654378 0.42270194986072424
2 0.5345622119815668 0.3906685236768802 0.5610599078341014 0.3906685236768802 0.5610599078341014 0.4338440111420613 0.5345622119815668 0.4338440111420613
0 0.5685483870967742 0.3906685236768802 0.5881336405529954 0.3906685236768802 0.5881336405529954 0.4352367688022284 0.5685483870967742 0.4352367688022284
2 0.5950460829493087 0.3906685236768802 0.6215437788018433 0.3906685236768802 0.6215437788018433 0.4338440111420613 0.5950460829493087 0.4338440111420613
5 0.6278801843317973 0.3906685236768802 0.6543778801843319 0.3906685236768802 0.6543778801843319 0.4338440111420613 0.6278801843317973 0.4338440111420613
