29 0.25 0.3593314763231198 0.2695852534562212 0.3593314763231198 0.2695852534562212 0.403899721448468 0.25 0.403899721448468
10 0.2759216589861751 0.3593314763231198 0.3024193548387097 0.3593314763231198 0.3024193548387097 0.4032033426183844 0.2759216589861751 0.4032033426183844
21 0.31105990783410137 0.3593314763231198 0.33064516129032256 0.3593314763231198 0.33064516129032256 0.4032033426183844 0.31105990783410137 0.4032033426183844
36 0.33640552995391704 0.3593314763231198 0.3433179723502304 0.3593314763231198 0.3433179723502304 0.3864902506963788 0.33640552995391704 0.3864902506963788
0 0.3519585253456221 0.3593314763231198 0.3784562211981567 0.3593314763231198 0.3784562211981567 0.4032033426183844 0.3519585253456221 0.4032033426183844
3 0.38421658986175117 0.3593314763231198 0.41071428571428575 0.3593314763231198 0.41071428571428575 0.40250696378830086 0.38421658986175117 0.40250696378830086
37 0.41877880184331795 0.3593314763231198 0.44527649769585254 0.3593314763231198 0.44527649769585254 0.3920612813370474 0.41877880184331795 0.3920612813370474
2 0.4539170506912442 0.3593314763231198 0.4804147465437788 0.3593314763231198 0.4804147465437788 0.40250696378830086 0.4539170506912442 0.40250696378830086
2 0.4861751152073733 0.3593314763231198 0.5126728110599078 0.3593314763231198 0.5126728110599078 0.40250696378830086 0.4861751152073733 0.40250696378830086
37 0.5213133640552995 0.3593314763231198 0.5478110599078341 0.3593314763231198 0.5478110599078341 0.3913649025069638 0.5213133640552995 0.3913649025069638
2 0.554147465437788 0.3593314763231198 0.5806451612903226 0.3593314763231198 0.5806451612903226 0.40250696378830086 0.554147465437788 0.40250696378830086
0 0.5892857142857143 0.3593314763231198 0.6157834101382489 0.3593314763231198 0.6157834101382489 0.40250696378830086 0.5892857142857143 0.40250696378830086
2 0.6244239631336406 0.3593314763231198 0.6440092165898618 0.3593314763231198 0.6440092165898618 0.4032033426183844 0.6244239631336406 0.4032033426183844
5 0.6514976958525346 0.3593314763231198 0.6779953917050692 0.3593314763231198 0.6779953917050692 0.40250696378830086 0.6514976958525346 0.40250696378830086
29 0.25 0.4129526462395543 0.2764976958525346 0.4129526462395543 0.2764976958525346 0.4568245125348189 0.25 0.4568245125348189
35 0.28225806451612906 0.4129526462395543 0.30184331797235026 0.4129526462395543 0.30184331797235026 0.4575208913649025 0.28225806451612906 0.4575208913649025
14 0.309331797235023 0.4129526462395543 0.3358294930875576 0.4129526462395543 0.3358294930875576 0.4561281337047354 0.309331797235023 0.4561281337047354
36 0.3433179723502304 0.4129526462395543 0.3502304147465438 0.4129526462395543 0.3502304147465438 0.44011142061281333 0.3433179723502304 0.44011142061281333
0 0.35599078341013823 0.4129526462395543 0.3824884792626728 0.4129526462395543 0.3824884792626728 0.4568245125348189 0.35599078341013823 0.4568245125348189
5 0.3888248847926267 0.4129526462395543 0.4084101382488479 0.4129526462395543 0.4084101382488479 0.4568245125348189 0.3888248847926267 0.4568245125348189
37 0.41589861751152074 0.4129526462395543 0.4423963133640553 0.4129526462395543 0.4423963133640553 0.4456824512534819 0.41589861751152074 0.4456824512534819
1 0.4498847926267281 0.4129526462395543 0.4671658986175115 0.4129526462395543 0.4671658986175115 0.4561281337047354 0.4498847926267281 0.4561281337047354
5 0.47523041474654376 0.4129526462395543 0.49481566820276496 0.4129526462395543 0.49481566820276496 0.4568245125348189 0.47523041474654376 0.4568245125348189
37 0.5017281105990783 0.4129526462395543 0.5282258064516129 0.4129526462395543 0.5282258064516129 0.4449860724233983 0.5017281105990783 0.4449860724233983
2 0.5351382488479263 0.4129526462395543 0.5616359447004609 0.4129526462395543 0.5616359447004609 0.4561281337047354 0.5351382488479263 0.4561281337047354
0 0.5702764976958525 0.4129526462395543 0.5898617511520737 0.4129526462395543 0.5898617511520737 0.4568245125348189 0.5702764976958525 0.4568245125348189
2 0.597926267281106 0.4129526462395543 0.6244239631336406 0.4129526462395543 0.6244239631336406 0.4561281337047354 0.597926267281106 0.4561281337047354
5 0.6330645161290323 0.4129526462395543 0.6595622119815668 0.4129526462395543 0.6595622119815668 0.4561281337047354 0.6330645161290323 0.4561281337047354
