17 0.25 0.41434540389972147 0.2695852534562212 0.41434540389972147 0.2695852534562212 0.45891364902506965 0.25 0.45891364902506965
12 0.27764976958525345 0.41434540389972147 0.29723502304147464 0.41434540389972147 0.29723502304147464 0.4582172701949861 0.27764976958525345 0.4582172701949861
29 0.3029953917050691 0.41434540389972147 0.3294930875576037 0.41434540389972147 0.3294930875576037 0.4582172701949861 0.3029953917050691 0.4582172701949861
36 0.33755760368663595 0.41434540389972147 0.34447004608294934 0.41434540389972147 0.34447004608294934 0.4415041782729805 0.33755760368663595 0.4415041782729805
0 0.35080645161290325 0.41434540389972147 0.37730414746543783 0.41434540389972147 0.37730414746543783 0.45752089136490254 0.35080645161290325 0.45752089136490254
4 0.38421658986175117 0.41434540389972147 0.41071428571428575 0.41434540389972147 0.41071428571428575 0.45752089136490254 0.38421658986175117 0.45752089136490254
37 0.41647465437788017 0.41434540389972147 0.44297235023041476 0.41434540389972147 0.44297235023041476 0.4463788300835655 0.41647465437788017 0.4463788300835655
2 0.44873271889400923 0.41434540389972147 0.4752304147465438 0.41434540389972147 0.4752304147465438 0.4582172701949861 0.44873271889400923 0.4582172701949861
5 0.483294930875576 0.41434540389972147 0.5097926267281105 0.41434540389972147 0.5097926267281105 0.45752089136490254 0.483294930875576 0.45752089136490254
37 0.5167050691244239 0.41434540389972147 0.5432027649769585 0.41434540389972147 0.5432027649769585 0.44568245125348194 0.5167050691244239 0.44568245125348194
2 0.548963133640553 0.41434540389972147 0.5685483870967742 0.41434540389972147 0.5685483870967742 0.4582172701949861 0.548963133640553 0.4582172701949861
0 0.5766129032258065 0.41434540389972147 0.6031105990783411 0.41434540389972147 0.6031105990783411 0.45752089136490254 0.5766129032258065 0.45752089136490254
2 0.6088709677419355 0.41434540389972147 0.6284562211981567 0.41434540389972147 0.6284562211981567 0.4582172701949861 0.6088709677419355 0.4582172701949861
5 0.6353686635944701 0.41434540389972147 0.6549539170506913 0.41434540389972147 0.6549539170506913 0.4582172701949861 0.6353686635944701 0.4582172701949861
13 0.25 0.467966573816156 0.2695852534562212 0.467966573816156 0.2695852534562212 0.5118384401114205 0.25 0.5118384401114205
31 0.27534562211981567 0.467966573816156 0.30184331797235026 0.467966573816156 0.30184331797235026 0.511142061281337 0.27534562211981567 0.511142061281337
26 0.31048387096774194 0.467966573816156 0.3369815668202765 0.467966573816156 0.3369815668202765 0.511142061281337 0.31048387096774194 0.511142061281337
36 0.3450460829493088 0.467966573816156 0.35195852534562216 0.467966573816156 0.35195852534562216 0.495125348189415 0.3450460829493088 0.495125348189415
0 0.36059907834101385 0.467966573816156 0.38709677419354843 0.467966573816156 0.38709677419354843 0.511142061281337 0.36059907834101385 0.511142061281337
5 0.3945852534562212 0.467966573816156 0.4210829493087558 0.467966573816156 0.4210829493087558 0.511142061281337 0.3945852534562212 0.511142061281337
37 0.42684331797235026 0.467966573816156 0.45334101382488484 0.467966573816156 0.45334101382488484 0.5 0.42684331797235026 0.5
2 0.4608294930875576 0.467966573816156 0.4873271889400922 0.467966573816156 0.4873271889400922 0.511142061281337 0.4608294930875576 0.511142061281337
1 0.4959677419354839 0.467966573816156 0.5132488479262672 0.467966573816156 0.5132488479262672 0.511142061281337 0.4959677419354839 0.511142061281337
37 0.5201612903225806 0.467966573816156 0.5466589861751152 0.467966573816156 0.5466589861751152 0.5 0.5201612903225806 0.5
2 0.5552995391705069 0.467966573816156 0.5817972350230415 0.467966573816156 0.5817972350230415 0.511142061281337 0.5552995391705069 0.511142061281337
0 0.5887096774193549 0.467966573816156 0.6152073732718895 0.467966573816156 0.6152073732718895 0.511142061281337 0.5887096774193549 0.511142061281337
2 0.6209677419354839 0.467966573816156 0.6405529953917051 0.467966573816156 0.6405529953917051 0.5118384401114205 0.6209677419354839 0.5118384401114205
5 0.6486175115207373 0.467966573816156 0.6682027649769585 0.467966573816156 0.6682027649769585 0.5125348189415042 0.6486175115207373 0.5125348189415042
