11 0.25 0.3593314763231198 0.2695852534562212 0.3593314763231198 0.2695852534562212 0.4032033426183844 0.25 0.4032033426183844
10 0.2759216589861751 0.3593314763231198 0.2955069124423963 0.3593314763231198 0.2955069124423963 0.4032033426183844 0.2759216589861751 0.4032033426183844
33 0.30126728110599077 0.3593314763231198 0.32776497695852536 0.3593314763231198 0.32776497695852536 0.4032033426183844 0.30126728110599077 0.4032033426183844
36 0.33352534562211983 0.3593314763231198 0.3461981566820277 0.3593314763231198 0.3461981566820277 0.3913649025069638 0.33352534562211983 0.3913649025069638
0 0.3548387096774194 0.3593314763231198 0.37442396313364057 0.3593314763231198 0.37442396313364057 0.4032033426183844 0.3548387096774194 0.4032033426183844
5 0.3819124423963134 0.3593314763231198 0.408410138248848 0.3593314763231198 0.408410138248848 0.4032033426183844 0.3819124423963134 0.4032033426183844
37 0.41589861751152074 0.3593314763231198 0.4423963133640553 0.3593314763231198 0.4423963133640553 0.3913649025069638 0.41589861751152074 0.3913649025069638
0 0.4504608294930876 0.3593314763231198 0.47695852534562216 0.3593314763231198 0.47695852534562216 0.40250696378830086 0.4504608294930876 0.40250696378830086
6 0.483294930875576 0.3593314763231198 0.5028801843317972 0.3593314763231198 0.5028801843317972 0.4032033426183844 0.483294930875576 0.4032033426183844
37 0.511520737327189 0.3593314763231198 0.5380184331797235 0.3593314763231198 0.5380184331797235 0.3920612813370474 0.511520737327189 0.3920612813370474
2 0.5449308755760369 0.3593314763231198 0.5714285714285715 0.3593314763231198 0.5714285714285715 0.4032033426183844 0.5449308755760369 0.4032033426183844
0 0.5783410138248848 0.3593314763231198 0.597926267281106 0.3593314763231198 0.597926267281106 0.4032033426183844 0.5783410138248848 0.4032033426183844
2 0.6065668202764977 0.3593314763231198 0.6261520737327189 0.3593314763231198 0.6261520737327189 0.4032033426183844 0.6065668202764977 0.4032033426183844
5 0.6342165898617511 0.3593314763231198 0.6607142857142857 0.3593314763231198 0.6607142857142857 0.40250696378830086 0.6342165898617511 0.40250696378830086
31 0.25 0.4129526462395543 0.2695852534562212 0.4129526462395543 0.2695852534562212 0.4568245125348189 0.25 0.4568245125348189
22 0.277073732718894 0.4129526462395543 0.3035714285714286 0.4129526462395543 0.3035714285714286 0.4561281337047354 0.277073732718894 0.4561281337047354
27 0.31105990783410137 0.4129526462395543 0.33064516129032256 0.4129526462395543 0.33064516129032256 0.4568245125348189 0.31105990783410137 0.4568245125348189
36 0.3387096774193548 0.4129526462395543 0.3456221198156682 0.4129526462395543 0.3456221198156682 0.4394150417827298 0.3387096774193548 0.4394150417827298
0 0.35368663594470046 0.4129526462395543 0.38018433179723504 0.4129526462395543 0.38018433179723504 0.4561281337047354 0.35368663594470046 0.4561281337047354
6 0.3859447004608295 0.4129526462395543 0.4055299539170507 0.4129526462395543 0.4055299539170507 0.4568245125348189 0.3859447004608295 0.4568245125348189
37 0.41359447004608296 0.4129526462395543 0.44009216589861755 0.4129526462395543 0.44009216589861755 0.4449860724233983 0.41359447004608296 0.4449860724233983
2 0.44642857142857145 0.4129526462395543 0.46601382488479265 0.4129526462395543 0.46601382488479265 0.4575208913649025 0.44642857142857145 0.4575208913649025
0 0.4740783410138249 0.4129526462395543 0.5005760368663594 0.4129526462395543 0.5005760368663594 0.4561281337047354 0.4740783410138249 0.4561281337047354
37 0.5069124423963134 0.4129526462395543 0.533410138248848 0.4129526462395543 0.533410138248848 0.4449860724233983 0.5069124423963134 0.4449860724233983
2 0.5391705069124424 0.4129526462395543 0.565668202764977 0.4129526462395543 0.565668202764977 0.4561281337047354 0.5391705069124424 0.4561281337047354
0 0.5720046082949308 0.4129526462395543 0.5985023041474654 0.4129526462395543 0.5985023041474654 0.4561281337047354 0.5720046082949308 0.4561281337047354
2 0.6059907834101382 0.4129526462395543 0.6324884792626728 0.4129526462395543 0.6324884792626728 0.4561281337047354 0.6059907834101382 0.4561281337047354
5 0.6411290322580645 0.4129526462395543 0.6676267281105991 0.4129526462395543 0.6676267281105991 0.4568245125348189 0.6411290322580645 0.4568245125348189
