22 0.25 0.36142061281337046 0.2764976958525346 0.36142061281337046 0.2764976958525346 0.40459610027855153 0.25 0.40459610027855153
23 0.28398617511520735 0.36142061281337046 0.30357142857142855 0.36142061281337046 0.30357142857142855 0.4052924791086351 0.28398617511520735 0.4052924791086351
19 0.3099078341013825 0.36142061281337046 0.3364055299539171 0.36142061281337046 0.3364055299539171 0.40459610027855153 0.3099078341013825 0.40459610027855153
36 0.3444700460829493 0.36142061281337046 0.3513824884792627 0.36142061281337046 0.3513824884792627 0.38788300835654593 0.3444700460829493 0.38788300835654593
0 0.3588709677419355 0.36142061281337046 0.3853686635944701 0.36142061281337046 0.3853686635944701 0.40459610027855153 0.3588709677419355 0.40459610027855153
6 0.39400921658986177 0.36142061281337046 0.42050691244239635 0.36142061281337046 0.42050691244239635 0.40459610027855153 0.39400921658986177 0.40459610027855153
37 0.42857142857142855 0.36142061281337046 0.45506912442396313 0.36142061281337046 0.45506912442396313 0.3934540389972145 0.42857142857142855 0.3934540389972145
1 0.4619815668202765 0.36142061281337046 0.4746543778801844 0.36142061281337046 0.4746543778801844 0.40598885793871864 0.4619815668202765 0.40598885793871864
3 0.48214285714285715 0.36142061281337046 0.5086405529953917 0.36142061281337046 0.5086405529953917 0.40459610027855153 0.48214285714285715 0.40459610027855153
37 0.5149769585253456 0.36142061281337046 0.5414746543778802 0.36142061281337046 0.5414746543778802 0.3934540389972145 0.5149769585253456 0.3934540389972145
2 0.5495391705069125 0.36142061281337046 0.5760368663594471 0.36142061281337046 0.5760368663594471 0.40459610027855153 0.5495391705069125 0.40459610027855153
0 0.5846774193548387 0.36142061281337046 0.6111751152073733 0.36142061281337046 0.6111751152073733 0.40459610027855153 0.5846774193548387 0.40459610027855153
2 0.618663594470046 0.36142061281337046 0.6451612903225806 0.36142061281337046 0.6451612903225806 0.4052924791086351 0.618663594470046 0.4052924791086351
5 0.6532258064516129 0.36142061281337046 0.6797235023041475 0.36142061281337046 0.6797235023041475 0.40459610027855153 0.6532258064516129 0.40459610027855153
30 0.25 0.415041782729805 0.2764976958525346 0.415041782729805 0.2764976958525346 0.4582172701949861 0.25 0.4582172701949861
15 0.2828341013824885 0.415041782729805 0.3024193548387097 0.415041782729805 0.3024193548387097 0.4582172701949861 0.2828341013824885 0.4582172701949861
17 0.31048387096774194 0.415041782729805 0.3369815668202765 0.415041782729805 0.3369815668202765 0.4582172701949861 0.31048387096774194 0.4582172701949861
36 0.3433179723502304 0.415041782729805 0.35599078341013823 0.415041782729805 0.35599078341013823 0.44707520891364905 0.3433179723502304 0.44707520891364905
1 0.3629032258064516 0.415041782729805 0.3790322580645161 0.415041782729805 0.3790322580645161 0.45891364902506965 0.3629032258064516 0.45891364902506965
2 0.3847926267281106 0.415041782729805 0.4043778801843318 0.415041782729805 0.4043778801843318 0.45891364902506965 0.3847926267281106 0.45891364902506965
37 0.41013824884792627 0.415041782729805 0.43663594470046085 0.415041782729805 0.43663594470046085 0.44707520891364905 0.41013824884792627 0.44707520891364905
0 0.44297235023041476 0.415041782729805 0.46255760368663595 0.415041782729805 0.46255760368663595 0.4596100278551532 0.44297235023041476 0.4596100278551532
2 0.47119815668202764 0.415041782729805 0.4976958525345622 0.415041782729805 0.4976958525345622 0.45891364902506965 0.47119815668202764 0.45891364902506965
37 0.5057603686635944 0.415041782729805 0.532258064516129 0.415041782729805 0.532258064516129 0.4477715877437326 0.5057603686635944 0.4477715877437326
2 0.5397465437788018 0.415041782729805 0.5662442396313364 0.415041782729805 0.5662442396313364 0.4582172701949861 0.5397465437788018 0.4582172701949861
0 0.5737327188940092 0.415041782729805 0.6002304147465438 0.415041782729805 0.6002304147465438 0.4582172701949861 0.5737327188940092 0.4582172701949861
2 0.6088709677419355 0.415041782729805 0.6284562211981567 0.415041782729805 0.6284562211981567 0.45891364902506965 0.6088709677419355 0.45891364902506965
4 0.6359447004608295 0.415041782729805 0.6624423963133641 0.415041782729805 0.6624423963133641 0.4582172701949861 0.6359447004608295 0.4582172701949861
