21 0.25 0.58008356545961 0.2764976958525346 0.58008356545961 0.2764976958525346 0.6232590529247911 0.25 0.6232590529247911
20 0.28513824884792627 0.58008356545961 0.31163594470046085 0.58008356545961 0.31163594470046085 0.6232590529247911 0.28513824884792627 0.6232590529247911
20 0.3173963133640553 0.58008356545961 0.3438940092165899 0.58008356545961 0.3438940092165899 0.6232590529247911 0.3173963133640553 0.6232590529247911
36 0.35023041474654376 0.58008356545961 0.35714285714285715 0.58008356545961 0.35714285714285715 0.6072423398328691 0.35023041474654376 0.6072423398328691
0 0.3640552995391705 0.58008356545961 0.3836405529953917 0.58008356545961 0.3836405529953917 0.6239554317548747 0.3640552995391705 0.6239554317548747
4 0.3922811059907834 0.58008356545961 0.4118663594470046 0.58008356545961 0.4118663594470046 0.6239554317548747 0.3922811059907834 0.6239554317548747
37 0.4176267281105991 0.58008356545961 0.4441244239631337 0.58008356545961 0.4441244239631337 0.612116991643454 0.4176267281105991 0.612116991643454
0 0.45276497695852536 0.58008356545961 0.47926267281105994 0.58008356545961 0.47926267281105994 0.6232590529247911 0.45276497695852536 0.6232590529247911
5 0.4867511520737327 0.58008356545961 0.506336405529954 0.58008356545961 0.506336405529954 0.6239554317548747 0.4867511520737327 0.6239554317548747
37 0.5132488479262672 0.58008356545961 0.5397465437788018 0.58008356545961 0.5397465437788018 0.6128133704735376 0.5132488479262672 0.6128133704735376
2 0.5455069124423964 0.58008356545961 0.5720046082949309 0.58008356545961 0.5720046082949309 0.6239554317548747 0.5455069124423964 0.6239554317548747
0 0.5777649769585254 0.58008356545961 0.6042626728110599 0.58008356545961 0.6042626728110599 0.6239554317548747 0.5777649769585254 0.6239554317548747
2 0.6123271889400922 0.58008356545961 0.6388248847926268 0.58008356545961 0.6388248847926268 0.6239554317548747 0.6123271889400922 0.6239554317548747
5 0.6457373271889401 0.58008356545961 0.6653225806451613 0.58008356545961 0.6653225806451613 0.6239554317548747 0.6457373271889401 0.6239554317548747
32 0.25 0.6337047353760445 0.2764976958525346 0.6337047353760445 0.2764976958525346 0.6768802228412256 0.25 0.6768802228412256
25 0.2834101382488479 0.6337047353760445 0.3099078341013825 0.6337047353760445 0.3099078341013825 0.6768802228412256 0.2834101382488479 0.6768802228412256
29 0.315668202764977 0.6337047353760445 0.3352534562211982 0.6337047353760445 0.3352534562211982 0.6775766016713092 0.315668202764977 0.6775766016713092
36 0.34389400921658986 0.6337047353760445 0.35656682027649766 0.6337047353760445 0.35656682027649766 0.6657381615598885 0.34389400921658986 0.6657381615598885
1 0.3623271889400922 0.6337047353760445 0.375 0.6337047353760445 0.375 0.6775766016713092 0.3623271889400922 0.6775766016713092
1 0.3836405529953917 0.6337047353760445 0.4009216589861751 0.6337047353760445 0.4009216589861751 0.6775766016713092 0.3836405529953917 0.6775766016713092
37 0.40725806451612906 0.6337047353760445 0.43375576036866365 0.6337047353760445 0.43375576036866365 0.6657381615598885 0.40725806451612906 0.6657381615598885
2 0.4423963133640553 0.6337047353760445 0.4619815668202765 0.6337047353760445 0.4619815668202765 0.6775766016713092 0.4423963133640553 0.6775766016713092
5 0.4683179723502304 0.6337047353760445 0.494815668202765 0.6337047353760445 0.494815668202765 0.6775766016713092 0.4683179723502304 0.6775766016713092
37 0.5023041474654378 0.6337047353760445 0.5288018433179724 0.6337047353760445 0.5288018433179724 0.6657381615598885 0.5023041474654378 0.6657381615598885
2 0.5374423963133641 0.6337047353760445 0.5639400921658987 0.6337047353760445 0.5639400921658987 0.6768802228412256 0.5374423963133641 0.6768802228412256
0 0.5725806451612904 0.6337047353760445 0.599078341013825 0.6337047353760445 0.599078341013825 0.6768802228412256 0.5725806451612904 0.6768802228412256
2 0.6071428571428571 0.6337047353760445 0.6336405529953917 0.6337047353760445 0.6336405529953917 0.6768802228412256 0.6071428571428571 0.6768802228412256
4 0.6411290322580645 0.6337047353760445 0.6607142857142857 0.6337047353760445 0.6607142857142857 0.6775766016713092 0.6411290322580645 0.6775766016713092
