23 0.25 0.4032033426183844 0.2695852534562212 0.4032033426183844 0.2695852534562212 0.44707520891364905 0.25 0.44707520891364905
30 0.2782258064516129 0.4032033426183844 0.2978110599078341 0.4032033426183844 0.2978110599078341 0.44707520891364905 0.2782258064516129 0.44707520891364905
10 0.30414746543778803 0.4032033426183844 0.3306451612903226 0.4032033426183844 0.3306451612903226 0.4463788300835655 0.30414746543778803 0.4463788300835655
36 0.33640552995391704 0.4032033426183844 0.347926267281106 0.4032033426183844 0.347926267281106 0.43523676880222845 0.33640552995391704 0.43523676880222845
0 0.3548387096774194 0.4032033426183844 0.37442396313364057 0.4032033426183844 0.37442396313364057 0.44707520891364905 0.3548387096774194 0.44707520891364905
7 0.3824884792626728 0.4032033426183844 0.4089861751152074 0.4032033426183844 0.4089861751152074 0.44707520891364905 0.3824884792626728 0.44707520891364905
37 0.4153225806451613 0.4032033426183844 0.4418202764976959 0.4032033426183844 0.4418202764976959 0.43523676880222845 0.4153225806451613 0.43523676880222845
1 0.4475806451612903 0.4032033426183844 0.46486175115207373 0.4032033426183844 0.46486175115207373 0.44707520891364905 0.4475806451612903 0.44707520891364905
3 0.4706221198156682 0.4032033426183844 0.4902073732718894 0.4032033426183844 0.4902073732718894 0.44707520891364905 0.4706221198156682 0.44707520891364905
37 0.4959677419354839 0.4032033426183844 0.5224654377880185 0.4032033426183844 0.5224654377880185 0.43523676880222845 0.4959677419354839 0.43523676880222845
2 0.5288018433179723 0.4032033426183844 0.5552995391705069 0.4032033426183844 0.5552995391705069 0.44707520891364905 0.5288018433179723 0.44707520891364905
0 0.5639400921658986 0.4032033426183844 0.5904377880184332 0.4032033426183844 0.5904377880184332 0.4463788300835655 0.5639400921658986 0.4463788300835655
2 0.5985023041474654 0.4032033426183844 0.625 0.4032033426183844 0.625 0.4463788300835655 0.5985023041474654 0.4463788300835655
5 0.6336405529953917 0.4032033426183844 0.6601382488479263 0.4032033426183844 0.6601382488479263 0.4463788300835655 0.6336405529953917 0.4463788300835655
30 0.25 0.4568245125348189 0.2695852534562212 0.4568245125348189 0.2695852534562212 0.5006963788300836 0.25 0.5006963788300836
34 0.27534562211981567 0.4568245125348189 0.29493087557603687 0.4568245125348189 0.29493087557603687 0.5006963788300836 0.27534562211981567 0.5006963788300836
14 0.30184331797235026 0.4568245125348189 0.32142857142857145 0.4568245125348189 0.32142857142857145 0.5013927576601671 0.30184331797235026 0.5013927576601671
36 0.3271889400921659 0.4568245125348189 0.33870967741935487 0.4568245125348189 0.33870967741935487 0.48885793871866295 0.3271889400921659 0.48885793871866295
1 0.3467741935483871 0.4568245125348189 0.35944700460829493 0.4568245125348189 0.35944700460829493 0.5013927576601671 0.3467741935483871 0.5013927576601671
2 0.3680875576036866 0.4568245125348189 0.3945852534562212 0.4568245125348189 0.3945852534562212 0.5 0.3680875576036866 0.5
37 0.4032258064516129 0.4568245125348189 0.42972350230414746 0.4568245125348189 0.42972350230414746 0.48885793871866295 0.4032258064516129 0.48885793871866295
0 0.4377880184331797 0.4568245125348189 0.4642857142857143 0.4568245125348189 0.4642857142857143 0.5 0.4377880184331797 0.5
9 0.4717741935483871 0.4568245125348189 0.4913594470046083 0.4568245125348189 0.4913594470046083 0.5006963788300836 0.4717741935483871 0.5006963788300836
37 0.4988479262672811 0.4568245125348189 0.5207373271889401 0.4568245125348189 0.5207373271889401 0.4832869080779944 0.4988479262672811 0.4832869080779944
2 0.5293778801843319 0.4568245125348189 0.5558755760368664 0.4568245125348189 0.5558755760368664 0.5 0.5293778801843319 0.5
0 0.5633640552995391 0.4568245125348189 0.5898617511520737 0.4568245125348189 0.5898617511520737 0.5 0.5633640552995391 0.5
2 0.5985023041474654 0.4568245125348189 0.6180875576036866 0.4568245125348189 0.6180875576036866 0.5006963788300836 0.5985023041474654 0.5006963788300836
4 0.6244239631336406 0.4568245125348189 0.6509216589861752 0.4568245125348189 0.6509216589861752 0.5 0.6244239631336406 0.5
