34 0.25 0.6246518105849582 0.2764976958525346 0.6246518105849582 0.2764976958525346 0.6678272980501393 0.25 0.6678272980501393
27 0.28398617511520735 0.6246518105849582 0.30357142857142855 0.6246518105849582 0.30357142857142855 0.6685236768802229 0.28398617511520735 0.6685236768802229
18 0.31048387096774194 0.6246518105849582 0.3231566820276498 0.6246518105849582 0.3231566820276498 0.6692200557103064 0.31048387096774194 0.6692200557103064
36 0.3317972350230415 0.6246518105849582 0.3433179723502304 0.6246518105849582 0.3433179723502304 0.6566852367688022 0.3317972350230415 0.6566852367688022
0 0.3490783410138249 0.6246518105849582 0.3755760368663595 0.6246518105849582 0.3755760368663595 0.6678272980501393 0.3490783410138249 0.6678272980501393
7 0.38421658986175117 0.6246518105849582 0.40380184331797236 0.6246518105849582 0.40380184331797236 0.6685236768802229 0.38421658986175117 0.6685236768802229
37 0.40956221198156684 0.6246518105849582 0.4360599078341014 0.6246518105849582 0.4360599078341014 0.6566852367688022 0.40956221198156684 0.6566852367688022
2 0.4435483870967742 0.6246518105849582 0.4700460829493088 0.6246518105849582 0.4700460829493088 0.6678272980501393 0.4435483870967742 0.6678272980501393
5 0.4763824884792627 0.6246518105849582 0.5028801843317973 0.6246518105849582 0.5028801843317973 0.6678272980501393 0.4763824884792627 0.6678272980501393
37 0.5103686635944701 0.6246518105849582 0.5368663594470047 0.6246518105849582 0.5368663594470047 0.6559888579387186 0.5103686635944701 0.6559888579387186
2 0.543778801843318 0.6246518105849582 0.5702764976958525 0.6246518105849582 0.5702764976958525 0.6685236768802229 0.543778801843318 0.6685236768802229
0 0.576036866359447 0.6246518105849582 0.6025345622119815 0.6246518105849582 0.6025345622119815 0.6685236768802229 0.576036866359447 0.6685236768802229
2 0.6105990783410138 0.6246518105849582 0.6370967741935484 0.6246518105849582 0.6370967741935484 0.6678272980501393 0.6105990783410138 0.6678272980501393
5 0.6445852534562212 0.6246518105849582 0.6641705069124424 0.6246518105849582 0.6641705069124424 0.6692200557103064 0.6445852534562212 0.6692200557103064
14 0.25 0.6782729805013927 0.2695852534562212 0.6782729805013927 0.2695852534562212 0.7221448467966574 0.25 0.7221448467966574
13 0.2782258064516129 0.6782729805013927 0.2978110599078341 0.6782729805013927 0.2978110599078341 0.7221448467966574 0.2782258064516129 0.7221448467966574
22 0.3058755760368664 0.6782729805013927 0.33237327188940097 0.6782729805013927 0.33237327188940097 0.7214484679665738 0.3058755760368664 0.7214484679665738
36 0.33986175115207373 0.6782729805013927 0.3513824884792627 0.6782729805013927 0.3513824884792627 0.7103064066852367 0.33986175115207373 0.7103064066852367
0 0.3577188940092166 0.6782729805013927 0.38421658986175117 0.6782729805013927 0.38421658986175117 0.7214484679665738 0.3577188940092166 0.7214484679665738
9 0.39285714285714285 0.6782729805013927 0.41244239631336405 0.6782729805013927 0.41244239631336405 0.7221448467966574 0.39285714285714285 0.7221448467966574
37 0.4210829493087558 0.6782729805013927 0.44758064516129037 0.6782729805013927 0.44758064516129037 0.7103064066852367 0.4210829493087558 0.7103064066852367
2 0.4539170506912442 0.6782729805013927 0.4804147465437788 0.6782729805013927 0.4804147465437788 0.7214484679665738 0.4539170506912442 0.7214484679665738
8 0.4867511520737327 0.6782729805013927 0.5132488479262672 0.6782729805013927 0.5132488479262672 0.7214484679665738 0.4867511520737327 0.7214484679665738
37 0.5190092165898618 0.6782729805013927 0.5455069124423964 0.6782729805013927 0.5455069124423964 0.7103064066852367 0.5190092165898618 0.7103064066852367
2 0.5535714285714286 0.6782729805013927 0.5800691244239632 0.6782729805013927 0.5800691244239632 0.7214484679665738 0.5535714285714286 0.7214484679665738
0 0.5858294930875576 0.6782729805013927 0.6123271889400922 0.6782729805013927 0.6123271889400922 0.7214484679665738 0.5858294930875576 0.7214484679665738
2 0.6180875576036866 0.6782729805013927 0.6376728110599078 0.6782729805013927 0.6376728110599078 0.7221448467966574 0.6180875576036866 0.7221448467966574
5 0.6451612903225806 0.6782729805013927 0.6716589861751152 0.6782729805013927 0.6716589861751152 0.7214484679665738 0.6451612903225806 0.7214484679665738
