17 0.25 0.46448467966573814 0.2695852534562212 0.46448467966573814 0.2695852534562212 0.5083565459610028 0.25 0.5083565459610028
10 0.277073732718894 0.46448467966573814 0.3035714285714286 0.46448467966573814 0.3035714285714286 0.5076601671309192 0.277073732718894 0.5076601671309192
10 0.3122119815668203 0.46448467966573814 0.33870967741935487 0.46448467966573814 0.33870967741935487 0.5076601671309192 0.3122119815668203 0.5076601671309192
36 0.3444700460829493 0.46448467966573814 0.35599078341013823 0.46448467966573814 0.35599078341013823 0.49651810584958217 0.3444700460829493 0.49651810584958217
1 0.36347926267281105 0.46448467966573814 0.3773041474654378 0.46448467966573814 0.3773041474654378 0.5083565459610028 0.36347926267281105 0.5083565459610028
1 0.3847926267281106 0.46448467966573814 0.39746543778801846 0.46448467966573814 0.39746543778801846 0.5083565459610028 0.3847926267281106 0.5083565459610028
37 0.40610599078341014 0.46448467966573814 0.43260368663594473 0.46448467966573814 0.43260368663594473 0.49651810584958217 0.40610599078341014 0.49651810584958217
2 0.4412442396313364 0.46448467966573814 0.467741935483871 0.46448467966573814 0.467741935483871 0.5076601671309192 0.4412442396313364 0.5076601671309192
2 0.4735023041474654 0.46448467966573814 0.5 0.46448467966573814 0.5 0.5076601671309192 0.4735023041474654 0.5076601671309192
37 0.5057603686635944 0.46448467966573814 0.532258064516129 0.46448467966573814 0.532258064516129 0.49651810584958217 0.5057603686635944 0.49651810584958217
2 0.5380184331797235 0.46448467966573814 0.5576036866359447 0.46448467966573814 0.5576036866359447 0.5083565459610028 0.5380184331797235 0.5083565459610028
0 0.5650921658986175 0.46448467966573814 0.5915898617511521 0.46448467966573814 0.5915898617511521 0.5083565459610028 0.5650921658986175 0.5083565459610028
2 0.6002304147465438 0.46448467966573814 0.6267281105990784 0.46448467966573814 0.6267281105990784 0.5076601671309192 0.6002304147465438 0.5076601671309192
4 0.6353686635944701 0.46448467966573814 0.6618663594470047 0.46448467966573814 0.6618663594470047 0.5076601671309192 0.6353686635944701 0.5076601671309192
34 0.25 0.5181058495821727 0.2764976958525346 0.5181058495821727 0.2764976958525346 0.5612813370473537 0.25 0.5612813370473537
21 0.2834101382488479 0.5181058495821727 0.3029953917050691 0.5181058495821727 0.3029953917050691 0.5626740947075208 0.2834101382488479 0.5626740947075208
30 0.3099078341013825 0.5181058495821727 0.3294930875576037 0.5181058495821727 0.3294930875576037 0.5626740947075208 0.3099078341013825 0.5626740947075208
36 0.3369815668202765 0.5181058495821727 0.34850230414746547 0.5181058495821727 0.34850230414746547 0.5501392757660166 0.3369815668202765 0.5501392757660166
0 0.35714285714285715 0.5181058495821727 0.37672811059907835 0.5181058495821727 0.37672811059907835 0.5619777158774373 0.35714285714285715 0.5619777158774373
1 0.38421658986175117 0.5181058495821727 0.39688940092165903 0.5181058495821727 0.39688940092165903 0.5619777158774373 0.38421658986175117 0.5619777158774373
37 0.40380184331797236 0.5181058495821727 0.43029953917050695 0.5181058495821727 0.43029953917050695 0.5501392757660166 0.40380184331797236 0.5501392757660166
0 0.43663594470046085 0.5181058495821727 0.46313364055299544 0.5181058495821727 0.46313364055299544 0.5612813370473537 0.43663594470046085 0.5612813370473537
7 0.4700460829493088 0.5181058495821727 0.48963133640552997 0.5181058495821727 0.48963133640552997 0.5619777158774373 0.4700460829493088 0.5619777158774373
37 0.49539170506912444 0.5181058495821727 0.521889400921659 0.5181058495821727 0.521889400921659 0.5501392757660166 0.49539170506912444 0.5501392757660166
2 0.5305299539170507 0.5181058495821727 0.5570276497695853 0.5181058495821727 0.5570276497695853 0.5612813370473537 0.5305299539170507 0.5612813370473537
0 0.5633640552995391 0.5181058495821727 0.5898617511520737 0.5181058495821727 0.5898617511520737 0.5612813370473537 0.5633640552995391 0.5612813370473537
2 0.5961981566820277 0.5181058495821727 0.6226958525345623 0.5181058495821727 0.6226958525345623 0.5619777158774373 0.5961981566820277 0.5619777158774373
5 0.6296082949308756 0.5181058495821727 0.6561059907834101 0.5181058495821727 0.6561059907834101 0.5612813370473537 0.6296082949308756 0.5612813370473537
