33 0.25 0.5717270194986073 0.2695852534562212 0.5717270194986073 0.2695852534562212 0.6155988857938719 0.25 0.6155988857938719
14 0.2782258064516129 0.5717270194986073 0.30472350230414746 0.5717270194986073 0.30472350230414746 0.6149025069637883 0.2782258064516129 0.6149025069637883
32 0.3127880184331797 0.5717270194986073 0.3392857142857143 0.5717270194986073 0.3392857142857143 0.6149025069637883 0.3127880184331797 0.6149025069637883
36 0.3450460829493088 0.5717270194986073 0.35195852534562216 0.5717270194986073 0.35195852534562216 0.5988857938718664 0.3450460829493088 0.5988857938718664
0 0.3588709677419355 0.5717270194986073 0.3853686635944701 0.5717270194986073 0.3853686635944701 0.6149025069637883 0.3588709677419355 0.6149025069637883
6 0.3934331797235023 0.5717270194986073 0.4130184331797235 0.5717270194986073 0.4130184331797235 0.6155988857938719 0.3934331797235023 0.6155988857938719
37 0.41877880184331795 0.5717270194986073 0.44527649769585254 0.5717270194986073 0.44527649769585254 0.6037604456824512 0.41877880184331795 0.6037604456824512
2 0.451036866359447 0.5717270194986073 0.4706221198156682 0.5717270194986073 0.4706221198156682 0.6155988857938719 0.451036866359447 0.6155988857938719
4 0.47753456221198154 0.5717270194986073 0.49711981566820274 0.5717270194986073 0.49711981566820274 0.6155988857938719 0.47753456221198154 0.6155988857938719
37 0.5040322580645161 0.5717270194986073 0.5305299539170507 0.5717270194986073 0.5305299539170507 0.6037604456824512 0.5040322580645161 0.6037604456824512
2 0.5362903225806451 0.5717270194986073 0.5627880184331797 0.5717270194986073 0.5627880184331797 0.6155988857938719 0.5362903225806451 0.6155988857938719
0 0.5702764976958525 0.5717270194986073 0.5967741935483871 0.5717270194986073 0.5967741935483871 0.6149025069637883 0.5702764976958525 0.6149025069637883
2 0.6025345622119815 0.5717270194986073 0.6290322580645161 0.5717270194986073 0.6290322580645161 0.6149025069637883 0.6025345622119815 0.6149025069637883
5 0.6370967741935484 0.5717270194986073 0.663594470046083 0.5717270194986073 0.663594470046083 0.6149025069637883 0.6370967741935484 0.6149025069637883
19 0.25 0.6253481894150418 0.27534562211981567 0.6253481894150418 0.27534562211981567 0.6692200557103064 0.25 0.6692200557103064
11 0.2816820276497696 0.6253481894150418 0.30126728110599077 0.6253481894150418 0.30126728110599077 0.6692200557103064 0.2816820276497696 0.6692200557103064
34 0.30817972350230416 0.6253481894150418 0.32776497695852536 0.6253481894150418 0.32776497695852536 0.6692200557103064 0.30817972350230416 0.6692200557103064
36 0.3352534562211982 0.6253481894150418 0.347926267281106 0.6253481894150418 0.347926267281106 0.6580779944289693 0.3352534562211982 0.6580779944289693
1 0.3548387096774194 0.6253481894150418 0.3721198156682028 0.6253481894150418 0.3721198156682028 0.6685236768802229 0.3548387096774194 0.6685236768802229
2 0.3807603686635945 0.6253481894150418 0.40034562211981567 0.6253481894150418 0.40034562211981567 0.66991643454039 0.3807603686635945 0.66991643454039
37 0.40610599078341014 0.6253481894150418 0.43260368663594473 0.6253481894150418 0.43260368663594473 0.6573816155988857 0.40610599078341014 0.6573816155988857
3 0.440668202764977 0.6253481894150418 0.46716589861751157 0.6253481894150418 0.46716589861751157 0.6692200557103064 0.440668202764977 0.6692200557103064
0 0.47580645161290325 0.6253481894150418 0.49539170506912444 0.6253481894150418 0.49539170506912444 0.66991643454039 0.47580645161290325 0.66991643454039
37 0.5034562211981567 0.6253481894150418 0.5299539170506913 0.6253481894150418 0.5299539170506913 0.6573816155988857 0.5034562211981567 0.6573816155988857
2 0.5380184331797235 0.6253481894150418 0.5645161290322581 0.6253481894150418 0.5645161290322581 0.6685236768802229 0.5380184331797235 0.6685236768802229
0 0.5731566820276498 0.6253481894150418 0.5996543778801844 0.6253481894150418 0.5996543778801844 0.6685236768802229 0.5731566820276498 0.6685236768802229
2 0.6054147465437788 0.6253481894150418 0.6319124423963134 0.6253481894150418 0.6319124423963134 0.6685236768802229 0.6054147465437788 0.6685236768802229
4 0.6388248847926268 0.6253481894150418 0.6653225806451614 0.6253481894150418 0.6653225806451614 0.6685236768802229 0.6388248847926268 0.6685236768802229
