25 0.25 0.3871866295264624 0.2764976958525346 0.3871866295264624 0.2764976958525346 0.43036211699164345 0.25 0.43036211699164345
33 0.28513824884792627 0.3871866295264624 0.31163594470046085 0.3871866295264624 0.31163594470046085 0.431058495821727 0.28513824884792627 0.431058495821727
12 0.32027649769585254 0.3871866295264624 0.33986175115207373 0.3871866295264624 0.33986175115207373 0.431058495821727 0.32027649769585254 0.431058495821727
36 0.34735023041474655 0.3871866295264624 0.3588709677419355 0.3871866295264624 0.3588709677419355 0.4192200557103064 0.34735023041474655 0.4192200557103064
0 0.3652073732718894 0.3871866295264624 0.391705069124424 0.3871866295264624 0.391705069124424 0.43036211699164345 0.3652073732718894 0.43036211699164345
9 0.40034562211981567 0.3871866295264624 0.41993087557603687 0.3871866295264624 0.41993087557603687 0.431058495821727 0.40034562211981567 0.431058495821727
37 0.42626728110599077 0.3871866295264624 0.45276497695852536 0.3871866295264624 0.45276497695852536 0.4192200557103064 0.42626728110599077 0.4192200557103064
1 0.4596774193548387 0.3871866295264624 0.4769585253456221 0.3871866295264624 0.4769585253456221 0.43036211699164345 0.4596774193548387 0.43036211699164345
3 0.483294930875576 0.3871866295264624 0.5097926267281105 0.3871866295264624 0.5097926267281105 0.43036211699164345 0.483294930875576 0.43036211699164345
37 0.5184331797235023 0.3871866295264624 0.5403225806451614 0.3871866295264624 0.5403225806451614 0.41364902506963785 0.5184331797235023 0.41364902506963785
2 0.5466589861751152 0.3871866295264624 0.5731566820276498 0.3871866295264624 0.5731566820276498 0.43036211699164345 0.5466589861751152 0.43036211699164345
0 0.5794930875576036 0.3871866295264624 0.6059907834101382 0.3871866295264624 0.6059907834101382 0.43036211699164345 0.5794930875576036 0.43036211699164345
2 0.613479262672811 0.3871866295264624 0.6399769585253456 0.3871866295264624 0.6399769585253456 0.43036211699164345 0.613479262672811 0.43036211699164345
5 0.6486175115207373 0.3871866295264624 0.6682027649769585 0.3871866295264624 0.6682027649769585 0.431058495821727 0.6486175115207373 0.431058495821727
27 0.25 0.44080779944289694 0.2764976958525346 0.44080779944289694 0.2764976958525346 0.483983286908078 0.25 0.483983286908078
34 0.28456221198156684 0.44080779944289694 0.3110599078341014 0.44080779944289694 0.3110599078341014 0.483983286908078 0.28456221198156684 0.483983286908078
10 0.3173963133640553 0.44080779944289694 0.3438940092165899 0.44080779944289694 0.3438940092165899 0.48467966573816157 0.3173963133640553 0.48467966573816157
36 0.34965437788018433 0.44080779944289694 0.3565668202764977 0.44080779944289694 0.3565668202764977 0.4672701949860724 0.34965437788018433 0.4672701949860724
0 0.36347926267281105 0.44080779944289694 0.38997695852534564 0.44080779944289694 0.38997695852534564 0.48467966573816157 0.36347926267281105 0.48467966573816157
8 0.39746543778801846 0.44080779944289694 0.42396313364055305 0.44080779944289694 0.42396313364055305 0.483983286908078 0.39746543778801846 0.483983286908078
37 0.4302995391705069 0.44080779944289694 0.456221198156682 0.44080779944289694 0.456221198156682 0.47214484679665736 0.4302995391705069 0.47214484679665736
2 0.4619815668202765 0.44080779944289694 0.4884792626728111 0.44080779944289694 0.4884792626728111 0.483983286908078 0.4619815668202765 0.483983286908078
0 0.4965437788018433 0.44080779944289694 0.5161290322580645 0.44080779944289694 0.5161290322580645 0.48467966573816157 0.4965437788018433 0.48467966573816157
37 0.5224654377880185 0.44080779944289694 0.548963133640553 0.44080779944289694 0.548963133640553 0.47284122562674097 0.5224654377880185 0.47284122562674097
2 0.5547235023041475 0.44080779944289694 0.5743087557603687 0.44080779944289694 0.5743087557603687 0.48467966573816157 0.5547235023041475 0.48467966573816157
0 0.5806451612903226 0.44080779944289694 0.6071428571428572 0.44080779944289694 0.6071428571428572 0.483983286908078 0.5806451612903226 0.483983286908078
2 0.6157834101382489 0.44080779944289694 0.6422811059907835 0.44080779944289694 0.6422811059907835 0.483983286908078 0.6157834101382489 0.483983286908078
5 0.6497695852534562 0.44080779944289694 0.6762672811059908 0.44080779944289694 0.6762672811059908 0.48467966573816157 0.6497695852534562 0.48467966573816157
