17 0.25 0.42896935933147634 0.2764976958525346 0.42896935933147634 0.2764976958525346 0.4721448467966574 0.25 0.4721448467966574
17 0.28398617511520735 0.42896935933147634 0.31048387096774194 0.42896935933147634 0.31048387096774194 0.4721448467966574 0.28398617511520735 0.4721448467966574
12 0.31797235023041476 0.42896935933147634 0.33755760368663595 0.42896935933147634 0.33755760368663595 0.47284122562674097 0.31797235023041476 0.47284122562674097
36 0.34619815668202764 0.42896935933147634 0.3588709677419355 0.42896935933147634 0.3588709677419355 0.4616991643454039 0.34619815668202764 0.4616991643454039
0 0.36463133640552997 0.42896935933147634 0.39112903225806456 0.42896935933147634 0.39112903225806456 0.4721448467966574 0.36463133640552997 0.4721448467966574
6 0.3986175115207373 0.42896935933147634 0.4182027649769585 0.42896935933147634 0.4182027649769585 0.4735376044568245 0.3986175115207373 0.4735376044568245
37 0.42626728110599077 0.42896935933147634 0.45276497695852536 0.42896935933147634 0.45276497695852536 0.46100278551532037 0.42626728110599077 0.46100278551532037
1 0.4596774193548387 0.42896935933147634 0.4769585253456221 0.42896935933147634 0.4769585253456221 0.4721448467966574 0.4596774193548387 0.4721448467966574
7 0.48502304147465436 0.42896935933147634 0.511520737327189 0.42896935933147634 0.511520737327189 0.4721448467966574 0.48502304147465436 0.4721448467966574
37 0.5201612903225806 0.42896935933147634 0.5466589861751152 0.42896935933147634 0.5466589861751152 0.46100278551532037 0.5201612903225806 0.46100278551532037
2 0.5535714285714286 0.42896935933147634 0.5731566820276498 0.42896935933147634 0.5731566820276498 0.47284122562674097 0.5535714285714286 0.47284122562674097
0 0.5800691244239631 0.42896935933147634 0.6065668202764977 0.42896935933147634 0.6065668202764977 0.47284122562674097 0.5800691244239631 0.47284122562674097
2 0.6146313364055299 0.42896935933147634 0.6411290322580645 0.42896935933147634 0.6411290322580645 0.4721448467966574 0.6146313364055299 0.4721448467966574
5 0.6474654377880185 0.42896935933147634 0.6670506912442397 0.42896935933147634 0.6670506912442397 0.47284122562674097 0.6474654377880185 0.47284122562674097
20 0.25 0.48259052924791085 0.2695852534562212 0.48259052924791085 0.2695852534562212 0.5264623955431754 0.25 0.5264623955431754
34 0.277073732718894 0.48259052924791085 0.3035714285714286 0.48259052924791085 0.3035714285714286 0.5257660167130919 0.277073732718894 0.5257660167130919
14 0.3099078341013825 0.48259052924791085 0.3364055299539171 0.48259052924791085 0.3364055299539171 0.5257660167130919 0.3099078341013825 0.5257660167130919
36 0.34389400921658986 0.48259052924791085 0.35080645161290325 0.48259052924791085 0.35080645161290325 0.5104456824512534 0.34389400921658986 0.5104456824512534
0 0.358294930875576 0.48259052924791085 0.3847926267281106 0.48259052924791085 0.3847926267281106 0.5257660167130919 0.358294930875576 0.5257660167130919
7 0.3934331797235023 0.48259052924791085 0.4130184331797235 0.48259052924791085 0.4130184331797235 0.5257660167130919 0.3934331797235023 0.5257660167130919
37 0.41993087557603687 0.48259052924791085 0.44642857142857145 0.48259052924791085 0.44642857142857145 0.5146239554317549 0.41993087557603687 0.5146239554317549
1 0.4539170506912442 0.48259052924791085 0.47119815668202764 0.48259052924791085 0.47119815668202764 0.5257660167130919 0.4539170506912442 0.5257660167130919
4 0.47868663594470046 0.48259052924791085 0.49827188940092165 0.48259052924791085 0.49827188940092165 0.5264623955431754 0.47868663594470046 0.5264623955431754
37 0.5069124423963134 0.48259052924791085 0.533410138248848 0.48259052924791085 0.533410138248848 0.5153203342618384 0.5069124423963134 0.5153203342618384
2 0.5397465437788018 0.48259052924791085 0.5662442396313364 0.48259052924791085 0.5662442396313364 0.5257660167130919 0.5397465437788018 0.5257660167130919
0 0.5731566820276498 0.48259052924791085 0.5996543778801844 0.48259052924791085 0.5996543778801844 0.5257660167130919 0.5731566820276498 0.5257660167130919
2 0.6065668202764977 0.48259052924791085 0.6261520737327189 0.48259052924791085 0.6261520737327189 0.5264623955431754 0.6065668202764977 0.5264623955431754
5 0.6324884792626728 0.48259052924791085 0.6589861751152074 0.48259052924791085 0.6589861751152074 0.5257660167130919 0.6324884792626728 0.5257660167130919
