16 0.25 0.628133704735376 0.2695852534562212 0.628133704735376 0.2695852534562212 0.6727019498607242 0.25 0.6727019498607242
24 0.277073732718894 0.628133704735376 0.3035714285714286 0.628133704735376 0.3035714285714286 0.6713091922005571 0.277073732718894 0.6713091922005571
31 0.31105990783410137 0.628133704735376 0.33755760368663595 0.628133704735376 0.33755760368663595 0.6713091922005571 0.31105990783410137 0.6713091922005571
36 0.3450460829493088 0.628133704735376 0.3565668202764977 0.628133704735376 0.3565668202764977 0.66016713091922 0.3450460829493088 0.66016713091922
0 0.36347926267281105 0.628133704735376 0.38306451612903225 0.628133704735376 0.38306451612903225 0.6720055710306406 0.36347926267281105 0.6720055710306406
8 0.391705069124424 0.628133704735376 0.4112903225806452 0.628133704735376 0.4112903225806452 0.6720055710306406 0.391705069124424 0.6720055710306406
37 0.41935483870967744 0.628133704735376 0.445852534562212 0.628133704735376 0.445852534562212 0.66016713091922 0.41935483870967744 0.66016713091922
2 0.45161290322580644 0.628133704735376 0.47119815668202764 0.628133704735376 0.47119815668202764 0.6720055710306406 0.45161290322580644 0.6720055710306406
1 0.4798387096774194 0.628133704735376 0.4971198156682028 0.628133704735376 0.4971198156682028 0.6713091922005571 0.4798387096774194 0.6713091922005571
37 0.5040322580645161 0.628133704735376 0.5305299539170507 0.628133704735376 0.5305299539170507 0.6608635097493035 0.5040322580645161 0.6608635097493035
2 0.5362903225806451 0.628133704735376 0.5627880184331797 0.628133704735376 0.5627880184331797 0.6713091922005571 0.5362903225806451 0.6713091922005571
0 0.570852534562212 0.628133704735376 0.5973502304147466 0.628133704735376 0.5973502304147466 0.6713091922005571 0.570852534562212 0.6713091922005571
2 0.6054147465437788 0.628133704735376 0.6319124423963134 0.628133704735376 0.6319124423963134 0.6713091922005571 0.6054147465437788 0.6713091922005571
5 0.6399769585253456 0.628133704735376 0.6664746543778802 0.628133704735376 0.6664746543778802 0.6713091922005571 0.6399769585253456 0.6713091922005571
23 0.25 0.6817548746518106 0.2695852534562212 0.6817548746518106 0.2695852534562212 0.7256267409470752 0.25 0.7256267409470752
34 0.2759216589861751 0.6817548746518106 0.2955069124423963 0.6817548746518106 0.2955069124423963 0.7263231197771588 0.2759216589861751 0.7263231197771588
29 0.30357142857142855 0.6817548746518106 0.33006912442396313 0.6817548746518106 0.33006912442396313 0.7256267409470752 0.30357142857142855 0.7256267409470752
36 0.3358294930875576 0.6817548746518106 0.342741935483871 0.6817548746518106 0.342741935483871 0.7089136490250697 0.3358294930875576 0.7089136490250697
1 0.34965437788018433 0.6817548746518106 0.3629032258064516 0.6817548746518106 0.3629032258064516 0.7256267409470752 0.34965437788018433 0.7256267409470752
0 0.36981566820276496 0.6817548746518106 0.38940092165898615 0.6817548746518106 0.38940092165898615 0.7256267409470752 0.36981566820276496 0.7256267409470752
37 0.39631336405529954 0.6817548746518106 0.42281105990783413 0.6817548746518106 0.42281105990783413 0.7137883008356546 0.39631336405529954 0.7137883008356546
0 0.4308755760368664 0.6817548746518106 0.45737327188940097 0.6817548746518106 0.45737327188940097 0.7249303621169917 0.4308755760368664 0.7249303621169917
2 0.4637096774193548 0.6817548746518106 0.4902073732718894 0.6817548746518106 0.4902073732718894 0.7249303621169917 0.4637096774193548 0.7249303621169917
37 0.4965437788018433 0.6817548746518106 0.5230414746543779 0.6817548746518106 0.5230414746543779 0.7137883008356546 0.4965437788018433 0.7137883008356546
2 0.5305299539170507 0.6817548746518106 0.5501152073732719 0.6817548746518106 0.5501152073732719 0.7256267409470752 0.5305299539170507 0.7256267409470752
0 0.5564516129032258 0.6817548746518106 0.576036866359447 0.6817548746518106 0.576036866359447 0.7256267409470752 0.5564516129032258 0.7256267409470752
2 0.5817972350230415 0.6817548746518106 0.6082949308755761 0.6817548746518106 0.6082949308755761 0.7256267409470752 0.5817972350230415 0.7256267409470752
5 0.6169354838709677 0.6817548746518106 0.6434331797235023 0.6817548746518106 0.6434331797235023 0.7249303621169917 0.6169354838709677 0.7249303621169917
