12 0.25 0.33356545961002787 0.2695852534562212 0.33356545961002787 0.2695852534562212 0.3774373259052925 0.25 0.3774373259052925
34 0.27764976958525345 0.33356545961002787 0.30414746543778803 0.33356545961002787 0.30414746543778803 0.37674094707520894 0.27764976958525345 0.37674094707520894
25 0.3127880184331797 0.33356545961002787 0.3392857142857143 0.33356545961002787 0.3392857142857143 0.37674094707520894 0.3127880184331797 0.37674094707520894
36 0.347926267281106 0.33356545961002787 0.35944700460829493 0.33356545961002787 0.35944700460829493 0.3655988857938719 0.347926267281106 0.3655988857938719
0 0.3680875576036866 0.33356545961002787 0.3945852534562212 0.33356545961002787 0.3945852534562212 0.37674094707520894 0.3680875576036866 0.37674094707520894
9 0.4032258064516129 0.33356545961002787 0.42972350230414746 0.33356545961002787 0.42972350230414746 0.37674094707520894 0.4032258064516129 0.37674094707520894
37 0.43605990783410137 0.33356545961002787 0.46255760368663595 0.33356545961002787 0.46255760368663595 0.3655988857938719 0.43605990783410137 0.3655988857938719
2 0.4700460829493088 0.33356545961002787 0.49654377880184336 0.33356545961002787 0.49654377880184336 0.37674094707520894 0.4700460829493088 0.37674094707520894
8 0.505184331797235 0.33356545961002787 0.5247695852534562 0.33356545961002787 0.5247695852534562 0.3774373259052925 0.505184331797235 0.3774373259052925
37 0.533410138248848 0.33356545961002787 0.5599078341013826 0.33356545961002787 0.5599078341013826 0.3655988857938719 0.533410138248848 0.3655988857938719
2 0.5668202764976958 0.33356545961002787 0.5933179723502304 0.33356545961002787 0.5933179723502304 0.37674094707520894 0.5668202764976958 0.37674094707520894
0 0.6019585253456221 0.33356545961002787 0.6215437788018433 0.33356545961002787 0.6215437788018433 0.3774373259052925 0.6019585253456221 0.3774373259052925
2 0.6273041474654378 0.33356545961002787 0.646889400921659 0.33356545961002787 0.646889400921659 0.3774373259052925 0.6273041474654378 0.3774373259052925
5 0.6555299539170507 0.33356545961002787 0.6820276497695853 0.33356545961002787 0.6820276497695853 0.37674094707520894 0.6555299539170507 0.37674094707520894
30 0.25 0.3871866295264624 0.2695852534562212 0.3871866295264624 0.2695852534562212 0.43175487465181056 0.25 0.43175487465181056
30 0.27764976958525345 0.3871866295264624 0.30414746543778803 0.3871866295264624 0.30414746543778803 0.43036211699164345 0.27764976958525345 0.43036211699164345
26 0.3099078341013825 0.3871866295264624 0.3364055299539171 0.3871866295264624 0.3364055299539171 0.43036211699164345 0.3099078341013825 0.43036211699164345
36 0.3444700460829493 0.3871866295264624 0.3571428571428571 0.3871866295264624 0.3571428571428571 0.4192200557103064 0.3444700460829493 0.4192200557103064
0 0.3640552995391705 0.3871866295264624 0.39055299539170507 0.3871866295264624 0.39055299539170507 0.43036211699164345 0.3640552995391705 0.43036211699164345
2 0.39746543778801846 0.3871866295264624 0.42396313364055305 0.3871866295264624 0.42396313364055305 0.43036211699164345 0.39746543778801846 0.43036211699164345
37 0.4314516129032258 0.3871866295264624 0.4579493087557604 0.3871866295264624 0.4579493087557604 0.41991643454038996 0.4314516129032258 0.41991643454038996
0 0.46543778801843316 0.3871866295264624 0.49193548387096775 0.3871866295264624 0.49193548387096775 0.43036211699164345 0.46543778801843316 0.43036211699164345
1 0.5005760368663594 0.3871866295264624 0.5138248847926267 0.3871866295264624 0.5138248847926267 0.43175487465181056 0.5005760368663594 0.43175487465181056
37 0.521889400921659 0.3871866295264624 0.5483870967741936 0.3871866295264624 0.5483870967741936 0.4192200557103064 0.521889400921659 0.4192200557103064
2 0.554147465437788 0.3871866295264624 0.5806451612903226 0.3871866295264624 0.5806451612903226 0.43036211699164345 0.554147465437788 0.43036211699164345
0 0.586405529953917 0.3871866295264624 0.6129032258064516 0.3871866295264624 0.6129032258064516 0.43036211699164345 0.586405529953917 0.43036211699164345
2 0.619815668202765 0.3871866295264624 0.6463133640552996 0.3871866295264624 0.6463133640552996 0.431058495821727 0.619815668202765 0.431058495821727
5 0.6543778801843319 0.3871866295264624 0.6808755760368664 0.3871866295264624 0.6808755760368664 0.43036211699164345 0.6543778801843319 0.43036211699164345
