29 0.25 0.3516713091922006 0.2695852534562212 0.3516713091922006 0.2695852534562212 0.3955431754874652 0.25 0.3955431754874652
20 0.27534562211981567 0.3516713091922006 0.29493087557603687 0.3516713091922006 0.29493087557603687 0.39623955431754876 0.27534562211981567 0.39623955431754876
17 0.30184331797235026 0.3516713091922006 0.32834101382488484 0.3516713091922006 0.32834101382488484 0.39484679665738165 0.30184331797235026 0.39484679665738165
36 0.3369815668202765 0.3516713091922006 0.3496543778801844 0.3516713091922006 0.3496543778801844 0.38440111420612816 0.3369815668202765 0.38440111420612816
1 0.3577188940092166 0.3516713091922006 0.37039170506912444 0.3516713091922006 0.37039170506912444 0.3955431754874652 0.3577188940092166 0.3955431754874652
0 0.3784562211981567 0.3516713091922006 0.4049539170506913 0.3516713091922006 0.4049539170506913 0.39484679665738165 0.3784562211981567 0.39484679665738165
37 0.4118663594470046 0.3516713091922006 0.4383640552995392 0.3516713091922006 0.4383640552995392 0.38440111420612816 0.4118663594470046 0.38440111420612816
0 0.4470046082949309 0.3516713091922006 0.47350230414746547 0.3516713091922006 0.47350230414746547 0.39484679665738165 0.4470046082949309 0.39484679665738165
9 0.4804147465437788 0.3516713091922006 0.5069124423963134 0.3516713091922006 0.5069124423963134 0.3955431754874652 0.4804147465437788 0.3955431754874652
37 0.5132488479262672 0.3516713091922006 0.5397465437788018 0.3516713091922006 0.5397465437788018 0.3837047353760446 0.5132488479262672 0.3837047353760446
2 0.5455069124423964 0.3516713091922006 0.5720046082949309 0.3516713091922006 0.5720046082949309 0.39484679665738165 0.5455069124423964 0.39484679665738165
0 0.5800691244239631 0.3516713091922006 0.5996543778801843 0.3516713091922006 0.5996543778801843 0.3955431754874652 0.5800691244239631 0.3955431754874652
2 0.6077188940092166 0.3516713091922006 0.6342165898617512 0.3516713091922006 0.6342165898617512 0.3955431754874652 0.6077188940092166 0.3955431754874652
5 0.6399769585253456 0.3516713091922006 0.6595622119815668 0.3516713091922006 0.6595622119815668 0.3955431754874652 0.6399769585253456 0.3955431754874652
10 0.25 0.4052924791086351 0.2764976958525346 0.4052924791086351 0.2764976958525346 0.44846796657381616 0.25 0.44846796657381616
15 0.28398617511520735 0.4052924791086351 0.30011520737327185 0.4052924791086351 0.30011520737327185 0.4491643454038997 0.28398617511520735 0.4491643454038997
30 0.30817972350230416 0.4052924791086351 0.32776497695852536 0.4052924791086351 0.32776497695852536 0.44986072423398327 0.30817972350230416 0.44986072423398327
36 0.33410138248847926 0.4052924791086351 0.3456221198156682 0.4052924791086351 0.3456221198156682 0.4373259052924791 0.33410138248847926 0.4373259052924791
0 0.3519585253456221 0.4052924791086351 0.3784562211981567 0.4052924791086351 0.3784562211981567 0.44846796657381616 0.3519585253456221 0.44846796657381616
7 0.3859447004608295 0.4052924791086351 0.4124423963133641 0.4052924791086351 0.4124423963133641 0.44846796657381616 0.3859447004608295 0.44846796657381616
37 0.41935483870967744 0.4052924791086351 0.445852534562212 0.4052924791086351 0.445852534562212 0.4373259052924791 0.41935483870967744 0.4373259052924791
1 0.4539170506912442 0.4052924791086351 0.466589861751152 0.4052924791086351 0.466589861751152 0.4491643454038997 0.4539170506912442 0.4491643454038997
3 0.4740783410138249 0.4052924791086351 0.5005760368663594 0.4052924791086351 0.5005760368663594 0.44846796657381616 0.4740783410138249 0.44846796657381616
37 0.5092165898617511 0.4052924791086351 0.5357142857142857 0.4052924791086351 0.5357142857142857 0.4366295264623955 0.5092165898617511 0.4366295264623955
2 0.543778801843318 0.4052924791086351 0.5702764976958525 0.4052924791086351 0.5702764976958525 0.44846796657381616 0.543778801843318 0.44846796657381616
0 0.5766129032258065 0.4052924791086351 0.6031105990783411 0.4052924791086351 0.6031105990783411 0.4491643454038997 0.5766129032258065 0.4491643454038997
2 0.6111751152073732 0.4052924791086351 0.6376728110599078 0.4052924791086351 0.6376728110599078 0.44846796657381616 0.6111751152073732 0.44846796657381616
5 0.6451612903225806 0.4052924791086351 0.6647465437788018 0.4052924791086351 0.6647465437788018 0.44986072423398327 0.6451612903225806 0.44986072423398327
