19 0.25 0.44846796657381616 0.2695852534562212 0.44846796657381616 0.2695852534562212 0.49303621169916434 0.25 0.49303621169916434
30 0.277073732718894 0.44846796657381616 0.3035714285714286 0.44846796657381616 0.3035714285714286 0.49164345403899723 0.277073732718894 0.49164345403899723
28 0.3122119815668203 0.44846796657381616 0.3317972350230415 0.44846796657381616 0.3317972350230415 0.4923398328690808 0.3122119815668203 0.4923398328690808
36 0.33986175115207373 0.44846796657381616 0.3467741935483871 0.44846796657381616 0.3467741935483871 0.4756267409470752 0.33986175115207373 0.4756267409470752
0 0.3554147465437788 0.44846796657381616 0.375 0.44846796657381616 0.375 0.4923398328690808 0.3554147465437788 0.4923398328690808
5 0.3813364055299539 0.44846796657381616 0.4078341013824885 0.44846796657381616 0.4078341013824885 0.49164345403899723 0.3813364055299539 0.49164345403899723
37 0.41647465437788017 0.44846796657381616 0.44297235023041476 0.44846796657381616 0.44297235023041476 0.4805013927576602 0.41647465437788017 0.4805013927576602
1 0.44930875576036866 0.44846796657381616 0.46198156682027647 0.44846796657381616 0.46198156682027647 0.49303621169916434 0.44930875576036866 0.49303621169916434
9 0.4700460829493088 0.44846796657381616 0.48963133640552997 0.44846796657381616 0.48963133640552997 0.4923398328690808 0.4700460829493088 0.4923398328690808
37 0.4965437788018433 0.44846796657381616 0.5230414746543779 0.44846796657381616 0.5230414746543779 0.4798050139275766 0.4965437788018433 0.4798050139275766
2 0.5311059907834101 0.44846796657381616 0.5506912442396313 0.44846796657381616 0.5506912442396313 0.4923398328690808 0.5311059907834101 0.4923398328690808
0 0.559331797235023 0.44846796657381616 0.5858294930875576 0.44846796657381616 0.5858294930875576 0.49164345403899723 0.559331797235023 0.49164345403899723
2 0.5938940092165899 0.44846796657381616 0.6203917050691244 0.44846796657381616 0.6203917050691244 0.49164345403899723 0.5938940092165899 0.49164345403899723
5 0.6267281105990783 0.44846796657381616 0.6532258064516129 0.44846796657381616 0.6532258064516129 0.49164345403899723 0.6267281105990783 0.49164345403899723
26 0.25 0.5020891364902507 0.2764976958525346 0.5020891364902507 0.2764976958525346 0.5452646239554317 0.25 0.5452646239554317
26 0.28456221198156684 0.5020891364902507 0.30414746543778803 0.5020891364902507 0.30414746543778803 0.5466573816155988 0.28456221198156684 0.5466573816155988
16 0.31048387096774194 0.5020891364902507 0.3369815668202765 0.5020891364902507 0.3369815668202765 0.5459610027855153 0.31048387096774194 0.5459610027855153
36 0.34274193548387094 0.5020891364902507 0.3554147465437788 0.5020891364902507 0.3554147465437788 0.5341225626740946 0.34274193548387094 0.5341225626740946
0 0.3617511520737327 0.5020891364902507 0.3882488479262673 0.5020891364902507 0.3882488479262673 0.5452646239554317 0.3617511520737327 0.5452646239554317
1 0.396889400921659 0.5020891364902507 0.4141705069124424 0.5020891364902507 0.4141705069124424 0.5452646239554317 0.396889400921659 0.5452646239554317
37 0.4205069124423963 0.5020891364902507 0.4470046082949309 0.5020891364902507 0.4470046082949309 0.5341225626740946 0.4205069124423963 0.5341225626740946
2 0.45276497695852536 0.5020891364902507 0.47926267281105994 0.5020891364902507 0.47926267281105994 0.5452646239554317 0.45276497695852536 0.5452646239554317
2 0.4879032258064516 0.5020891364902507 0.5144009216589862 0.5020891364902507 0.5144009216589862 0.5452646239554317 0.4879032258064516 0.5452646239554317
37 0.521889400921659 0.5020891364902507 0.5483870967741936 0.5020891364902507 0.5483870967741936 0.5341225626740946 0.521889400921659 0.5341225626740946
2 0.5564516129032258 0.5020891364902507 0.5829493087557603 0.5020891364902507 0.5829493087557603 0.5452646239554317 0.5564516129032258 0.5452646239554317
0 0.5904377880184332 0.5020891364902507 0.6169354838709677 0.5020891364902507 0.6169354838709677 0.5452646239554317 0.5904377880184332 0.5452646239554317
2 0.6238479262672811 0.5020891364902507 0.6434331797235023 0.5020891364902507 0.6434331797235023 0.5459610027855153 0.6238479262672811 0.5459610027855153
5 0.6491935483870968 0.5020891364902507 0.6756912442396313 0.5020891364902507 0.6756912442396313 0.5452646239554317 0.6491935483870968 0.5452646239554317
