17 0.25 0.5724233983286908 0.2764976958525346 0.5724233983286908 0.2764976958525346 0.6155988857938719 0.25 0.6155988857938719
24 0.28225806451612906 0.5724233983286908 0.30184331797235026 0.5724233983286908 0.30184331797235026 0.616991643454039 0.28225806451612906 0.616991643454039
28 0.309331797235023 0.5724233983286908 0.3358294930875576 0.5724233983286908 0.3358294930875576 0.6155988857938719 0.309331797235023 0.6155988857938719
36 0.3444700460829493 0.5724233983286908 0.35599078341013823 0.5724233983286908 0.35599078341013823 0.6044568245125348 0.3444700460829493 0.6044568245125348
1 0.36347926267281105 0.5724233983286908 0.3807603686635945 0.5724233983286908 0.3807603686635945 0.6155988857938719 0.36347926267281105 0.6155988857938719
2 0.38652073732718895 0.5724233983286908 0.41301843317972353 0.5724233983286908 0.41301843317972353 0.6155988857938719 0.38652073732718895 0.6155988857938719
37 0.41993087557603687 0.5724233983286908 0.44642857142857145 0.5724233983286908 0.44642857142857145 0.6044568245125348 0.41993087557603687 0.6044568245125348
0 0.4521889400921659 0.5724233983286908 0.4786866359447005 0.5724233983286908 0.4786866359447005 0.6155988857938719 0.4521889400921659 0.6155988857938719
5 0.4861751152073733 0.5724233983286908 0.5126728110599078 0.5724233983286908 0.5126728110599078 0.6162952646239555 0.4861751152073733 0.6162952646239555
37 0.5213133640552995 0.5724233983286908 0.5432027649769585 0.5724233983286908 0.5432027649769585 0.5988857938718664 0.5213133640552995 0.5988857938718664
2 0.5518433179723502 0.5724233983286908 0.5714285714285714 0.5724233983286908 0.5714285714285714 0.6162952646239555 0.5518433179723502 0.6162952646239555
0 0.5800691244239631 0.5724233983286908 0.6065668202764977 0.5724233983286908 0.6065668202764977 0.6155988857938719 0.5800691244239631 0.6155988857938719
2 0.6140552995391705 0.5724233983286908 0.6336405529953917 0.5724233983286908 0.6336405529953917 0.616991643454039 0.6140552995391705 0.616991643454039
4 0.6394009216589862 0.5724233983286908 0.6658986175115208 0.5724233983286908 0.6658986175115208 0.6155988857938719 0.6394009216589862 0.6155988857938719
24 0.25 0.6260445682451253 0.2764976958525346 0.6260445682451253 0.2764976958525346 0.6692200557103064 0.25 0.6692200557103064
23 0.2828341013824885 0.6260445682451253 0.3093317972350231 0.6260445682451253 0.3093317972350231 0.6692200557103064 0.2828341013824885 0.6692200557103064
20 0.3150921658986175 0.6260445682451253 0.3346774193548387 0.6260445682451253 0.3346774193548387 0.6706128133704735 0.3150921658986175 0.6706128133704735
36 0.34043778801843316 0.6260445682451253 0.35311059907834097 0.6260445682451253 0.35311059907834097 0.6580779944289693 0.34043778801843316 0.6580779944289693
0 0.35944700460829493 0.6260445682451253 0.3790322580645161 0.6260445682451253 0.3790322580645161 0.6706128133704735 0.35944700460829493 0.6706128133704735
5 0.38652073732718895 0.6260445682451253 0.41301843317972353 0.6260445682451253 0.41301843317972353 0.66991643454039 0.38652073732718895 0.66991643454039
37 0.4216589861751152 0.6260445682451253 0.4481566820276498 0.6260445682451253 0.4481566820276498 0.6580779944289693 0.4216589861751152 0.6580779944289693
1 0.45506912442396313 0.6260445682451253 0.47235023041474655 0.6260445682451253 0.47235023041474655 0.66991643454039 0.45506912442396313 0.66991643454039
7 0.4804147465437788 0.6260445682451253 0.5 0.6260445682451253 0.5 0.66991643454039 0.4804147465437788 0.66991643454039
37 0.5057603686635944 0.6260445682451253 0.532258064516129 0.6260445682451253 0.532258064516129 0.6580779944289693 0.5057603686635944 0.6580779944289693
2 0.5380184331797235 0.6260445682451253 0.5645161290322581 0.6260445682451253 0.5645161290322581 0.6692200557103064 0.5380184331797235 0.6692200557103064
0 0.5702764976958525 0.6260445682451253 0.5967741935483871 0.6260445682451253 0.5967741935483871 0.6692200557103064 0.5702764976958525 0.6692200557103064
2 0.6048387096774194 0.6260445682451253 0.631336405529954 0.6260445682451253 0.631336405529954 0.6692200557103064 0.6048387096774194 0.6692200557103064
5 0.6376728110599078 0.6260445682451253 0.6641705069124424 0.6260445682451253 0.6641705069124424 0.66991643454039 0.6376728110599078 0.66991643454039
