21 0.25 0.44220055710306405 0.2764976958525346 0.44220055710306405 0.2764976958525346 0.4860724233983287 0.25 0.4860724233983287
29 0.2834101382488479 0.44220055710306405 0.3029953917050691 0.44220055710306405 0.3029953917050691 0.4860724233983287 0.2834101382488479 0.4860724233983287
10 0.31163594470046085 0.44220055710306405 0.33813364055299544 0.44220055710306405 0.33813364055299544 0.4853760445682451 0.31163594470046085 0.4853760445682451
36 0.34619815668202764 0.44220055710306405 0.3588709677419355 0.44220055710306405 0.3588709677419355 0.4742339832869081 0.34619815668202764 0.4742339832869081
0 0.36463133640552997 0.44220055710306405 0.39112903225806456 0.44220055710306405 0.39112903225806456 0.4853760445682451 0.36463133640552997 0.4853760445682451
7 0.39919354838709675 0.44220055710306405 0.41877880184331795 0.44220055710306405 0.41877880184331795 0.4860724233983287 0.39919354838709675 0.4860724233983287
37 0.4245391705069124 0.44220055710306405 0.451036866359447 0.44220055710306405 0.451036866359447 0.47493036211699163 0.4245391705069124 0.47493036211699163
2 0.45910138248847926 0.44220055710306405 0.47868663594470046 0.44220055710306405 0.47868663594470046 0.4860724233983287 0.45910138248847926 0.4860724233983287
6 0.4867511520737327 0.44220055710306405 0.5132488479262672 0.44220055710306405 0.5132488479262672 0.4853760445682451 0.4867511520737327 0.4853760445682451
37 0.5195852534562212 0.44220055710306405 0.5460829493087558 0.44220055710306405 0.5460829493087558 0.4742339832869081 0.5195852534562212 0.4742339832869081
2 0.5518433179723502 0.44220055710306405 0.5783410138248848 0.44220055710306405 0.5783410138248848 0.4853760445682451 0.5518433179723502 0.4853760445682451
0 0.5852534562211982 0.44220055710306405 0.6117511520737328 0.44220055710306405 0.6117511520737328 0.4853760445682451 0.5852534562211982 0.4853760445682451
2 0.6175115207373272 0.44220055710306405 0.6370967741935484 0.44220055710306405 0.6370967741935484 0.4860724233983287 0.6175115207373272 0.4860724233983287
5 0.6434331797235023 0.44220055710306405 0.6699308755760369 0.44220055710306405 0.6699308755760369 0.4860724233983287 0.6434331797235023 0.4860724233983287
26 0.25 0.4958217270194986 0.2695852534562212 0.4958217270194986 0.2695852534562212 0.5396935933147632 0.25 0.5396935933147632
27 0.27534562211981567 0.4958217270194986 0.30184331797235026 0.4958217270194986 0.30184331797235026 0.5389972144846796 0.27534562211981567 0.5389972144846796
15 0.309331797235023 0.4958217270194986 0.3358294930875576 0.4958217270194986 0.3358294930875576 0.5389972144846796 0.309331797235023 0.5389972144846796
36 0.34389400921658986 0.4958217270194986 0.3554147465437788 0.4958217270194986 0.3554147465437788 0.5278551532033426 0.34389400921658986 0.5278551532033426
1 0.3623271889400922 0.4958217270194986 0.375 0.4958217270194986 0.375 0.5403899721448469 0.3623271889400922 0.5403899721448469
0 0.3819124423963134 0.4958217270194986 0.408410138248848 0.4958217270194986 0.408410138248848 0.5389972144846796 0.3819124423963134 0.5389972144846796
37 0.4153225806451613 0.4958217270194986 0.4418202764976959 0.4958217270194986 0.4418202764976959 0.5278551532033426 0.4153225806451613 0.5278551532033426
1 0.44873271889400923 0.4958217270194986 0.46140552995391704 0.4958217270194986 0.46140552995391704 0.5396935933147632 0.44873271889400923 0.5396935933147632
5 0.46889400921658986 0.4958217270194986 0.49539170506912444 0.4958217270194986 0.49539170506912444 0.5389972144846796 0.46889400921658986 0.5389972144846796
37 0.5023041474654378 0.4958217270194986 0.5288018433179724 0.4958217270194986 0.5288018433179724 0.5278551532033426 0.5023041474654378 0.5278551532033426
2 0.5357142857142857 0.4958217270194986 0.5622119815668203 0.4958217270194986 0.5622119815668203 0.5396935933147632 0.5357142857142857 0.5396935933147632
0 0.5685483870967742 0.4958217270194986 0.5881336405529954 0.4958217270194986 0.5881336405529954 0.5396935933147632 0.5685483870967742 0.5396935933147632
2 0.5944700460829493 0.4958217270194986 0.6140552995391705 0.4958217270194986 0.6140552995391705 0.5403899721448469 0.5944700460829493 0.5403899721448469
5 0.619815668202765 0.4958217270194986 0.6394009216589862 0.4958217270194986 0.6394009216589862 0.5396935933147632 0.619815668202765 0.5396935933147632
