30 0.25 0.5891364902506964 0.2695852534562212 0.5891364902506964 0.2695852534562212 0.633008356545961 0.25 0.633008356545961
34 0.277073732718894 0.5891364902506964 0.2966589861751152 0.5891364902506964 0.2966589861751152 0.633008356545961 0.277073732718894 0.633008356545961
10 0.30472350230414746 0.5891364902506964 0.33122119815668205 0.5891364902506964 0.33122119815668205 0.6323119777158774 0.30472350230414746 0.6323119777158774
36 0.33755760368663595 0.5891364902506964 0.3502304147465438 0.5891364902506964 0.3502304147465438 0.6211699164345403 0.33755760368663595 0.6211699164345403
0 0.358294930875576 0.5891364902506964 0.3847926267281106 0.5891364902506964 0.3847926267281106 0.6323119777158774 0.358294930875576 0.6323119777158774
4 0.3934331797235023 0.5891364902506964 0.4130184331797235 0.5891364902506964 0.4130184331797235 0.633008356545961 0.3934331797235023 0.633008356545961
37 0.41935483870967744 0.5891364902506964 0.445852534562212 0.5891364902506964 0.445852534562212 0.6211699164345403 0.41935483870967744 0.6211699164345403
3 0.4521889400921659 0.5891364902506964 0.4786866359447005 0.5891364902506964 0.4786866359447005 0.6323119777158774 0.4521889400921659 0.6323119777158774
0 0.48559907834101385 0.5891364902506964 0.5120967741935484 0.5891364902506964 0.5120967741935484 0.6323119777158774 0.48559907834101385 0.6323119777158774
37 0.5184331797235023 0.5891364902506964 0.5449308755760369 0.5891364902506964 0.5449308755760369 0.6211699164345403 0.5184331797235023 0.6211699164345403
2 0.5535714285714286 0.5891364902506964 0.5800691244239632 0.5891364902506964 0.5800691244239632 0.6323119777158774 0.5535714285714286 0.6323119777158774
0 0.5875576036866359 0.5891364902506964 0.6140552995391705 0.5891364902506964 0.6140552995391705 0.6323119777158774 0.5875576036866359 0.6323119777158774
2 0.6203917050691244 0.5891364902506964 0.646889400921659 0.5891364902506964 0.646889400921659 0.6323119777158774 0.6203917050691244 0.6323119777158774
5 0.6543778801843319 0.5891364902506964 0.6808755760368664 0.5891364902506964 0.6808755760368664 0.6323119777158774 0.6543778801843319 0.6323119777158774
35 0.25 0.6427576601671309 0.2764976958525346 0.6427576601671309 0.2764976958525346 0.6866295264623955 0.25 0.6866295264623955
20 0.2834101382488479 0.6427576601671309 0.3099078341013825 0.6427576601671309 0.3099078341013825 0.685933147632312 0.2834101382488479 0.685933147632312
21 0.3162442396313364 0.6427576601671309 0.3358294930875576 0.6427576601671309 0.3358294930875576 0.6873259052924791 0.3162442396313364 0.6873259052924791
36 0.34274193548387094 0.6427576601671309 0.3554147465437788 0.6427576601671309 0.3554147465437788 0.6747910863509748 0.34274193548387094 0.6747910863509748
0 0.3623271889400922 0.6427576601671309 0.3888248847926268 0.6427576601671309 0.3888248847926268 0.6866295264623955 0.3623271889400922 0.6866295264623955
7 0.3951612903225806 0.6427576601671309 0.4216589861751152 0.6427576601671309 0.4216589861751152 0.6866295264623955 0.3951612903225806 0.6866295264623955
37 0.4274193548387097 0.6427576601671309 0.4539170506912443 0.6427576601671309 0.4539170506912443 0.6747910863509748 0.4274193548387097 0.6747910863509748
0 0.4602534562211982 0.6427576601671309 0.48675115207373276 0.6427576601671309 0.48675115207373276 0.685933147632312 0.4602534562211982 0.685933147632312
7 0.49539170506912444 0.6427576601671309 0.5149769585253456 0.6427576601671309 0.5149769585253456 0.6866295264623955 0.49539170506912444 0.6866295264623955
37 0.5213133640552995 0.6427576601671309 0.5478110599078341 0.6427576601671309 0.5478110599078341 0.6747910863509748 0.5213133640552995 0.6747910863509748
2 0.5535714285714286 0.6427576601671309 0.5800691244239632 0.6427576601671309 0.5800691244239632 0.685933147632312 0.5535714285714286 0.685933147632312
0 0.586405529953917 0.6427576601671309 0.6059907834101382 0.6427576601671309 0.6059907834101382 0.6866295264623955 0.586405529953917 0.6866295264623955
2 0.613479262672811 0.6427576601671309 0.6399769585253456 0.6427576601671309 0.6399769585253456 0.685933147632312 0.613479262672811 0.685933147632312
5 0.6480414746543779 0.6427576601671309 0.6745391705069125 0.6427576601671309 0.6745391705069125 0.685933147632312 0.6480414746543779 0.685933147632312
