11 0.25 0.5591922005571031 0.2764976958525346 0.5591922005571031 0.2764976958525346 0.6023676880222841 0.25 0.6023676880222841
17 0.28513824884792627 0.5591922005571031 0.30472350230414746 0.5591922005571031 0.30472350230414746 0.6030640668523677 0.28513824884792627 0.6030640668523677
22 0.3127880184331797 0.5591922005571031 0.3323732718894009 0.5591922005571031 0.3323732718894009 0.6030640668523677 0.3127880184331797 0.6030640668523677
36 0.3392857142857143 0.5591922005571031 0.3519585253456221 0.5591922005571031 0.3519585253456221 0.591225626740947 0.3392857142857143 0.591225626740947
0 0.3577188940092166 0.5591922005571031 0.38421658986175117 0.5591922005571031 0.38421658986175117 0.6023676880222841 0.3577188940092166 0.6023676880222841
4 0.39055299539170507 0.5591922005571031 0.41013824884792627 0.5591922005571031 0.41013824884792627 0.6030640668523677 0.39055299539170507 0.6030640668523677
37 0.41705069124423966 0.5591922005571031 0.44354838709677424 0.5591922005571031 0.44354838709677424 0.591225626740947 0.41705069124423966 0.591225626740947
0 0.4521889400921659 0.5591922005571031 0.4717741935483871 0.5591922005571031 0.4717741935483871 0.6030640668523677 0.4521889400921659 0.6030640668523677
4 0.478110599078341 0.5591922005571031 0.5046082949308756 0.5591922005571031 0.5046082949308756 0.6023676880222841 0.478110599078341 0.6023676880222841
37 0.5126728110599078 0.5591922005571031 0.5391705069124424 0.5591922005571031 0.5391705069124424 0.5905292479108635 0.5126728110599078 0.5905292479108635
2 0.5455069124423964 0.5591922005571031 0.5650921658986175 0.5591922005571031 0.5650921658986175 0.6037604456824512 0.5455069124423964 0.6037604456824512
0 0.5731566820276498 0.5591922005571031 0.5996543778801844 0.5591922005571031 0.5996543778801844 0.6023676880222841 0.5731566820276498 0.6023676880222841
2 0.6059907834101382 0.5591922005571031 0.6324884792626728 0.5591922005571031 0.6324884792626728 0.6030640668523677 0.6059907834101382 0.6030640668523677
5 0.6405529953917051 0.5591922005571031 0.6601382488479263 0.5591922005571031 0.6601382488479263 0.6037604456824512 0.6405529953917051 0.6037604456824512
19 0.25 0.6128133704735376 0.2764976958525346 0.6128133704735376 0.2764976958525346 0.6566852367688022 0.25 0.6566852367688022
10 0.28513824884792627 0.6128133704735376 0.31163594470046085 0.6128133704735376 0.31163594470046085 0.6566852367688022 0.28513824884792627 0.6566852367688022
20 0.3185483870967742 0.6128133704735376 0.3381336405529954 0.6128133704735376 0.3381336405529954 0.6566852367688022 0.3185483870967742 0.6566852367688022
36 0.3456221198156682 0.6128133704735376 0.35829493087557607 0.6128133704735376 0.35829493087557607 0.6448467966573815 0.3456221198156682 0.6448467966573815
1 0.3663594470046083 0.6128133704735376 0.38364055299539174 0.6128133704735376 0.38364055299539174 0.6559888579387186 0.3663594470046083 0.6559888579387186
2 0.38940092165898615 0.6128133704735376 0.41589861751152074 0.6128133704735376 0.41589861751152074 0.6559888579387186 0.38940092165898615 0.6559888579387186
37 0.42223502304147464 0.6128133704735376 0.44873271889400923 0.6128133704735376 0.44873271889400923 0.6448467966573815 0.42223502304147464 0.6448467966573815
2 0.45564516129032256 0.6128133704735376 0.48214285714285715 0.6128133704735376 0.48214285714285715 0.6559888579387186 0.45564516129032256 0.6559888579387186
7 0.48847926267281105 0.6128133704735376 0.5149769585253456 0.6128133704735376 0.5149769585253456 0.6559888579387186 0.48847926267281105 0.6559888579387186
37 0.5224654377880185 0.6128133704735376 0.548963133640553 0.6128133704735376 0.548963133640553 0.6448467966573815 0.5224654377880185 0.6448467966573815
2 0.5547235023041475 0.6128133704735376 0.581221198156682 0.6128133704735376 0.581221198156682 0.6566852367688022 0.5547235023041475 0.6566852367688022
0 0.5869815668202765 0.6128133704735376 0.613479262672811 0.6128133704735376 0.613479262672811 0.6559888579387186 0.5869815668202765 0.6559888579387186
2 0.6221198156682027 0.6128133704735376 0.6486175115207373 0.6128133704735376 0.6486175115207373 0.6559888579387186 0.6221198156682027 0.6559888579387186
4 0.657258064516129 0.6128133704735376 0.6768433179723502 0.6128133704735376 0.6768433179723502 0.6566852367688022 0.657258064516129 0.6566852367688022
