22 0.25 0.4637883008356546 0.2695852534562212 0.4637883008356546 0.2695852534562212 0.5076601671309192 0.25 0.5076601671309192
29 0.2759216589861751 0.4637883008356546 0.3024193548387097 0.4637883008356546 0.3024193548387097 0.5013927576601671 0.2759216589861751 0.5013927576601671
14 0.30817972350230416 0.4637883008356546 0.33467741935483875 0.4637883008356546 0.33467741935483875 0.5069637883008357 0.30817972350230416 0.5069637883008357
36 0.3421658986175115 0.4637883008356546 0.35368663594470046 0.4637883008356546 0.35368663594470046 0.4958217270194986 0.3421658986175115 0.4958217270194986
0 0.3623271889400922 0.4637883008356546 0.3888248847926268 0.4637883008356546 0.3888248847926268 0.5069637883008357 0.3623271889400922 0.5069637883008357
6 0.3957373271889401 0.4637883008356546 0.4222350230414747 0.4637883008356546 0.4222350230414747 0.5069637883008357 0.3957373271889401 0.5069637883008357
37 0.42972350230414746 0.4637883008356546 0.45622119815668205 0.4637883008356546 0.45622119815668205 0.4958217270194986 0.42972350230414746 0.4958217270194986
0 0.46486175115207373 0.4637883008356546 0.4913594470046083 0.4637883008356546 0.4913594470046083 0.5069637883008357 0.46486175115207373 0.5069637883008357
6 0.5 0.4637883008356546 0.5264976958525346 0.4637883008356546 0.5264976958525346 0.5069637883008357 0.5 0.5069637883008357
37 0.533410138248848 0.4637883008356546 0.5599078341013826 0.4637883008356546 0.5599078341013826 0.4958217270194986 0.533410138248848 0.4958217270194986
2 0.5685483870967742 0.4637883008356546 0.5881336405529954 0.4637883008356546 0.5881336405529954 0.5076601671309192 0.5685483870967742 0.5076601671309192
0 0.5944700460829493 0.4637883008356546 0.6209677419354839 0.4637883008356546 0.6209677419354839 0.5069637883008357 0.5944700460829493 0.5069637883008357
2 0.6296082949308756 0.4637883008356546 0.6561059907834101 0.4637883008356546 0.6561059907834101 0.5069637883008357 0.6296082949308756 0.5069637883008357
5 0.663594470046083 0.4637883008356546 0.6900921658986175 0.4637883008356546 0.6900921658986175 0.5069637883008357 0.663594470046083 0.5069637883008357
30 0.25 0.5174094707520891 0.2695852534562212 0.5174094707520891 0.2695852534562212 0.5612813370473537 0.25 0.5612813370473537
10 0.2782258064516129 0.5174094707520891 0.30472350230414746 0.5174094707520891 0.30472350230414746 0.5605849582172702 0.2782258064516129 0.5605849582172702
23 0.3122119815668203 0.5174094707520891 0.33870967741935487 0.5174094707520891 0.33870967741935487 0.5605849582172702 0.3122119815668203 0.5605849582172702
36 0.3450460829493088 0.5174094707520891 0.35771889400921664 0.5174094707520891 0.35771889400921664 0.5501392757660166 0.3450460829493088 0.5501392757660166
0 0.36578341013824883 0.5174094707520891 0.3922811059907834 0.5174094707520891 0.3922811059907834 0.5605849582172702 0.36578341013824883 0.5605849582172702
4 0.3980414746543779 0.5174094707520891 0.4176267281105991 0.5174094707520891 0.4176267281105991 0.5612813370473537 0.3980414746543779 0.5612813370473537
37 0.4251152073732719 0.5174094707520891 0.4516129032258065 0.5174094707520891 0.4516129032258065 0.5494428969359331 0.4251152073732719 0.5494428969359331
0 0.4596774193548387 0.5174094707520891 0.4861751152073733 0.5174094707520891 0.4861751152073733 0.5605849582172702 0.4596774193548387 0.5605849582172702
4 0.4925115207373272 0.5174094707520891 0.5190092165898618 0.5174094707520891 0.5190092165898618 0.5605849582172702 0.4925115207373272 0.5605849582172702
37 0.5259216589861752 0.5174094707520891 0.5524193548387097 0.5174094707520891 0.5524193548387097 0.5494428969359331 0.5259216589861752 0.5494428969359331
2 0.5581797235023042 0.5174094707520891 0.5777649769585254 0.5174094707520891 0.5777649769585254 0.5619777158774373 0.5581797235023042 0.5619777158774373
0 0.5846774193548387 0.5174094707520891 0.6111751152073733 0.5174094707520891 0.6111751152073733 0.5605849582172702 0.5846774193548387 0.5605849582172702
2 0.6192396313364056 0.5174094707520891 0.6388248847926268 0.5174094707520891 0.6388248847926268 0.5619777158774373 0.6192396313364056 0.5619777158774373
5 0.6445852534562212 0.5174094707520891 0.6710829493087558 0.5174094707520891 0.6710829493087558 0.5605849582172702 0.6445852534562212 0.5605849582172702
