21 0.25 0.616991643454039 0.2695852534562212 0.616991643454039 0.2695852534562212 0.6615598885793872 0.25 0.6615598885793872
28 0.2759216589861751 0.616991643454039 0.2955069124423963 0.616991643454039 0.2955069124423963 0.6615598885793872 0.2759216589861751 0.6615598885793872
22 0.30357142857142855 0.616991643454039 0.32315668202764974 0.616991643454039 0.32315668202764974 0.6608635097493036 0.30357142857142855 0.6608635097493036
36 0.33064516129032256 0.616991643454039 0.3421658986175115 0.616991643454039 0.3421658986175115 0.6497214484679665 0.33064516129032256 0.6497214484679665
1 0.347926267281106 0.616991643454039 0.3605990783410138 0.616991643454039 0.3605990783410138 0.6608635097493036 0.347926267281106 0.6608635097493036
0 0.3675115207373272 0.616991643454039 0.39400921658986177 0.616991643454039 0.39400921658986177 0.6601671309192201 0.3675115207373272 0.6601671309192201
37 0.402073732718894 0.616991643454039 0.4285714285714286 0.616991643454039 0.4285714285714286 0.649025069637883 0.402073732718894 0.649025069637883
2 0.4349078341013825 0.616991643454039 0.4544930875576037 0.616991643454039 0.4544930875576037 0.6615598885793872 0.4349078341013825 0.6615598885793872
3 0.4602534562211982 0.616991643454039 0.48675115207373276 0.616991643454039 0.48675115207373276 0.6608635097493036 0.4602534562211982 0.6608635097493036
37 0.4942396313364055 0.616991643454039 0.5161290322580645 0.616991643454039 0.5161290322580645 0.6434540389972145 0.4942396313364055 0.6434540389972145
2 0.5236175115207373 0.616991643454039 0.5432027649769585 0.616991643454039 0.5432027649769585 0.6608635097493036 0.5236175115207373 0.6608635097493036
0 0.5495391705069125 0.616991643454039 0.5691244239631337 0.616991643454039 0.5691244239631337 0.6608635097493036 0.5495391705069125 0.6608635097493036
2 0.576036866359447 0.616991643454039 0.6025345622119815 0.616991643454039 0.6025345622119815 0.6601671309192201 0.576036866359447 0.6601671309192201
5 0.6100230414746544 0.616991643454039 0.636520737327189 0.616991643454039 0.636520737327189 0.6601671309192201 0.6100230414746544 0.6601671309192201
23 0.25 0.6706128133704735 0.2764976958525346 0.6706128133704735 0.2764976958525346 0.7137883008356546 0.25 0.7137883008356546
19 0.28398617511520735 0.6706128133704735 0.31048387096774194 0.6706128133704735 0.31048387096774194 0.7137883008356546 0.28398617511520735 0.7137883008356546
33 0.31682027649769584 0.6706128133704735 0.3433179723502304 0.6706128133704735 0.3433179723502304 0.7137883008356546 0.31682027649769584 0.7137883008356546
36 0.34965437788018433 0.6706128133704735 0.3565668202764977 0.6706128133704735 0.3565668202764977 0.6977715877437326 0.34965437788018433 0.6977715877437326
0 0.3629032258064516 0.6706128133704735 0.3824884792626728 0.6706128133704735 0.3824884792626728 0.7151810584958217 0.3629032258064516 0.7151810584958217
4 0.39055299539170507 0.6706128133704735 0.4066820276497696 0.6706128133704735 0.4066820276497696 0.7144846796657381 0.39055299539170507 0.7144846796657381
37 0.41359447004608296 0.6706128133704735 0.44009216589861755 0.6706128133704735 0.44009216589861755 0.7026462395543175 0.41359447004608296 0.7026462395543175
1 0.44585253456221197 0.6706128133704735 0.4631336405529954 0.6706128133704735 0.4631336405529954 0.7137883008356546 0.44585253456221197 0.7137883008356546
9 0.47119815668202764 0.6706128133704735 0.49078341013824883 0.6706128133704735 0.49078341013824883 0.7144846796657381 0.47119815668202764 0.7144846796657381
37 0.4971198156682028 0.6706128133704735 0.5236175115207373 0.6706128133704735 0.5236175115207373 0.7026462395543175 0.4971198156682028 0.7026462395543175
2 0.5299539170506913 0.6706128133704735 0.5564516129032259 0.6706128133704735 0.5564516129032259 0.7144846796657381 0.5299539170506913 0.7144846796657381
0 0.5633640552995391 0.6706128133704735 0.5829493087557603 0.6706128133704735 0.5829493087557603 0.7151810584958217 0.5633640552995391 0.7151810584958217
2 0.5887096774193549 0.6706128133704735 0.6152073732718895 0.6706128133704735 0.6152073732718895 0.7137883008356546 0.5887096774193549 0.7137883008356546
5 0.6232718894009217 0.6706128133704735 0.6497695852534563 0.6706128133704735 0.6497695852534563 0.7137883008356546 0.6232718894009217 0.7137883008356546
