27 0.25 0.33356545961002787 0.2695852534562212 0.33356545961002787 0.2695852534562212 0.37813370473537605 0.25 0.37813370473537605
30 0.2764976958525346 0.33356545961002787 0.3029953917050692 0.33356545961002787 0.3029953917050692 0.37674094707520894 0.2764976958525346 0.37674094707520894
17 0.31105990783410137 0.33356545961002787 0.33755760368663595 0.33356545961002787 0.33755760368663595 0.37674094707520894 0.31105990783410137 0.37674094707520894
36 0.3456221198156682 0.33356545961002787 0.3525345622119816 0.33356545961002787 0.3525345622119816 0.36002785515320335 0.3456221198156682 0.36002785515320335
0 0.358294930875576 0.33356545961002787 0.3778801843317972 0.33356545961002787 0.3778801843317972 0.3774373259052925 0.358294930875576 0.3774373259052925
3 0.38421658986175117 0.33356545961002787 0.41071428571428575 0.33356545961002787 0.41071428571428575 0.37674094707520894 0.38421658986175117 0.37674094707520894
37 0.41877880184331795 0.33356545961002787 0.44527649769585254 0.33356545961002787 0.44527649769585254 0.3655988857938719 0.41877880184331795 0.3655988857938719
0 0.4539170506912442 0.33356545961002787 0.4804147465437788 0.33356545961002787 0.4804147465437788 0.37674094707520894 0.4539170506912442 0.37674094707520894
3 0.4890552995391705 0.33356545961002787 0.5086405529953917 0.33356545961002787 0.5086405529953917 0.37813370473537605 0.4890552995391705 0.37813370473537605
37 0.5161290322580645 0.33356545961002787 0.5426267281105991 0.33356545961002787 0.5426267281105991 0.3655988857938719 0.5161290322580645 0.3655988857938719
2 0.5495391705069125 0.33356545961002787 0.5760368663594471 0.33356545961002787 0.5760368663594471 0.37674094707520894 0.5495391705069125 0.37674094707520894
0 0.5817972350230415 0.33356545961002787 0.6082949308755761 0.33356545961002787 0.6082949308755761 0.37674094707520894 0.5817972350230415 0.37674094707520894
2 0.6140552995391705 0.33356545961002787 0.6336405529953917 0.33356545961002787 0.6336405529953917 0.3774373259052925 0.6140552995391705 0.3774373259052925
5 0.6405529953917051 0.33356545961002787 0.6670506912442397 0.33356545961002787 0.6670506912442397 0.37674094707520894 0.6405529953917051 0.37674094707520894
12 0.25 0.3871866295264624 0.2764976958525346 0.3871866295264624 0.2764976958525346 0.43036211699164345 0.25 0.43036211699164345
31 0.2834101382488479 0.3871866295264624 0.3099078341013825 0.3871866295264624 0.3099078341013825 0.43036211699164345 0.2834101382488479 0.43036211699164345
31 0.3173963133640553 0.3871866295264624 0.3438940092165899 0.3871866295264624 0.3438940092165899 0.43036211699164345 0.3173963133640553 0.43036211699164345
36 0.3513824884792627 0.3871866295264624 0.35829493087557607 0.3871866295264624 0.35829493087557607 0.41364902506963785 0.3513824884792627 0.41364902506963785
0 0.3640552995391705 0.3871866295264624 0.3836405529953917 0.3871866295264624 0.3836405529953917 0.431058495821727 0.3640552995391705 0.431058495821727
9 0.3911290322580645 0.3871866295264624 0.4176267281105991 0.3871866295264624 0.4176267281105991 0.43036211699164345 0.3911290322580645 0.43036211699164345
37 0.423963133640553 0.3871866295264624 0.4504608294930876 0.3871866295264624 0.4504608294930876 0.41991643454038996 0.423963133640553 0.41991643454038996
0 0.45622119815668205 0.3871866295264624 0.48271889400921664 0.3871866295264624 0.48271889400921664 0.43036211699164345 0.45622119815668205 0.43036211699164345
3 0.4913594470046083 0.3871866295264624 0.5178571428571429 0.3871866295264624 0.5178571428571429 0.43036211699164345 0.4913594470046083 0.43036211699164345
37 0.5236175115207373 0.3871866295264624 0.5501152073732719 0.3871866295264624 0.5501152073732719 0.4192200557103064 0.5236175115207373 0.4192200557103064
2 0.5558755760368663 0.3871866295264624 0.5754608294930875 0.3871866295264624 0.5754608294930875 0.431058495821727 0.5558755760368663 0.431058495821727
0 0.5835253456221198 0.3871866295264624 0.6100230414746544 0.3871866295264624 0.6100230414746544 0.431058495821727 0.5835253456221198 0.431058495821727
2 0.6169354838709677 0.3871866295264624 0.6434331797235023 0.3871866295264624 0.6434331797235023 0.43036211699164345 0.6169354838709677 0.43036211699164345
5 0.6497695852534562 0.3871866295264624 0.6762672811059908 0.3871866295264624 0.6762672811059908 0.43036211699164345 0.6497695852534562 0.43036211699164345
