21 0.25 0.46309192200557103 0.2764976958525346 0.46309192200557103 0.2764976958525346 0.5069637883008357 0.25 0.5069637883008357
17 0.2834101382488479 0.46309192200557103 0.3099078341013825 0.46309192200557103 0.3099078341013825 0.5069637883008357 0.2834101382488479 0.5069637883008357
14 0.3173963133640553 0.46309192200557103 0.3438940092165899 0.46309192200557103 0.3438940092165899 0.5062674094707521 0.3173963133640553 0.5062674094707521
36 0.34965437788018433 0.46309192200557103 0.3611751152073733 0.46309192200557103 0.3611751152073733 0.49512534818941506 0.34965437788018433 0.49512534818941506
0 0.3675115207373272 0.46309192200557103 0.3870967741935484 0.46309192200557103 0.3870967741935484 0.5076601671309192 0.3675115207373272 0.5076601671309192
2 0.3934331797235023 0.46309192200557103 0.41993087557603687 0.46309192200557103 0.41993087557603687 0.5062674094707521 0.3934331797235023 0.5062674094707521
37 0.42684331797235026 0.46309192200557103 0.45334101382488484 0.46309192200557103 0.45334101382488484 0.49512534818941506 0.42684331797235026 0.49512534818941506
1 0.45910138248847926 0.46309192200557103 0.4717741935483871 0.46309192200557103 0.4717741935483871 0.5069637883008357 0.45910138248847926 0.5069637883008357
6 0.4792626728110599 0.46309192200557103 0.4988479262672811 0.46309192200557103 0.4988479262672811 0.5069637883008357 0.4792626728110599 0.5069637883008357
37 0.5069124423963134 0.46309192200557103 0.533410138248848 0.46309192200557103 0.533410138248848 0.49442896935933145 0.5069124423963134 0.49442896935933145
2 0.5397465437788018 0.46309192200557103 0.559331797235023 0.46309192200557103 0.559331797235023 0.5076601671309192 0.5397465437788018 0.5076601671309192
0 0.5673963133640553 0.46309192200557103 0.5938940092165899 0.46309192200557103 0.5938940092165899 0.5069637883008357 0.5673963133640553 0.5069637883008357
2 0.6025345622119815 0.46309192200557103 0.6290322580645161 0.46309192200557103 0.6290322580645161 0.5062674094707521 0.6025345622119815 0.5062674094707521
5 0.6376728110599078 0.46309192200557103 0.6641705069124424 0.46309192200557103 0.6641705069124424 0.5062674094707521 0.6376728110599078 0.5062674094707521
29 0.25 0.5167130919220055 0.2695852534562212 0.5167130919220055 0.2695852534562212 0.5605849582172702 0.25 0.5605849582172702
33 0.2764976958525346 0.5167130919220055 0.3029953917050692 0.5167130919220055 0.3029953917050692 0.5598885793871866 0.2764976958525346 0.5598885793871866
20 0.3099078341013825 0.5167130919220055 0.3364055299539171 0.5167130919220055 0.3364055299539171 0.5605849582172702 0.3099078341013825 0.5605849582172702
36 0.3444700460829493 0.5167130919220055 0.35599078341013823 0.5167130919220055 0.35599078341013823 0.5487465181058495 0.3444700460829493 0.5487465181058495
1 0.36347926267281105 0.5167130919220055 0.37615207373271886 0.5167130919220055 0.37615207373271886 0.5605849582172702 0.36347926267281105 0.5605849582172702
2 0.3819124423963134 0.5167130919220055 0.4014976958525346 0.5167130919220055 0.4014976958525346 0.5612813370473537 0.3819124423963134 0.5612813370473537
37 0.40956221198156684 0.5167130919220055 0.4360599078341014 0.5167130919220055 0.4360599078341014 0.5487465181058495 0.40956221198156684 0.5487465181058495
2 0.44297235023041476 0.5167130919220055 0.46947004608294934 0.5167130919220055 0.46947004608294934 0.5598885793871866 0.44297235023041476 0.5598885793871866
2 0.4769585253456221 0.5167130919220055 0.5034562211981567 0.5167130919220055 0.5034562211981567 0.5598885793871866 0.4769585253456221 0.5598885793871866
37 0.5103686635944701 0.5167130919220055 0.5368663594470047 0.5167130919220055 0.5368663594470047 0.5487465181058495 0.5103686635944701 0.5487465181058495
2 0.5426267281105991 0.5167130919220055 0.5622119815668203 0.5167130919220055 0.5622119815668203 0.5605849582172702 0.5426267281105991 0.5605849582172702
0 0.570852534562212 0.5167130919220055 0.5973502304147466 0.5167130919220055 0.5973502304147466 0.5598885793871866 0.570852534562212 0.5598885793871866
2 0.6048387096774194 0.5167130919220055 0.631336405529954 0.5167130919220055 0.631336405529954 0.5598885793871866 0.6048387096774194 0.5598885793871866
4 0.6382488479262672 0.5167130919220055 0.6647465437788018 0.5167130919220055 0.6647465437788018 0.5598885793871866 0.6382488479262672 0.5598885793871866
