10 0.25 0.4192200557103064 0.2695852534562212 0.4192200557103064 0.2695852534562212 0.46309192200557103 0.25 0.46309192200557103
24 0.277073732718894 0.4192200557103064 0.2966589861751152 0.4192200557103064 0.2966589861751152 0.46309192200557103 0.277073732718894 0.46309192200557103
23 0.3052995391705069 0.4192200557103064 0.3317972350230415 0.4192200557103064 0.3317972350230415 0.4623955431754875 0.3052995391705069 0.4623955431754875
36 0.3392857142857143 0.4192200557103064 0.35080645161290325 0.4192200557103064 0.35080645161290325 0.45125348189415043 0.3392857142857143 0.45125348189415043
0 0.3577188940092166 0.4192200557103064 0.38421658986175117 0.4192200557103064 0.38421658986175117 0.4623955431754875 0.3577188940092166 0.4623955431754875
7 0.3922811059907834 0.4192200557103064 0.4084101382488479 0.4192200557103064 0.4084101382488479 0.46309192200557103 0.3922811059907834 0.46309192200557103
37 0.41705069124423966 0.4192200557103064 0.44354838709677424 0.4192200557103064 0.44354838709677424 0.4505571030640668 0.41705069124423966 0.4505571030640668
0 0.4504608294930876 0.4192200557103064 0.47695852534562216 0.4192200557103064 0.47695852534562216 0.4623955431754875 0.4504608294930876 0.4623955431754875
4 0.4827188940092166 0.4192200557103064 0.5092165898617511 0.4192200557103064 0.5092165898617511 0.4623955431754875 0.4827188940092166 0.4623955431754875
37 0.5161290322580645 0.4192200557103064 0.5426267281105991 0.4192200557103064 0.5426267281105991 0.45125348189415043 0.5161290322580645 0.45125348189415043
2 0.5501152073732719 0.4192200557103064 0.5766129032258065 0.4192200557103064 0.5766129032258065 0.4623955431754875 0.5501152073732719 0.4623955431754875
0 0.5829493087557603 0.4192200557103064 0.6094470046082949 0.4192200557103064 0.6094470046082949 0.4623955431754875 0.5829493087557603 0.4623955431754875
2 0.6157834101382489 0.4192200557103064 0.6422811059907835 0.4192200557103064 0.6422811059907835 0.46309192200557103 0.6157834101382489 0.46309192200557103
5 0.6491935483870968 0.4192200557103064 0.6756912442396313 0.4192200557103064 0.6756912442396313 0.4623955431754875 0.6491935483870968 0.4623955431754875
27 0.25 0.47284122562674097 0.2695852534562212 0.47284122562674097 0.2695852534562212 0.5174094707520892 0.25 0.5174094707520892
22 0.277073732718894 0.47284122562674097 0.3035714285714286 0.47284122562674097 0.3035714285714286 0.516016713091922 0.277073732718894 0.516016713091922
27 0.31163594470046085 0.47284122562674097 0.33122119815668205 0.47284122562674097 0.33122119815668205 0.5174094707520892 0.31163594470046085 0.5174094707520892
36 0.33986175115207373 0.47284122562674097 0.35253456221198154 0.47284122562674097 0.35253456221198154 0.504874651810585 0.33986175115207373 0.504874651810585
0 0.358294930875576 0.47284122562674097 0.3847926267281106 0.47284122562674097 0.3847926267281106 0.516016713091922 0.358294930875576 0.516016713091922
4 0.3911290322580645 0.47284122562674097 0.4176267281105991 0.47284122562674097 0.4176267281105991 0.516016713091922 0.3911290322580645 0.516016713091922
37 0.42569124423963134 0.47284122562674097 0.4521889400921659 0.47284122562674097 0.4521889400921659 0.5041782729805014 0.42569124423963134 0.5041782729805014
2 0.45794930875576034 0.47284122562674097 0.48444700460829493 0.47284122562674097 0.48444700460829493 0.516016713091922 0.45794930875576034 0.516016713091922
8 0.4913594470046083 0.47284122562674097 0.5109447004608295 0.47284122562674097 0.5109447004608295 0.5167130919220055 0.4913594470046083 0.5167130919220055
37 0.5195852534562212 0.47284122562674097 0.5455069124423964 0.47284122562674097 0.5455069124423964 0.5041782729805014 0.5195852534562212 0.5041782729805014
2 0.5512672811059908 0.47284122562674097 0.570852534562212 0.47284122562674097 0.570852534562212 0.5167130919220055 0.5512672811059908 0.5167130919220055
0 0.5789170506912442 0.47284122562674097 0.6054147465437788 0.47284122562674097 0.6054147465437788 0.516016713091922 0.5789170506912442 0.516016713091922
2 0.6117511520737328 0.47284122562674097 0.6382488479262673 0.47284122562674097 0.6382488479262673 0.516016713091922 0.6117511520737328 0.516016713091922
5 0.6445852534562212 0.47284122562674097 0.6710829493087558 0.47284122562674097 0.6710829493087558 0.5167130919220055 0.6445852534562212 0.5167130919220055
