12 0.25 0.4136490250696379 0.2764976958525346 0.4136490250696379 0.2764976958525346 0.456824512534819 0.25 0.456824512534819
21 0.2834101382488479 0.4136490250696379 0.3099078341013825 0.4136490250696379 0.3099078341013825 0.456824512534819 0.2834101382488479 0.456824512534819
20 0.315668202764977 0.4136490250696379 0.3352534562211982 0.4136490250696379 0.3352534562211982 0.45752089136490254 0.315668202764977 0.45752089136490254
36 0.3415898617511521 0.4136490250696379 0.34850230414746547 0.4136490250696379 0.34850230414746547 0.44080779944289694 0.3415898617511521 0.44080779944289694
0 0.35714285714285715 0.4136490250696379 0.37672811059907835 0.4136490250696379 0.37672811059907835 0.45752089136490254 0.35714285714285715 0.45752089136490254
1 0.3824884792626728 0.4136490250696379 0.39976958525345624 0.4136490250696379 0.39976958525345624 0.456824512534819 0.3824884792626728 0.456824512534819
37 0.4055299539170507 0.4136490250696379 0.4320276497695853 0.4136490250696379 0.4320276497695853 0.4463788300835655 0.4055299539170507 0.4463788300835655
1 0.43836405529953915 0.4136490250696379 0.45103686635944695 0.4136490250696379 0.45103686635944695 0.45752089136490254 0.43836405529953915 0.45752089136490254
9 0.45794930875576034 0.4136490250696379 0.47753456221198154 0.4136490250696379 0.47753456221198154 0.45752089136490254 0.45794930875576034 0.45752089136490254
37 0.48444700460829493 0.4136490250696379 0.5109447004608295 0.4136490250696379 0.5109447004608295 0.44568245125348194 0.48444700460829493 0.44568245125348194
2 0.5195852534562212 0.4136490250696379 0.5460829493087558 0.4136490250696379 0.5460829493087558 0.456824512534819 0.5195852534562212 0.456824512534819
0 0.5535714285714286 0.4136490250696379 0.5731566820276498 0.4136490250696379 0.5731566820276498 0.45752089136490254 0.5535714285714286 0.45752089136490254
2 0.5806451612903226 0.4136490250696379 0.6071428571428572 0.4136490250696379 0.6071428571428572 0.456824512534819 0.5806451612903226 0.456824512534819
5 0.613479262672811 0.4136490250696379 0.6399769585253456 0.4136490250696379 0.6399769585253456 0.45752089136490254 0.613479262672811 0.45752089136490254
35 0.25 0.4672701949860724 0.2695852534562212 0.4672701949860724 0.2695852534562212 0.511142061281337 0.25 0.511142061281337
11 0.2782258064516129 0.4672701949860724 0.2978110599078341 0.4672701949860724 0.2978110599078341 0.511142061281337 0.2782258064516129 0.511142061281337
24 0.30414746543778803 0.4672701949860724 0.3306451612903226 0.4672701949860724 0.3306451612903226 0.5104456824512534 0.30414746543778803 0.5104456824512534
36 0.33640552995391704 0.4672701949860724 0.347926267281106 0.4672701949860724 0.347926267281106 0.49930362116991645 0.33640552995391704 0.49930362116991645
0 0.35599078341013823 0.4672701949860724 0.37557603686635943 0.4672701949860724 0.37557603686635943 0.511142061281337 0.35599078341013823 0.511142061281337
6 0.38306451612903225 0.4672701949860724 0.40956221198156684 0.4672701949860724 0.40956221198156684 0.5104456824512534 0.38306451612903225 0.5104456824512534
37 0.41705069124423966 0.4672701949860724 0.44354838709677424 0.4672701949860724 0.44354838709677424 0.5 0.41705069124423966 0.5
2 0.44930875576036866 0.4672701949860724 0.47580645161290325 0.4672701949860724 0.47580645161290325 0.5104456824512534 0.44930875576036866 0.5104456824512534
9 0.4815668202764977 0.4672701949860724 0.5011520737327189 0.4672701949860724 0.5011520737327189 0.511142061281337 0.4815668202764977 0.511142061281337
37 0.5092165898617511 0.4672701949860724 0.5357142857142857 0.4672701949860724 0.5357142857142857 0.4986072423398329 0.5092165898617511 0.4986072423398329
2 0.5443548387096774 0.4672701949860724 0.5639400921658986 0.4672701949860724 0.5639400921658986 0.511142061281337 0.5443548387096774 0.511142061281337
0 0.5714285714285714 0.4672701949860724 0.5910138248847926 0.4672701949860724 0.5910138248847926 0.511142061281337 0.5714285714285714 0.511142061281337
2 0.5985023041474654 0.4672701949860724 0.625 0.4672701949860724 0.625 0.511142061281337 0.5985023041474654 0.511142061281337
5 0.6319124423963134 0.4672701949860724 0.658410138248848 0.4672701949860724 0.658410138248848 0.5104456824512534 0.6319124423963134 0.5104456824512534
