30 0.25 0.621866295264624 0.2764976958525346 0.621866295264624 0.2764976958525346 0.6657381615598886 0.25 0.6657381615598886
23 0.28513824884792627 0.621866295264624 0.31163594470046085 0.621866295264624 0.31163594470046085 0.6650417827298051 0.28513824884792627 0.6650417827298051
20 0.3173963133640553 0.621866295264624 0.3438940092165899 0.621866295264624 0.3438940092165899 0.6650417827298051 0.3173963133640553 0.6650417827298051
36 0.3513824884792627 0.621866295264624 0.3640552995391705 0.621866295264624 0.3640552995391705 0.653899721448468 0.3513824884792627 0.653899721448468
1 0.37039170506912444 0.621866295264624 0.38767281105990786 0.621866295264624 0.38767281105990786 0.6650417827298051 0.37039170506912444 0.6650417827298051
2 0.3951612903225806 0.621866295264624 0.4216589861751152 0.621866295264624 0.4216589861751152 0.6657381615598886 0.3951612903225806 0.6657381615598886
37 0.42972350230414746 0.621866295264624 0.45622119815668205 0.621866295264624 0.45622119815668205 0.653899721448468 0.42972350230414746 0.653899721448468
2 0.46255760368663595 0.621866295264624 0.48905529953917054 0.621866295264624 0.48905529953917054 0.6650417827298051 0.46255760368663595 0.6650417827298051
5 0.49539170506912444 0.621866295264624 0.5149769585253456 0.621866295264624 0.5149769585253456 0.6664345403899722 0.49539170506912444 0.6664345403899722
37 0.5230414746543779 0.621866295264624 0.5495391705069125 0.621866295264624 0.5495391705069125 0.653899721448468 0.5230414746543779 0.653899721448468
2 0.5570276497695853 0.621866295264624 0.5835253456221199 0.621866295264624 0.5835253456221199 0.6657381615598886 0.5570276497695853 0.6657381615598886
0 0.5910138248847926 0.621866295264624 0.6175115207373272 0.621866295264624 0.6175115207373272 0.6650417827298051 0.5910138248847926 0.6650417827298051
2 0.6232718894009217 0.621866295264624 0.6497695852534563 0.621866295264624 0.6497695852534563 0.6650417827298051 0.6232718894009217 0.6650417827298051
4 0.6566820276497696 0.621866295264624 0.6831797235023042 0.621866295264624 0.6831797235023042 0.6650417827298051 0.6566820276497696 0.6650417827298051
23 0.25 0.6754874651810585 0.2695852534562212 0.6754874651810585 0.2695852534562212 0.7193593314763231 0.25 0.7193593314763231
18 0.27764976958525345 0.6754874651810585 0.29493087557603687 0.6754874651810585 0.29493087557603687 0.7186629526462396 0.27764976958525345 0.7186629526462396
34 0.30184331797235026 0.6754874651810585 0.32142857142857145 0.6754874651810585 0.32142857142857145 0.7200557103064067 0.30184331797235026 0.7200557103064067
36 0.33006912442396313 0.6754874651810585 0.3415898617511521 0.6754874651810585 0.3415898617511521 0.7075208913649025 0.33006912442396313 0.7075208913649025
1 0.34965437788018433 0.6754874651810585 0.36693548387096775 0.6754874651810585 0.36693548387096775 0.7186629526462396 0.34965437788018433 0.7186629526462396
2 0.375 0.6754874651810585 0.4014976958525346 0.6754874651810585 0.4014976958525346 0.7186629526462396 0.375 0.7186629526462396
37 0.40898617511520735 0.6754874651810585 0.43548387096774194 0.6754874651810585 0.43548387096774194 0.708217270194986 0.40898617511520735 0.708217270194986
0 0.44297235023041476 0.6754874651810585 0.46255760368663595 0.6754874651810585 0.46255760368663595 0.7193593314763231 0.44297235023041476 0.7193593314763231
3 0.47119815668202764 0.6754874651810585 0.49078341013824883 0.6754874651810585 0.49078341013824883 0.7193593314763231 0.47119815668202764 0.7193593314763231
37 0.4971198156682028 0.6754874651810585 0.5236175115207373 0.6754874651810585 0.5236175115207373 0.7075208913649025 0.4971198156682028 0.7075208913649025
2 0.532258064516129 0.6754874651810585 0.5587557603686636 0.6754874651810585 0.5587557603686636 0.7186629526462396 0.532258064516129 0.7186629526462396
0 0.5650921658986175 0.6754874651810585 0.5915898617511521 0.6754874651810585 0.5915898617511521 0.7186629526462396 0.5650921658986175 0.7186629526462396
2 0.597926267281106 0.6754874651810585 0.6175115207373272 0.6754874651810585 0.6175115207373272 0.7193593314763231 0.597926267281106 0.7193593314763231
4 0.6232718894009217 0.6754874651810585 0.6497695852534563 0.6754874651810585 0.6497695852534563 0.7186629526462396 0.6232718894009217 0.7186629526462396
