16 0.25 0.6427576601671309 0.2764976958525346 0.6427576601671309 0.2764976958525346 0.685933147632312 0.25 0.685933147632312
11 0.2834101382488479 0.6427576601671309 0.3029953917050691 0.6427576601671309 0.3029953917050691 0.6866295264623955 0.2834101382488479 0.6866295264623955
19 0.3087557603686636 0.6427576601671309 0.3352534562211982 0.6427576601671309 0.3352534562211982 0.685933147632312 0.3087557603686636 0.685933147632312
36 0.34101382488479265 0.6427576601671309 0.34792626728110604 0.6427576601671309 0.34792626728110604 0.66991643454039 0.34101382488479265 0.66991643454039
0 0.3565668202764977 0.6427576601671309 0.3830645161290323 0.6427576601671309 0.3830645161290323 0.685933147632312 0.3565668202764977 0.685933147632312
6 0.3911290322580645 0.6427576601671309 0.4107142857142857 0.6427576601671309 0.4107142857142857 0.6866295264623955 0.3911290322580645 0.6866295264623955
37 0.41647465437788017 0.6427576601671309 0.44297235023041476 0.6427576601671309 0.44297235023041476 0.6747910863509748 0.41647465437788017 0.6747910863509748
1 0.44873271889400923 0.6427576601671309 0.46140552995391704 0.6427576601671309 0.46140552995391704 0.6866295264623955 0.44873271889400923 0.6866295264623955
7 0.46889400921658986 0.6427576601671309 0.49539170506912444 0.6427576601671309 0.49539170506912444 0.6866295264623955 0.46889400921658986 0.6866295264623955
37 0.5028801843317973 0.6427576601671309 0.5293778801843319 0.6427576601671309 0.5293778801843319 0.6747910863509748 0.5028801843317973 0.6747910863509748
2 0.5351382488479263 0.6427576601671309 0.5616359447004609 0.6427576601671309 0.5616359447004609 0.685933147632312 0.5351382488479263 0.685933147632312
0 0.5685483870967742 0.6427576601671309 0.5950460829493088 0.6427576601671309 0.5950460829493088 0.685933147632312 0.5685483870967742 0.685933147632312
2 0.603110599078341 0.6427576601671309 0.6226958525345622 0.6427576601671309 0.6226958525345622 0.6866295264623955 0.603110599078341 0.6866295264623955
5 0.631336405529954 0.6427576601671309 0.6578341013824885 0.6427576601671309 0.6578341013824885 0.6866295264623955 0.631336405529954 0.6866295264623955
16 0.25 0.6963788300835655 0.2764976958525346 0.6963788300835655 0.2764976958525346 0.7395543175487466 0.25 0.7395543175487466
32 0.28398617511520735 0.6963788300835655 0.30357142857142855 0.6963788300835655 0.30357142857142855 0.7402506963788301 0.28398617511520735 0.7402506963788301
17 0.3122119815668203 0.6963788300835655 0.33870967741935487 0.6963788300835655 0.33870967741935487 0.7395543175487466 0.3122119815668203 0.7395543175487466
36 0.3456221198156682 0.6963788300835655 0.35829493087557607 0.6963788300835655 0.35829493087557607 0.7284122562674095 0.3456221198156682 0.7284122562674095
0 0.3663594470046083 0.6963788300835655 0.3928571428571429 0.6963788300835655 0.3928571428571429 0.7402506963788301 0.3663594470046083 0.7402506963788301
3 0.39919354838709675 0.6963788300835655 0.42569124423963134 0.6963788300835655 0.42569124423963134 0.7402506963788301 0.39919354838709675 0.7402506963788301
37 0.4314516129032258 0.6963788300835655 0.4579493087557604 0.6963788300835655 0.4579493087557604 0.7284122562674095 0.4314516129032258 0.7284122562674095
1 0.4637096774193548 0.6963788300835655 0.48099078341013823 0.6963788300835655 0.48099078341013823 0.7395543175487466 0.4637096774193548 0.7395543175487466
5 0.4867511520737327 0.6963788300835655 0.5132488479262672 0.6963788300835655 0.5132488479262672 0.7395543175487466 0.4867511520737327 0.7395543175487466
37 0.5207373271889401 0.6963788300835655 0.5472350230414746 0.6963788300835655 0.5472350230414746 0.729108635097493 0.5207373271889401 0.729108635097493
2 0.5558755760368663 0.6963788300835655 0.5823732718894009 0.6963788300835655 0.5823732718894009 0.7395543175487466 0.5558755760368663 0.7395543175487466
0 0.5892857142857143 0.6963788300835655 0.6088709677419355 0.6963788300835655 0.6088709677419355 0.7402506963788301 0.5892857142857143 0.7402506963788301
2 0.6163594470046083 0.6963788300835655 0.6428571428571429 0.6963788300835655 0.6428571428571429 0.7395543175487466 0.6163594470046083 0.7395543175487466
5 0.6486175115207373 0.6963788300835655 0.6682027649769585 0.6963788300835655 0.6682027649769585 0.7402506963788301 0.6486175115207373 0.7402506963788301
