28 0.25 0.6232590529247911 0.2764976958525346 0.6232590529247911 0.2764976958525346 0.6664345403899722 0.25 0.6664345403899722
17 0.2828341013824885 0.6232590529247911 0.3093317972350231 0.6232590529247911 0.3093317972350231 0.6664345403899722 0.2828341013824885 0.6664345403899722
16 0.31797235023041476 0.6232590529247911 0.34447004608294934 0.6232590529247911 0.34447004608294934 0.6664345403899722 0.31797235023041476 0.6664345403899722
36 0.3513824884792627 0.6232590529247911 0.3629032258064516 0.6232590529247911 0.3629032258064516 0.6559888579387186 0.3513824884792627 0.6559888579387186
0 0.3686635944700461 0.6232590529247911 0.3951612903225807 0.6232590529247911 0.3951612903225807 0.6671309192200557 0.3686635944700461 0.6671309192200557
3 0.40264976958525345 0.6232590529247911 0.42223502304147464 0.6232590529247911 0.42223502304147464 0.6678272980501393 0.40264976958525345 0.6678272980501393
37 0.4302995391705069 0.6232590529247911 0.4567972350230415 0.6232590529247911 0.4567972350230415 0.6552924791086351 0.4302995391705069 0.6552924791086351
2 0.4631336405529954 0.6232590529247911 0.48963133640552997 0.6232590529247911 0.48963133640552997 0.6664345403899722 0.4631336405529954 0.6664345403899722
1 0.4965437788018433 0.6232590529247911 0.5138248847926267 0.6232590529247911 0.5138248847926267 0.6671309192200557 0.4965437788018433 0.6671309192200557
37 0.5201612903225806 0.6232590529247911 0.5466589861751152 0.6232590529247911 0.5466589861751152 0.6552924791086351 0.5201612903225806 0.6552924791086351
2 0.554147465437788 0.6232590529247911 0.5737327188940092 0.6232590529247911 0.5737327188940092 0.6671309192200557 0.554147465437788 0.6671309192200557
0 0.581221198156682 0.6232590529247911 0.6077188940092166 0.6232590529247911 0.6077188940092166 0.6664345403899722 0.581221198156682 0.6664345403899722
2 0.6163594470046083 0.6232590529247911 0.6428571428571429 0.6232590529247911 0.6428571428571429 0.6671309192200557 0.6163594470046083 0.6671309192200557
5 0.6491935483870968 0.6232590529247911 0.6756912442396313 0.6232590529247911 0.6756912442396313 0.6671309192200557 0.6491935483870968 0.6671309192200557
30 0.25 0.6768802228412256 0.2764976958525346 0.6768802228412256 0.2764976958525346 0.7200557103064067 0.25 0.7200557103064067
17 0.2834101382488479 0.6768802228412256 0.3099078341013825 0.6768802228412256 0.3099078341013825 0.7200557103064067 0.2834101382488479 0.7200557103064067
35 0.3173963133640553 0.6768802228412256 0.3369815668202765 0.6768802228412256 0.3369815668202765 0.7214484679665738 0.3173963133640553 0.7214484679665738
36 0.3444700460829493 0.6768802228412256 0.35599078341013823 0.6768802228412256 0.35599078341013823 0.7096100278551531 0.3444700460829493 0.7096100278551531
1 0.3617511520737327 0.6768802228412256 0.37442396313364057 0.6768802228412256 0.37442396313364057 0.7214484679665738 0.3617511520737327 0.7214484679665738
2 0.3813364055299539 0.6768802228412256 0.4078341013824885 0.6768802228412256 0.4078341013824885 0.7200557103064067 0.3813364055299539 0.7200557103064067
37 0.41359447004608296 0.6768802228412256 0.44009216589861755 0.6768802228412256 0.44009216589861755 0.7089136490250696 0.41359447004608296 0.7089136490250696
2 0.44873271889400923 0.6768802228412256 0.4752304147465438 0.6768802228412256 0.4752304147465438 0.7200557103064067 0.44873271889400923 0.7200557103064067
9 0.4838709677419355 0.6768802228412256 0.5103686635944701 0.6768802228412256 0.5103686635944701 0.7200557103064067 0.4838709677419355 0.7200557103064067
37 0.5161290322580645 0.6768802228412256 0.5426267281105991 0.6768802228412256 0.5426267281105991 0.7096100278551531 0.5161290322580645 0.7096100278551531
2 0.5506912442396313 0.6768802228412256 0.5702764976958525 0.6768802228412256 0.5702764976958525 0.7214484679665738 0.5506912442396313 0.7214484679665738
0 0.5783410138248848 0.6768802228412256 0.6048387096774194 0.6768802228412256 0.6048387096774194 0.7200557103064067 0.5783410138248848 0.7200557103064067
2 0.613479262672811 0.6768802228412256 0.6399769585253456 0.6768802228412256 0.6399769585253456 0.7200557103064067 0.613479262672811 0.7200557103064067
4 0.646889400921659 0.6768802228412256 0.6733870967741936 0.6768802228412256 0.6733870967741936 0.7200557103064067 0.646889400921659 0.7200557103064067
