31 0.25 0.43175487465181056 0.2695852534562212 0.43175487465181056 0.2695852534562212 0.4756267409470752 0.25 0.4756267409470752
24 0.27764976958525345 0.43175487465181056 0.29723502304147464 0.43175487465181056 0.29723502304147464 0.4756267409470752 0.27764976958525345 0.4756267409470752
12 0.30414746543778803 0.43175487465181056 0.3306451612903226 0.43175487465181056 0.3306451612903226 0.4756267409470752 0.30414746543778803 0.4756267409470752
36 0.3387096774193548 0.43175487465181056 0.35023041474654376 0.43175487465181056 0.35023041474654376 0.4637883008356546 0.3387096774193548 0.4637883008356546
0 0.3577188940092166 0.43175487465181056 0.3773041474654378 0.43175487465181056 0.3773041474654378 0.4756267409470752 0.3577188940092166 0.4756267409470752
3 0.3859447004608295 0.43175487465181056 0.4124423963133641 0.43175487465181056 0.4124423963133641 0.47493036211699163 0.3859447004608295 0.47493036211699163
37 0.41877880184331795 0.43175487465181056 0.44527649769585254 0.43175487465181056 0.44527649769585254 0.4637883008356546 0.41877880184331795 0.4637883008356546
2 0.451036866359447 0.43175487465181056 0.4706221198156682 0.43175487465181056 0.4706221198156682 0.4756267409470752 0.451036866359447 0.4756267409470752
1 0.4792626728110599 0.43175487465181056 0.49193548387096775 0.43175487465181056 0.49193548387096775 0.4756267409470752 0.4792626728110599 0.4756267409470752
37 0.49942396313364057 0.43175487465181056 0.5259216589861752 0.43175487465181056 0.5259216589861752 0.4637883008356546 0.49942396313364057 0.4637883008356546
2 0.532258064516129 0.43175487465181056 0.5587557603686636 0.43175487465181056 0.5587557603686636 0.47493036211699163 0.532258064516129 0.47493036211699163
0 0.565668202764977 0.43175487465181056 0.5852534562211982 0.43175487465181056 0.5852534562211982 0.4756267409470752 0.565668202764977 0.4756267409470752
2 0.591589861751152 0.43175487465181056 0.6180875576036866 0.43175487465181056 0.6180875576036866 0.4756267409470752 0.591589861751152 0.4756267409470752
5 0.6261520737327189 0.43175487465181056 0.6457373271889401 0.43175487465181056 0.6457373271889401 0.4756267409470752 0.6261520737327189 0.4756267409470752
26 0.25 0.4853760445682451 0.2764976958525346 0.4853760445682451 0.2764976958525346 0.5285515320334262 0.25 0.5285515320334262
26 0.28225806451612906 0.4853760445682451 0.30875576036866365 0.4853760445682451 0.30875576036866365 0.5285515320334262 0.28225806451612906 0.5285515320334262
31 0.31451612903225806 0.4853760445682451 0.33410138248847926 0.4853760445682451 0.33410138248847926 0.5292479108635098 0.31451612903225806 0.5292479108635098
36 0.3415898617511521 0.4853760445682451 0.34850230414746547 0.4853760445682451 0.34850230414746547 0.5125348189415042 0.3415898617511521 0.5125348189415042
0 0.3565668202764977 0.4853760445682451 0.3830645161290323 0.4853760445682451 0.3830645161290323 0.5285515320334262 0.3565668202764977 0.5285515320334262
7 0.3911290322580645 0.4853760445682451 0.4176267281105991 0.4853760445682451 0.4176267281105991 0.5285515320334262 0.3911290322580645 0.5285515320334262
37 0.4245391705069124 0.4853760445682451 0.451036866359447 0.4853760445682451 0.451036866359447 0.5174094707520891 0.4245391705069124 0.5174094707520891
0 0.4567972350230415 0.4853760445682451 0.48329493087557607 0.4853760445682451 0.48329493087557607 0.5285515320334262 0.4567972350230415 0.5285515320334262
7 0.48963133640552997 0.4853760445682451 0.5161290322580645 0.4853760445682451 0.5161290322580645 0.5285515320334262 0.48963133640552997 0.5285515320334262
37 0.5247695852534562 0.4853760445682451 0.5512672811059908 0.4853760445682451 0.5512672811059908 0.5174094707520891 0.5247695852534562 0.5174094707520891
2 0.559331797235023 0.4853760445682451 0.5858294930875576 0.4853760445682451 0.5858294930875576 0.5292479108635098 0.559331797235023 0.5292479108635098
0 0.5933179723502304 0.4853760445682451 0.6129032258064516 0.4853760445682451 0.6129032258064516 0.5299442896935933 0.5933179723502304 0.5299442896935933
2 0.6209677419354839 0.4853760445682451 0.6405529953917051 0.4853760445682451 0.6405529953917051 0.5292479108635098 0.6209677419354839 0.5292479108635098
5 0.646889400921659 0.4853760445682451 0.6664746543778802 0.4853760445682451 0.6664746543778802 0.5292479108635098 0.646889400921659 0.5292479108635098
