18 0.25 0.5682451253481894 0.2626728110599078 0.5682451253481894 0.2626728110599078 0.612116991643454 0.25 0.612116991643454
21 0.2695852534562212 0.5682451253481894 0.2960829493087558 0.5682451253481894 0.2960829493087558 0.6114206128133705 0.2695852534562212 0.6114206128133705
33 0.30357142857142855 0.5682451253481894 0.33006912442396313 0.5682451253481894 0.33006912442396313 0.6114206128133705 0.30357142857142855 0.6114206128133705
36 0.3387096774193548 0.5682451253481894 0.35023041474654376 0.5682451253481894 0.35023041474654376 0.6002785515320334 0.3387096774193548 0.6002785515320334
0 0.3577188940092166 0.5682451253481894 0.3773041474654378 0.5682451253481894 0.3773041474654378 0.612116991643454 0.3577188940092166 0.612116991643454
8 0.38421658986175117 0.5682451253481894 0.41071428571428575 0.5682451253481894 0.41071428571428575 0.6114206128133705 0.38421658986175117 0.6114206128133705
37 0.4176267281105991 0.5682451253481894 0.4441244239631337 0.5682451253481894 0.4441244239631337 0.6002785515320334 0.4176267281105991 0.6002785515320334
0 0.4504608294930876 0.5682451253481894 0.47695852534562216 0.5682451253481894 0.47695852534562216 0.6114206128133705 0.4504608294930876 0.6114206128133705
1 0.48502304147465436 0.5682451253481894 0.5023041474654377 0.5682451253481894 0.5023041474654377 0.6114206128133705 0.48502304147465436 0.6114206128133705
37 0.5097926267281107 0.5682451253481894 0.5362903225806452 0.5682451253481894 0.5362903225806452 0.6002785515320334 0.5097926267281107 0.6002785515320334
2 0.5426267281105991 0.5682451253481894 0.5622119815668203 0.5682451253481894 0.5622119815668203 0.612116991643454 0.5426267281105991 0.612116991643454
0 0.5691244239631337 0.5682451253481894 0.5887096774193549 0.5682451253481894 0.5887096774193549 0.612116991643454 0.5691244239631337 0.612116991643454
2 0.5944700460829493 0.5682451253481894 0.6209677419354839 0.5682451253481894 0.6209677419354839 0.6114206128133705 0.5944700460829493 0.6114206128133705
5 0.6273041474654378 0.5682451253481894 0.6538018433179724 0.5682451253481894 0.6538018433179724 0.6114206128133705 0.6273041474654378 0.6114206128133705
34 0.25 0.621866295264624 0.2695852534562212 0.621866295264624 0.2695852534562212 0.6657381615598886 0.25 0.6657381615598886
10 0.27534562211981567 0.621866295264624 0.30184331797235026 0.621866295264624 0.30184331797235026 0.6650417827298051 0.27534562211981567 0.6650417827298051
24 0.3099078341013825 0.621866295264624 0.3364055299539171 0.621866295264624 0.3364055299539171 0.6650417827298051 0.3099078341013825 0.6650417827298051
36 0.3444700460829493 0.621866295264624 0.3513824884792627 0.621866295264624 0.3513824884792627 0.6497214484679666 0.3444700460829493 0.6497214484679666
0 0.3588709677419355 0.621866295264624 0.3853686635944701 0.621866295264624 0.3853686635944701 0.6650417827298051 0.3588709677419355 0.6650417827298051
6 0.3922811059907834 0.621866295264624 0.418778801843318 0.621866295264624 0.418778801843318 0.6650417827298051 0.3922811059907834 0.6650417827298051
37 0.42684331797235026 0.621866295264624 0.45334101382488484 0.621866295264624 0.45334101382488484 0.653899721448468 0.42684331797235026 0.653899721448468
0 0.45910138248847926 0.621866295264624 0.48559907834101385 0.621866295264624 0.48559907834101385 0.6650417827298051 0.45910138248847926 0.6650417827298051
7 0.4913594470046083 0.621866295264624 0.5178571428571429 0.621866295264624 0.5178571428571429 0.6657381615598886 0.4913594470046083 0.6657381615598886
37 0.5247695852534562 0.621866295264624 0.5512672811059908 0.621866295264624 0.5512672811059908 0.653899721448468 0.5247695852534562 0.653899721448468
2 0.559331797235023 0.621866295264624 0.5858294930875576 0.621866295264624 0.5858294930875576 0.6657381615598886 0.559331797235023 0.6657381615598886
0 0.591589861751152 0.621866295264624 0.6180875576036866 0.621866295264624 0.6180875576036866 0.6650417827298051 0.591589861751152 0.6650417827298051
2 0.6267281105990783 0.621866295264624 0.6463133640552995 0.621866295264624 0.6463133640552995 0.6664345403899722 0.6267281105990783 0.6664345403899722
5 0.652073732718894 0.621866295264624 0.6785714285714286 0.621866295264624 0.6785714285714286 0.6650417827298051 0.652073732718894 0.6650417827298051
