26 0.25 0.3732590529247911 0.2695852534562212 0.3732590529247911 0.2695852534562212 0.41713091922005574 0.25 0.41713091922005574
18 0.277073732718894 0.3732590529247911 0.29435483870967744 0.3732590529247911 0.29435483870967744 0.4164345403899722 0.277073732718894 0.4164345403899722
34 0.30126728110599077 0.3732590529247911 0.32085253456221197 0.3732590529247911 0.32085253456221197 0.41713091922005574 0.30126728110599077 0.41713091922005574
36 0.3294930875576037 0.3732590529247911 0.34216589861751157 0.3732590529247911 0.34216589861751157 0.40529247910863514 0.3294930875576037 0.40529247910863514
1 0.3485023041474654 0.3732590529247911 0.3611751152073732 0.3732590529247911 0.3611751152073732 0.4164345403899722 0.3485023041474654 0.4164345403899722
2 0.3686635944700461 0.3732590529247911 0.3951612903225807 0.3732590529247911 0.3951612903225807 0.4164345403899722 0.3686635944700461 0.4164345403899722
37 0.4009216589861751 0.3732590529247911 0.4274193548387097 0.3732590529247911 0.4274193548387097 0.4059888579387187 0.4009216589861751 0.4059888579387187
3 0.4337557603686636 0.3732590529247911 0.4602534562211982 0.3732590529247911 0.4602534562211982 0.41713091922005574 0.4337557603686636 0.41713091922005574
1 0.46601382488479265 0.3732590529247911 0.48329493087557607 0.3732590529247911 0.48329493087557607 0.4164345403899722 0.46601382488479265 0.4164345403899722
37 0.48963133640552997 0.3732590529247911 0.5161290322580645 0.3732590529247911 0.5161290322580645 0.4059888579387187 0.48963133640552997 0.4059888579387187
2 0.5230414746543779 0.3732590529247911 0.5426267281105991 0.3732590529247911 0.5426267281105991 0.41713091922005574 0.5230414746543779 0.41713091922005574
0 0.5501152073732719 0.3732590529247911 0.5766129032258065 0.3732590529247911 0.5766129032258065 0.4164345403899722 0.5501152073732719 0.4164345403899722
2 0.5829493087557603 0.3732590529247911 0.6025345622119815 0.3732590529247911 0.6025345622119815 0.41713091922005574 0.5829493087557603 0.41713091922005574
4 0.6111751152073732 0.3732590529247911 0.6307603686635944 0.3732590529247911 0.6307603686635944 0.4178272980501393 0.6111751152073732 0.4178272980501393
19 0.25 0.4268802228412256 0.2764976958525346 0.4268802228412256 0.2764976958525346 0.47075208913649025 0.25 0.47075208913649025
19 0.2834101382488479 0.4268802228412256 0.3029953917050691 0.4268802228412256 0.3029953917050691 0.47075208913649025 0.2834101382488479 0.47075208913649025
23 0.309331797235023 0.4268802228412256 0.3289170506912442 0.4268802228412256 0.3289170506912442 0.47075208913649025 0.309331797235023 0.47075208913649025
36 0.3358294930875576 0.4268802228412256 0.3485023041474654 0.4268802228412256 0.3485023041474654 0.45891364902506965 0.3358294930875576 0.45891364902506965
0 0.35599078341013823 0.4268802228412256 0.3824884792626728 0.4268802228412256 0.3824884792626728 0.4700557103064067 0.35599078341013823 0.4700557103064067
3 0.3888248847926267 0.4268802228412256 0.4084101382488479 0.4268802228412256 0.4084101382488479 0.47075208913649025 0.3888248847926267 0.47075208913649025
37 0.4147465437788018 0.4268802228412256 0.4412442396313364 0.4268802228412256 0.4412442396313364 0.45891364902506965 0.4147465437788018 0.45891364902506965
2 0.4498847926267281 0.4268802228412256 0.4763824884792627 0.4268802228412256 0.4763824884792627 0.4700557103064067 0.4498847926267281 0.4700557103064067
1 0.483294930875576 0.4268802228412256 0.4994239631336405 0.4268802228412256 0.4994239631336405 0.47075208913649025 0.483294930875576 0.47075208913649025
37 0.505184331797235 0.4268802228412256 0.5316820276497696 0.4268802228412256 0.5316820276497696 0.45891364902506965 0.505184331797235 0.45891364902506965
2 0.5397465437788018 0.4268802228412256 0.5662442396313364 0.4268802228412256 0.5662442396313364 0.4700557103064067 0.5397465437788018 0.4700557103064067
0 0.5725806451612904 0.4268802228412256 0.599078341013825 0.4268802228412256 0.599078341013825 0.4700557103064067 0.5725806451612904 0.4700557103064067
2 0.6048387096774194 0.4268802228412256 0.631336405529954 0.4268802228412256 0.631336405529954 0.47075208913649025 0.6048387096774194 0.47075208913649025
5 0.6399769585253456 0.4268802228412256 0.6664746543778802 0.4268802228412256 0.6664746543778802 0.4700557103064067 0.6399769585253456 0.4700557103064067
