24 0.25 0.4296657381615599 0.2695852534562212 0.4296657381615599 0.2695852534562212 0.4735376044568245 0.25 0.4735376044568245
21 0.2759216589861751 0.4296657381615599 0.3024193548387097 0.4296657381615599 0.3024193548387097 0.47284122562674097 0.2759216589861751 0.47284122562674097
34 0.3087557603686636 0.4296657381615599 0.3352534562211982 0.4296657381615599 0.3352534562211982 0.47284122562674097 0.3087557603686636 0.47284122562674097
36 0.34101382488479265 0.4296657381615599 0.3536866359447005 0.4296657381615599 0.3536866359447005 0.4623955431754875 0.34101382488479265 0.4623955431754875
0 0.36002304147465436 0.4296657381615599 0.38652073732718895 0.4296657381615599 0.38652073732718895 0.47284122562674097 0.36002304147465436 0.47284122562674097
2 0.39285714285714285 0.4296657381615599 0.41244239631336405 0.4296657381615599 0.41244239631336405 0.4735376044568245 0.39285714285714285 0.4735376044568245
37 0.4210829493087558 0.4296657381615599 0.44758064516129037 0.4296657381615599 0.44758064516129037 0.4616991643454039 0.4210829493087558 0.4616991643454039
0 0.4539170506912442 0.4296657381615599 0.4804147465437788 0.4296657381615599 0.4804147465437788 0.47284122562674097 0.4539170506912442 0.47284122562674097
5 0.4867511520737327 0.4296657381615599 0.5132488479262672 0.4296657381615599 0.5132488479262672 0.47284122562674097 0.4867511520737327 0.47284122562674097
37 0.5190092165898618 0.4296657381615599 0.5455069124423964 0.4296657381615599 0.5455069124423964 0.4616991643454039 0.5190092165898618 0.4616991643454039
2 0.554147465437788 0.4296657381615599 0.5737327188940092 0.4296657381615599 0.5737327188940092 0.4735376044568245 0.554147465437788 0.4735376044568245
0 0.5806451612903226 0.4296657381615599 0.6002304147465438 0.4296657381615599 0.6002304147465438 0.4735376044568245 0.5806451612903226 0.4735376044568245
2 0.6077188940092166 0.4296657381615599 0.6342165898617512 0.4296657381615599 0.6342165898617512 0.47284122562674097 0.6077188940092166 0.47284122562674097
5 0.6405529953917051 0.4296657381615599 0.6670506912442397 0.4296657381615599 0.6670506912442397 0.47284122562674097 0.6405529953917051 0.47284122562674097
29 0.25 0.4832869080779944 0.2695852534562212 0.4832869080779944 0.2695852534562212 0.5264623955431754 0.25 0.5264623955431754
25 0.27764976958525345 0.4832869080779944 0.29377880184331795 0.4832869080779944 0.29377880184331795 0.527158774373259 0.27764976958525345 0.527158774373259
27 0.30069124423963134 0.4832869080779944 0.32027649769585254 0.4832869080779944 0.32027649769585254 0.527158774373259 0.30069124423963134 0.527158774373259
36 0.326036866359447 0.4832869080779944 0.33755760368663595 0.4832869080779944 0.33755760368663595 0.5153203342618384 0.326036866359447 0.5153203342618384
1 0.34619815668202764 0.4832869080779944 0.36347926267281105 0.4832869080779944 0.36347926267281105 0.5264623955431754 0.34619815668202764 0.5264623955431754
2 0.3709677419354839 0.4832869080779944 0.39746543778801846 0.4832869080779944 0.39746543778801846 0.527158774373259 0.3709677419354839 0.527158774373259
37 0.40380184331797236 0.4832869080779944 0.43029953917050695 0.4832869080779944 0.43029953917050695 0.5146239554317549 0.40380184331797236 0.5146239554317549
1 0.43894009216589863 0.4832869080779944 0.4516129032258065 0.4832869080779944 0.4516129032258065 0.527158774373259 0.43894009216589863 0.527158774373259
5 0.45910138248847926 0.4832869080779944 0.47868663594470046 0.4832869080779944 0.47868663594470046 0.527158774373259 0.45910138248847926 0.527158774373259
37 0.4873271889400922 0.4832869080779944 0.5138248847926268 0.4832869080779944 0.5138248847926268 0.5153203342618384 0.4873271889400922 0.5153203342618384
2 0.521889400921659 0.4832869080779944 0.5483870967741936 0.4832869080779944 0.5483870967741936 0.527158774373259 0.521889400921659 0.527158774373259
0 0.5547235023041475 0.4832869080779944 0.581221198156682 0.4832869080779944 0.581221198156682 0.527158774373259 0.5547235023041475 0.527158774373259
2 0.5869815668202765 0.4832869080779944 0.613479262672811 0.4832869080779944 0.613479262672811 0.527158774373259 0.5869815668202765 0.527158774373259
4 0.6215437788018433 0.4832869080779944 0.6411290322580645 0.4832869080779944 0.6411290322580645 0.527158774373259 0.6215437788018433 0.527158774373259
