35 0.25 0.3363509749303621 0.2695852534562212 0.3363509749303621 0.2695852534562212 0.3802228412256267 0.25 0.3802228412256267
15 0.27764976958525345 0.3363509749303621 0.29723502304147464 0.3363509749303621 0.29723502304147464 0.3809192200557103 0.27764976958525345 0.3809192200557103
17 0.30414746543778803 0.3363509749303621 0.32373271889400923 0.3363509749303621 0.32373271889400923 0.3802228412256267 0.30414746543778803 0.3802228412256267
36 0.33064516129032256 0.3363509749303621 0.3433179723502304 0.3363509749303621 0.3433179723502304 0.3683844011142061 0.33064516129032256 0.3683844011142061
0 0.3519585253456221 0.3363509749303621 0.3784562211981567 0.3363509749303621 0.3784562211981567 0.37952646239554316 0.3519585253456221 0.37952646239554316
2 0.38536866359447003 0.3363509749303621 0.4118663594470046 0.3363509749303621 0.4118663594470046 0.37952646239554316 0.38536866359447003 0.37952646239554316
37 0.41935483870967744 0.3363509749303621 0.445852534562212 0.3363509749303621 0.445852534562212 0.36908077994428967 0.41935483870967744 0.36908077994428967
1 0.45161290322580644 0.3363509749303621 0.46889400921658986 0.3363509749303621 0.46889400921658986 0.37952646239554316 0.45161290322580644 0.37952646239554316
8 0.47465437788018433 0.3363509749303621 0.5011520737327189 0.3363509749303621 0.5011520737327189 0.37952646239554316 0.47465437788018433 0.37952646239554316
37 0.5074884792626728 0.3363509749303621 0.5339861751152074 0.3363509749303621 0.5339861751152074 0.36908077994428967 0.5074884792626728 0.36908077994428967
2 0.5397465437788018 0.3363509749303621 0.5662442396313364 0.3363509749303621 0.5662442396313364 0.37952646239554316 0.5397465437788018 0.37952646239554316
0 0.5737327188940092 0.3363509749303621 0.6002304147465438 0.3363509749303621 0.6002304147465438 0.37952646239554316 0.5737327188940092 0.37952646239554316
2 0.6088709677419355 0.3363509749303621 0.6284562211981567 0.3363509749303621 0.6284562211981567 0.3802228412256267 0.6088709677419355 0.3802228412256267
5 0.6347926267281107 0.3363509749303621 0.6612903225806452 0.3363509749303621 0.6612903225806452 0.3802228412256267 0.6347926267281107 0.3802228412256267
32 0.25 0.38997214484679665 0.2695852534562212 0.38997214484679665 0.2695852534562212 0.4338440111420613 0.25 0.4338440111420613
15 0.2782258064516129 0.38997214484679665 0.30472350230414746 0.38997214484679665 0.30472350230414746 0.4331476323119777 0.2782258064516129 0.4331476323119777
31 0.31336405529953915 0.38997214484679665 0.33294930875576034 0.38997214484679665 0.33294930875576034 0.4338440111420613 0.31336405529953915 0.4338440111420613
36 0.3392857142857143 0.38997214484679665 0.3461981566820277 0.38997214484679665 0.3461981566820277 0.4171309192200557 0.3392857142857143 0.4171309192200557
1 0.3542626728110599 0.38997214484679665 0.3715437788018433 0.38997214484679665 0.3715437788018433 0.4331476323119777 0.3542626728110599 0.4331476323119777
2 0.38018433179723504 0.38997214484679665 0.40668202764976963 0.38997214484679665 0.40668202764976963 0.4338440111420613 0.38018433179723504 0.4338440111420613
37 0.4147465437788018 0.38997214484679665 0.4412442396313364 0.38997214484679665 0.4412442396313364 0.4220055710306407 0.4147465437788018 0.4220055710306407
3 0.44873271889400923 0.38997214484679665 0.4752304147465438 0.38997214484679665 0.4752304147465438 0.4331476323119777 0.44873271889400923 0.4331476323119777
0 0.48214285714285715 0.38997214484679665 0.5017281105990783 0.38997214484679665 0.5017281105990783 0.4338440111420613 0.48214285714285715 0.4338440111420613
37 0.5103686635944701 0.38997214484679665 0.5368663594470047 0.38997214484679665 0.5368663594470047 0.4220055710306407 0.5103686635944701 0.4220055710306407
2 0.5449308755760369 0.38997214484679665 0.5714285714285715 0.38997214484679665 0.5714285714285715 0.4331476323119777 0.5449308755760369 0.4331476323119777
0 0.5771889400921659 0.38997214484679665 0.6036866359447005 0.38997214484679665 0.6036866359447005 0.4331476323119777 0.5771889400921659 0.4331476323119777
2 0.6094470046082949 0.38997214484679665 0.6290322580645161 0.38997214484679665 0.6290322580645161 0.4338440111420613 0.6094470046082949 0.4338440111420613
4 0.6376728110599078 0.38997214484679665 0.657258064516129 0.38997214484679665 0.657258064516129 0.4331476323119777 0.6376728110599078 0.4331476323119777
