16 0.25 0.431058495821727 0.2764976958525346 0.431058495821727 0.2764976958525346 0.47493036211699163 0.25 0.47493036211699163
21 0.2828341013824885 0.431058495821727 0.3024193548387097 0.431058495821727 0.3024193548387097 0.4756267409470752 0.2828341013824885 0.4756267409470752
10 0.3099078341013825 0.431058495821727 0.3364055299539171 0.431058495821727 0.3364055299539171 0.4742339832869081 0.3099078341013825 0.4742339832869081
36 0.34274193548387094 0.431058495821727 0.3554147465437788 0.431058495821727 0.3554147465437788 0.46309192200557103 0.34274193548387094 0.46309192200557103
0 0.3617511520737327 0.431058495821727 0.3882488479262673 0.431058495821727 0.3882488479262673 0.4742339832869081 0.3617511520737327 0.4742339832869081
1 0.3951612903225806 0.431058495821727 0.41244239631336405 0.431058495821727 0.41244239631336405 0.4742339832869081 0.3951612903225806 0.4742339832869081
37 0.41935483870967744 0.431058495821727 0.445852534562212 0.431058495821727 0.445852534562212 0.4623955431754875 0.41935483870967744 0.4623955431754875
0 0.45276497695852536 0.431058495821727 0.47926267281105994 0.431058495821727 0.47926267281105994 0.4742339832869081 0.45276497695852536 0.4742339832869081
2 0.48502304147465436 0.431058495821727 0.511520737327189 0.431058495821727 0.511520737327189 0.4742339832869081 0.48502304147465436 0.4742339832869081
37 0.5201612903225806 0.431058495821727 0.5466589861751152 0.431058495821727 0.5466589861751152 0.46309192200557103 0.5201612903225806 0.46309192200557103
2 0.5524193548387096 0.431058495821727 0.5720046082949308 0.431058495821727 0.5720046082949308 0.47493036211699163 0.5524193548387096 0.47493036211699163
0 0.5783410138248848 0.431058495821727 0.6048387096774194 0.431058495821727 0.6048387096774194 0.4742339832869081 0.5783410138248848 0.4742339832869081
2 0.6117511520737328 0.431058495821727 0.6382488479262673 0.431058495821727 0.6382488479262673 0.47493036211699163 0.6117511520737328 0.47493036211699163
5 0.6451612903225806 0.431058495821727 0.6647465437788018 0.431058495821727 0.6647465437788018 0.47493036211699163 0.6451612903225806 0.47493036211699163
10 0.25 0.48467966573816157 0.2764976958525346 0.48467966573816157 0.2764976958525346 0.5285515320334262 0.25 0.5285515320334262
33 0.28456221198156684 0.48467966573816157 0.3110599078341014 0.48467966573816157 0.3110599078341014 0.5285515320334262 0.28456221198156684 0.5285515320334262
35 0.31682027649769584 0.48467966573816157 0.3433179723502304 0.48467966573816157 0.3433179723502304 0.5278551532033426 0.31682027649769584 0.5278551532033426
36 0.3513824884792627 0.48467966573816157 0.3629032258064516 0.48467966573816157 0.3629032258064516 0.5167130919220055 0.3513824884792627 0.5167130919220055
0 0.3715437788018433 0.48467966573816157 0.3911290322580645 0.48467966573816157 0.3911290322580645 0.5285515320334262 0.3715437788018433 0.5285515320334262
8 0.3980414746543779 0.48467966573816157 0.4245391705069125 0.48467966573816157 0.4245391705069125 0.5278551532033426 0.3980414746543779 0.5278551532033426
37 0.4314516129032258 0.48467966573816157 0.4579493087557604 0.48467966573816157 0.4579493087557604 0.5167130919220055 0.4314516129032258 0.5167130919220055
1 0.4665898617511521 0.48467966573816157 0.4838709677419355 0.48467966573816157 0.4838709677419355 0.5278551532033426 0.4665898617511521 0.5278551532033426
1 0.48963133640552997 0.48467966573816157 0.5069124423963134 0.48467966573816157 0.5069124423963134 0.5278551532033426 0.48963133640552997 0.5278551532033426
37 0.5132488479262672 0.48467966573816157 0.5397465437788018 0.48467966573816157 0.5397465437788018 0.5167130919220055 0.5132488479262672 0.5167130919220055
2 0.5455069124423964 0.48467966573816157 0.5720046082949309 0.48467966573816157 0.5720046082949309 0.5278551532033426 0.5455069124423964 0.5278551532033426
0 0.5783410138248848 0.48467966573816157 0.6048387096774194 0.48467966573816157 0.6048387096774194 0.5278551532033426 0.5783410138248848 0.5278551532033426
2 0.613479262672811 0.48467966573816157 0.6399769585253456 0.48467966573816157 0.6399769585253456 0.5278551532033426 0.613479262672811 0.5278551532033426
5 0.6474654377880185 0.48467966573816157 0.673963133640553 0.48467966573816157 0.673963133640553 0.5285515320334262 0.6474654377880185 0.5285515320334262
