11 0.25 0.5229805013927576 0.2695852534562212 0.5229805013927576 0.2695852534562212 0.5675487465181058 0.25 0.5675487465181058
33 0.277073732718894 0.5229805013927576 0.2966589861751152 0.5229805013927576 0.2966589861751152 0.5668523676880223 0.277073732718894 0.5668523676880223
23 0.3024193548387097 0.5229805013927576 0.3289170506912443 0.5229805013927576 0.3289170506912443 0.5661559888579387 0.3024193548387097 0.5661559888579387
36 0.3346774193548387 0.5229805013927576 0.34735023041474655 0.5229805013927576 0.34735023041474655 0.5550139275766016 0.3346774193548387 0.5550139275766016
0 0.3542626728110599 0.5229805013927576 0.3807603686635945 0.5229805013927576 0.3807603686635945 0.5661559888579387 0.3542626728110599 0.5661559888579387
4 0.3882488479262673 0.5229805013927576 0.4147465437788019 0.5229805013927576 0.4147465437788019 0.5661559888579387 0.3882488479262673 0.5661559888579387
37 0.4205069124423963 0.5229805013927576 0.4470046082949309 0.5229805013927576 0.4470046082949309 0.5550139275766016 0.4205069124423963 0.5550139275766016
1 0.4533410138248848 0.5229805013927576 0.4706221198156682 0.5229805013927576 0.4706221198156682 0.5668523676880223 0.4533410138248848 0.5668523676880223
5 0.4763824884792627 0.5229805013927576 0.5028801843317973 0.5229805013927576 0.5028801843317973 0.5668523676880223 0.4763824884792627 0.5668523676880223
37 0.5103686635944701 0.5229805013927576 0.5368663594470047 0.5229805013927576 0.5368663594470047 0.5550139275766016 0.5103686635944701 0.5550139275766016
2 0.5432027649769585 0.5229805013927576 0.5627880184331797 0.5229805013927576 0.5627880184331797 0.5668523676880223 0.5432027649769585 0.5668523676880223
0 0.570852534562212 0.5229805013927576 0.5973502304147466 0.5229805013927576 0.5973502304147466 0.5661559888579387 0.570852534562212 0.5661559888579387
2 0.6054147465437788 0.5229805013927576 0.6319124423963134 0.5229805013927576 0.6319124423963134 0.5661559888579387 0.6054147465437788 0.5661559888579387
5 0.6376728110599078 0.5229805013927576 0.657258064516129 0.5229805013927576 0.657258064516129 0.5668523676880223 0.6376728110599078 0.5668523676880223
10 0.25 0.5766016713091922 0.2695852534562212 0.5766016713091922 0.2695852534562212 0.6204735376044568 0.25 0.6204735376044568
19 0.2764976958525346 0.5766016713091922 0.2960829493087558 0.5766016713091922 0.2960829493087558 0.6211699164345403 0.2764976958525346 0.6211699164345403
27 0.30357142857142855 0.5766016713091922 0.32315668202764974 0.5766016713091922 0.32315668202764974 0.6204735376044568 0.30357142857142855 0.6204735376044568
36 0.3294930875576037 0.5766016713091922 0.34216589861751157 0.5766016713091922 0.34216589861751157 0.6086350974930361 0.3294930875576037 0.6086350974930361
0 0.35080645161290325 0.5766016713091922 0.37730414746543783 0.5766016713091922 0.37730414746543783 0.6197771587743732 0.35080645161290325 0.6197771587743732
8 0.38306451612903225 0.5766016713091922 0.40956221198156684 0.5766016713091922 0.40956221198156684 0.6197771587743732 0.38306451612903225 0.6197771587743732
37 0.4182027649769585 0.5766016713091922 0.4447004608294931 0.5766016713091922 0.4447004608294931 0.6093314763231197 0.4182027649769585 0.6093314763231197
0 0.4533410138248848 0.5766016713091922 0.4798387096774194 0.5766016713091922 0.4798387096774194 0.6197771587743732 0.4533410138248848 0.6197771587743732
8 0.4873271889400922 0.5766016713091922 0.5138248847926268 0.5766016713091922 0.5138248847926268 0.6204735376044568 0.4873271889400922 0.6204735376044568
37 0.5195852534562212 0.5766016713091922 0.5460829493087558 0.5766016713091922 0.5460829493087558 0.6079387186629526 0.5195852534562212 0.6079387186629526
2 0.5524193548387096 0.5766016713091922 0.5720046082949308 0.5766016713091922 0.5720046082949308 0.6211699164345403 0.5524193548387096 0.6211699164345403
0 0.5777649769585254 0.5766016713091922 0.6042626728110599 0.5766016713091922 0.6042626728110599 0.6197771587743732 0.5777649769585254 0.6197771587743732
2 0.6123271889400922 0.5766016713091922 0.6319124423963134 0.5766016713091922 0.6319124423963134 0.6204735376044568 0.6123271889400922 0.6204735376044568
5 0.6382488479262672 0.5766016713091922 0.6647465437788018 0.5766016713091922 0.6647465437788018 0.6197771587743732 0.6382488479262672 0.6197771587743732
