25 0.25 0.3516713091922006 0.2695852534562212 0.3516713091922006 0.2695852534562212 0.39623955431754876 0.25 0.39623955431754876
15 0.27534562211981567 0.3516713091922006 0.29493087557603687 0.3516713091922006 0.29493087557603687 0.3955431754874652 0.27534562211981567 0.3955431754874652
16 0.30126728110599077 0.3516713091922006 0.32776497695852536 0.3516713091922006 0.32776497695852536 0.39484679665738165 0.30126728110599077 0.39484679665738165
36 0.33352534562211983 0.3516713091922006 0.3461981566820277 0.3516713091922006 0.3461981566820277 0.3837047353760446 0.33352534562211983 0.3837047353760446
1 0.3519585253456221 0.3516713091922006 0.3646313364055299 0.3516713091922006 0.3646313364055299 0.3955431754874652 0.3519585253456221 0.3955431754874652
2 0.37039170506912444 0.3516713091922006 0.39688940092165903 0.3516713091922006 0.39688940092165903 0.39484679665738165 0.37039170506912444 0.39484679665738165
37 0.4055299539170507 0.3516713091922006 0.4320276497695853 0.3516713091922006 0.4320276497695853 0.383008356545961 0.4055299539170507 0.383008356545961
3 0.43836405529953915 0.3516713091922006 0.46486175115207373 0.3516713091922006 0.46486175115207373 0.3955431754874652 0.43836405529953915 0.3955431754874652
1 0.47235023041474655 0.3516713091922006 0.48502304147465436 0.3516713091922006 0.48502304147465436 0.3955431754874652 0.47235023041474655 0.3955431754874652
37 0.4930875576036866 0.3516713091922006 0.5195852534562212 0.3516713091922006 0.5195852534562212 0.3837047353760446 0.4930875576036866 0.3837047353760446
2 0.527073732718894 0.3516713091922006 0.5535714285714286 0.3516713091922006 0.5535714285714286 0.39484679665738165 0.527073732718894 0.39484679665738165
0 0.5610599078341014 0.3516713091922006 0.587557603686636 0.3516713091922006 0.587557603686636 0.39484679665738165 0.5610599078341014 0.39484679665738165
2 0.5933179723502304 0.3516713091922006 0.619815668202765 0.3516713091922006 0.619815668202765 0.39484679665738165 0.5933179723502304 0.39484679665738165
4 0.6273041474654378 0.3516713091922006 0.646889400921659 0.3516713091922006 0.646889400921659 0.3955431754874652 0.6273041474654378 0.3955431754874652
31 0.25 0.4052924791086351 0.2695852534562212 0.4052924791086351 0.2695852534562212 0.44986072423398327 0.25 0.44986072423398327
20 0.2759216589861751 0.4052924791086351 0.2955069124423963 0.4052924791086351 0.2955069124423963 0.4491643454038997 0.2759216589861751 0.4491643454038997
14 0.30184331797235026 0.4052924791086351 0.32834101382488484 0.4052924791086351 0.32834101382488484 0.4491643454038997 0.30184331797235026 0.4491643454038997
36 0.33640552995391704 0.4052924791086351 0.3433179723502304 0.4052924791086351 0.3433179723502304 0.4324512534818941 0.33640552995391704 0.4324512534818941
0 0.3513824884792627 0.4052924791086351 0.37788018433179726 0.4052924791086351 0.37788018433179726 0.44846796657381616 0.3513824884792627 0.44846796657381616
4 0.38536866359447003 0.4052924791086351 0.4118663594470046 0.4052924791086351 0.4118663594470046 0.44846796657381616 0.38536866359447003 0.44846796657381616
37 0.4205069124423963 0.4052924791086351 0.4470046082949309 0.4052924791086351 0.4470046082949309 0.4373259052924791 0.4205069124423963 0.4373259052924791
0 0.4544930875576037 0.4052924791086351 0.4809907834101383 0.4052924791086351 0.4809907834101383 0.4491643454038997 0.4544930875576037 0.4491643454038997
7 0.4873271889400922 0.4052924791086351 0.5138248847926268 0.4052924791086351 0.5138248847926268 0.44846796657381616 0.4873271889400922 0.44846796657381616
37 0.5207373271889401 0.4052924791086351 0.5472350230414746 0.4052924791086351 0.5472350230414746 0.4366295264623955 0.5207373271889401 0.4366295264623955
2 0.554147465437788 0.4052924791086351 0.5806451612903226 0.4052924791086351 0.5806451612903226 0.44846796657381616 0.554147465437788 0.44846796657381616
0 0.5887096774193549 0.4052924791086351 0.6152073732718895 0.4052924791086351 0.6152073732718895 0.44846796657381616 0.5887096774193549 0.44846796657381616
2 0.6226958525345622 0.4052924791086351 0.6422811059907834 0.4052924791086351 0.6422811059907834 0.4491643454038997 0.6226958525345622 0.4491643454038997
5 0.6480414746543779 0.4052924791086351 0.6745391705069125 0.4052924791086351 0.6745391705069125 0.44846796657381616 0.6480414746543779 0.44846796657381616
