26 0.25 0.3816155988857939 0.2764976958525346 0.3816155988857939 0.2764976958525346 0.42479108635097496 0.25 0.42479108635097496
26 0.28513824884792627 0.3816155988857939 0.31163594470046085 0.3816155988857939 0.31163594470046085 0.4254874651810585 0.28513824884792627 0.4254874651810585
35 0.3185483870967742 0.3816155988857939 0.3381336405529954 0.3816155988857939 0.3381336405529954 0.4254874651810585 0.3185483870967742 0.4254874651810585
36 0.3444700460829493 0.3816155988857939 0.3571428571428571 0.3816155988857939 0.3571428571428571 0.41434540389972147 0.3444700460829493 0.41434540389972147
1 0.3652073732718894 0.3816155988857939 0.3824884792626728 0.3816155988857939 0.3824884792626728 0.42479108635097496 0.3652073732718894 0.42479108635097496
0 0.38940092165898615 0.3816155988857939 0.41589861751152074 0.3816155988857939 0.41589861751152074 0.4254874651810585 0.38940092165898615 0.4254874651810585
37 0.4245391705069124 0.3816155988857939 0.451036866359447 0.3816155988857939 0.451036866359447 0.4136490250696379 0.4245391705069124 0.4136490250696379
0 0.4567972350230415 0.3816155988857939 0.4763824884792627 0.3816155988857939 0.4763824884792627 0.4254874651810585 0.4567972350230415 0.4254874651810585
8 0.483294930875576 0.3816155988857939 0.5028801843317972 0.3816155988857939 0.5028801843317972 0.4254874651810585 0.483294930875576 0.4254874651810585
37 0.511520737327189 0.3816155988857939 0.5380184331797235 0.3816155988857939 0.5380184331797235 0.4136490250696379 0.511520737327189 0.4136490250696379
2 0.5449308755760369 0.3816155988857939 0.5714285714285715 0.3816155988857939 0.5714285714285715 0.4254874651810585 0.5449308755760369 0.4254874651810585
0 0.5789170506912442 0.3816155988857939 0.6054147465437788 0.3816155988857939 0.6054147465437788 0.4254874651810585 0.5789170506912442 0.4254874651810585
2 0.6111751152073732 0.3816155988857939 0.6307603686635944 0.3816155988857939 0.6307603686635944 0.4254874651810585 0.6111751152073732 0.4254874651810585
5 0.6388248847926268 0.3816155988857939 0.6653225806451614 0.3816155988857939 0.6653225806451614 0.42479108635097496 0.6388248847926268 0.42479108635097496
30 0.25 0.4352367688022284 0.2764976958525346 0.4352367688022284 0.2764976958525346 0.479108635097493 0.25 0.479108635097493
16 0.28513824884792627 0.4352367688022284 0.31163594470046085 0.4352367688022284 0.31163594470046085 0.47841225626740946 0.28513824884792627 0.47841225626740946
34 0.31797235023041476 0.4352367688022284 0.33755760368663595 0.4352367688022284 0.33755760368663595 0.479108635097493 0.31797235023041476 0.479108635097493
36 0.3450460829493088 0.4352367688022284 0.3565668202764977 0.4352367688022284 0.3565668202764977 0.4672701949860724 0.3450460829493088 0.4672701949860724
0 0.3652073732718894 0.4352367688022284 0.391705069124424 0.4352367688022284 0.391705069124424 0.47841225626740946 0.3652073732718894 0.47841225626740946
4 0.39976958525345624 0.4352367688022284 0.4262672811059908 0.4352367688022284 0.4262672811059908 0.47841225626740946 0.39976958525345624 0.47841225626740946
37 0.43202764976958524 0.4352367688022284 0.45852534562211983 0.4352367688022284 0.45852534562211983 0.4672701949860724 0.43202764976958524 0.4672701949860724
0 0.4665898617511521 0.4352367688022284 0.49308755760368667 0.4352367688022284 0.49308755760368667 0.47841225626740946 0.4665898617511521 0.47841225626740946
2 0.5 0.4352367688022284 0.5264976958525346 0.4352367688022284 0.5264976958525346 0.479108635097493 0.5 0.479108635097493
37 0.5351382488479263 0.4352367688022284 0.5616359447004609 0.4352367688022284 0.5616359447004609 0.4672701949860724 0.5351382488479263 0.4672701949860724
2 0.5691244239631337 0.4352367688022284 0.5887096774193549 0.4352367688022284 0.5887096774193549 0.479108635097493 0.5691244239631337 0.479108635097493
0 0.5944700460829493 0.4352367688022284 0.6209677419354839 0.4352367688022284 0.6209677419354839 0.47841225626740946 0.5944700460829493 0.47841225626740946
2 0.6267281105990783 0.4352367688022284 0.6532258064516129 0.4352367688022284 0.6532258064516129 0.47841225626740946 0.6267281105990783 0.47841225626740946
5 0.6618663594470046 0.4352367688022284 0.6883640552995391 0.4352367688022284 0.6883640552995391 0.47841225626740946 0.6618663594470046 0.47841225626740946
