30 0.25 0.5167130919220055 0.2764976958525346 0.5167130919220055 0.2764976958525346 0.5605849582172702 0.25 0.5605849582172702
30 0.28456221198156684 0.5167130919220055 0.3110599078341014 0.5167130919220055 0.3110599078341014 0.5598885793871866 0.28456221198156684 0.5598885793871866
16 0.31682027649769584 0.5167130919220055 0.3433179723502304 0.5167130919220055 0.3433179723502304 0.5598885793871866 0.31682027649769584 0.5598885793871866
36 0.3490783410138249 0.5167130919220055 0.36059907834101385 0.5167130919220055 0.36059907834101385 0.5494428969359331 0.3490783410138249 0.5494428969359331
1 0.3686635944700461 0.5167130919220055 0.38133640552995396 0.5167130919220055 0.38133640552995396 0.5605849582172702 0.3686635944700461 0.5605849582172702
0 0.3870967741935484 0.5167130919220055 0.4066820276497696 0.5167130919220055 0.4066820276497696 0.5605849582172702 0.3870967741935484 0.5605849582172702
37 0.4153225806451613 0.5167130919220055 0.4418202764976959 0.5167130919220055 0.4418202764976959 0.5487465181058495 0.4153225806451613 0.5487465181058495
0 0.44815668202764974 0.5167130919220055 0.47465437788018433 0.5167130919220055 0.47465437788018433 0.5598885793871866 0.44815668202764974 0.5598885793871866
5 0.48099078341013823 0.5167130919220055 0.5074884792626728 0.5167130919220055 0.5074884792626728 0.5598885793871866 0.48099078341013823 0.5598885793871866
37 0.5144009216589862 0.5167130919220055 0.5408986175115208 0.5167130919220055 0.5408986175115208 0.5487465181058495 0.5144009216589862 0.5487465181058495
2 0.5466589861751152 0.5167130919220055 0.5731566820276498 0.5167130919220055 0.5731566820276498 0.5598885793871866 0.5466589861751152 0.5598885793871866
0 0.5800691244239631 0.5167130919220055 0.6065668202764977 0.5167130919220055 0.6065668202764977 0.5598885793871866 0.5800691244239631 0.5598885793871866
2 0.6123271889400922 0.5167130919220055 0.6388248847926268 0.5167130919220055 0.6388248847926268 0.5598885793871866 0.6123271889400922 0.5598885793871866
5 0.6451612903225806 0.5167130919220055 0.6716589861751152 0.5167130919220055 0.6716589861751152 0.5598885793871866 0.6451612903225806 0.5598885793871866
18 0.25 0.5703342618384402 0.2672811059907834 0.5703342618384402 0.2672811059907834 0.6135097493036212 0.25 0.6135097493036212
22 0.2759216589861751 0.5703342618384402 0.2955069124423963 0.5703342618384402 0.2955069124423963 0.6142061281337048 0.2759216589861751 0.6142061281337048
29 0.3024193548387097 0.5703342618384402 0.3289170506912443 0.5703342618384402 0.3289170506912443 0.6135097493036212 0.3024193548387097 0.6135097493036212
36 0.3369815668202765 0.5703342618384402 0.3438940092165899 0.5703342618384402 0.3438940092165899 0.5967966573816157 0.3369815668202765 0.5967966573816157
0 0.35080645161290325 0.5703342618384402 0.37730414746543783 0.5703342618384402 0.37730414746543783 0.6135097493036212 0.35080645161290325 0.6135097493036212
6 0.3847926267281106 0.5703342618384402 0.4112903225806452 0.5703342618384402 0.4112903225806452 0.6135097493036212 0.3847926267281106 0.6135097493036212
37 0.4182027649769585 0.5703342618384402 0.4447004608294931 0.5703342618384402 0.4447004608294931 0.6023676880222841 0.4182027649769585 0.6023676880222841
1 0.4521889400921659 0.5703342618384402 0.4654377880184332 0.5703342618384402 0.4654377880184332 0.6149025069637883 0.4521889400921659 0.6149025069637883
2 0.47235023041474655 0.5703342618384402 0.49884792626728114 0.5703342618384402 0.49884792626728114 0.6135097493036212 0.47235023041474655 0.6135097493036212
37 0.5074884792626728 0.5703342618384402 0.5339861751152074 0.5703342618384402 0.5339861751152074 0.6023676880222841 0.5074884792626728 0.6023676880222841
2 0.5403225806451613 0.5703342618384402 0.5668202764976958 0.5703342618384402 0.5668202764976958 0.6135097493036212 0.5403225806451613 0.6135097493036212
0 0.5737327188940092 0.5703342618384402 0.6002304147465438 0.5703342618384402 0.6002304147465438 0.6135097493036212 0.5737327188940092 0.6135097493036212
2 0.6082949308755761 0.5703342618384402 0.6347926267281107 0.5703342618384402 0.6347926267281107 0.6135097493036212 0.6082949308755761 0.6135097493036212
5 0.6434331797235023 0.5703342618384402 0.6699308755760369 0.5703342618384402 0.6699308755760369 0.6142061281337048 0.6434331797235023 0.6142061281337048
