29 0.25 0.6058495821727019 0.2764976958525346 0.6058495821727019 0.2764976958525346 0.649025069637883 0.25 0.649025069637883
11 0.28398617511520735 0.6058495821727019 0.31048387096774194 0.6058495821727019 0.31048387096774194 0.649025069637883 0.28398617511520735 0.649025069637883
25 0.31682027649769584 0.6058495821727019 0.33640552995391704 0.6058495821727019 0.33640552995391704 0.649025069637883 0.31682027649769584 0.649025069637883
36 0.3421658986175115 0.6058495821727019 0.3548387096774194 0.6058495821727019 0.3548387096774194 0.6378830083565459 0.3421658986175115 0.6378830083565459
1 0.3623271889400922 0.6058495821727019 0.3796082949308756 0.6058495821727019 0.3796082949308756 0.649025069637883 0.3623271889400922 0.649025069637883
2 0.3859447004608295 0.6058495821727019 0.4124423963133641 0.6058495821727019 0.4124423963133641 0.6497214484679665 0.3859447004608295 0.6497214484679665
37 0.4205069124423963 0.6058495821727019 0.4470046082949309 0.6058495821727019 0.4470046082949309 0.6385793871866294 0.4205069124423963 0.6385793871866294
0 0.45564516129032256 0.6058495821727019 0.48214285714285715 0.6058495821727019 0.48214285714285715 0.6497214484679665 0.45564516129032256 0.6497214484679665
6 0.48847926267281105 0.6058495821727019 0.5080645161290323 0.6058495821727019 0.5080645161290323 0.6497214484679665 0.48847926267281105 0.6497214484679665
37 0.5138248847926268 0.6058495821727019 0.5403225806451614 0.6058495821727019 0.5403225806451614 0.6378830083565459 0.5138248847926268 0.6378830083565459
2 0.5478110599078341 0.6058495821727019 0.5743087557603687 0.6058495821727019 0.5743087557603687 0.649025069637883 0.5478110599078341 0.649025069637883
0 0.5829493087557603 0.6058495821727019 0.6094470046082949 0.6058495821727019 0.6094470046082949 0.649025069637883 0.5829493087557603 0.649025069637883
2 0.6175115207373272 0.6058495821727019 0.6440092165898618 0.6058495821727019 0.6440092165898618 0.649025069637883 0.6175115207373272 0.649025069637883
4 0.6503456221198156 0.6058495821727019 0.6699308755760368 0.6058495821727019 0.6699308755760368 0.649025069637883 0.6503456221198156 0.649025069637883
31 0.25 0.6594707520891365 0.2695852534562212 0.6594707520891365 0.2695852534562212 0.7026462395543176 0.25 0.7026462395543176
27 0.27534562211981567 0.6594707520891365 0.30184331797235026 0.6594707520891365 0.30184331797235026 0.7033426183844012 0.27534562211981567 0.7033426183844012
13 0.309331797235023 0.6594707520891365 0.3289170506912442 0.6594707520891365 0.3289170506912442 0.7033426183844012 0.309331797235023 0.7033426183844012
36 0.3352534562211982 0.6594707520891365 0.347926267281106 0.6594707520891365 0.347926267281106 0.692200557103064 0.3352534562211982 0.692200557103064
1 0.3565668202764977 0.6594707520891365 0.37384792626728114 0.6594707520891365 0.37384792626728114 0.7026462395543176 0.3565668202764977 0.7026462395543176
2 0.3824884792626728 0.6594707520891365 0.4089861751152074 0.6594707520891365 0.4089861751152074 0.7026462395543176 0.3824884792626728 0.7026462395543176
37 0.4176267281105991 0.6594707520891365 0.4441244239631337 0.6594707520891365 0.4441244239631337 0.6915041782729805 0.4176267281105991 0.6915041782729805
2 0.4498847926267281 0.6594707520891365 0.4763824884792627 0.6594707520891365 0.4763824884792627 0.7026462395543176 0.4498847926267281 0.7026462395543176
4 0.48214285714285715 0.6594707520891365 0.5086405529953917 0.6594707520891365 0.5086405529953917 0.7026462395543176 0.48214285714285715 0.7026462395543176
37 0.5149769585253456 0.6594707520891365 0.5414746543778802 0.6594707520891365 0.5414746543778802 0.6915041782729805 0.5149769585253456 0.6915041782729805
2 0.548963133640553 0.6594707520891365 0.5685483870967742 0.6594707520891365 0.5685483870967742 0.7033426183844012 0.548963133640553 0.7033426183844012
0 0.5748847926267281 0.6594707520891365 0.6013824884792627 0.6594707520891365 0.6013824884792627 0.7026462395543176 0.5748847926267281 0.7026462395543176
2 0.6071428571428571 0.6594707520891365 0.6267281105990783 0.6594707520891365 0.6267281105990783 0.7040389972144847 0.6071428571428571 0.7040389972144847
4 0.6330645161290323 0.6594707520891365 0.6526497695852534 0.6594707520891365 0.6526497695852534 0.7026462395543176 0.6330645161290323 0.7026462395543176
