32 0.25 0.48885793871866295 0.2695852534562212 0.48885793871866295 0.2695852534562212 0.5327298050139275 0.25 0.5327298050139275
13 0.2782258064516129 0.48885793871866295 0.30472350230414746 0.48885793871866295 0.30472350230414746 0.5327298050139275 0.2782258064516129 0.5327298050139275
21 0.31105990783410137 0.48885793871866295 0.33755760368663595 0.48885793871866295 0.33755760368663595 0.532033426183844 0.31105990783410137 0.532033426183844
36 0.3433179723502304 0.48885793871866295 0.3490783410138249 0.48885793871866295 0.3490783410138249 0.516016713091922 0.3433179723502304 0.516016713091922
0 0.3554147465437788 0.48885793871866295 0.3819124423963134 0.48885793871866295 0.3819124423963134 0.532033426183844 0.3554147465437788 0.532033426183844
8 0.38997695852534564 0.48885793871866295 0.4164746543778802 0.48885793871866295 0.4164746543778802 0.532033426183844 0.38997695852534564 0.532033426183844
37 0.42223502304147464 0.48885793871866295 0.44873271889400923 0.48885793871866295 0.44873271889400923 0.520891364902507 0.42223502304147464 0.520891364902507
2 0.4567972350230415 0.48885793871866295 0.48329493087557607 0.48885793871866295 0.48329493087557607 0.532033426183844 0.4567972350230415 0.532033426183844
6 0.49078341013824883 0.48885793871866295 0.51036866359447 0.48885793871866295 0.51036866359447 0.5327298050139275 0.49078341013824883 0.5327298050139275
37 0.5161290322580645 0.48885793871866295 0.5380184331797235 0.48885793871866295 0.5380184331797235 0.5153203342618384 0.5161290322580645 0.5153203342618384
2 0.5455069124423964 0.48885793871866295 0.5720046082949309 0.48885793871866295 0.5720046082949309 0.5327298050139275 0.5455069124423964 0.5327298050139275
0 0.5777649769585254 0.48885793871866295 0.5973502304147466 0.48885793871866295 0.5973502304147466 0.5327298050139275 0.5777649769585254 0.5327298050139275
2 0.6036866359447005 0.48885793871866295 0.6232718894009217 0.48885793871866295 0.6232718894009217 0.5334261838440112 0.6036866359447005 0.5334261838440112
5 0.6319124423963134 0.48885793871866295 0.658410138248848 0.48885793871866295 0.658410138248848 0.532033426183844 0.6319124423963134 0.532033426183844
31 0.25 0.5424791086350975 0.2764976958525346 0.5424791086350975 0.2764976958525346 0.5856545961002786 0.25 0.5856545961002786
34 0.28456221198156684 0.5424791086350975 0.3110599078341014 0.5424791086350975 0.3110599078341014 0.5856545961002786 0.28456221198156684 0.5856545961002786
34 0.31797235023041476 0.5424791086350975 0.34447004608294934 0.5424791086350975 0.34447004608294934 0.5856545961002786 0.31797235023041476 0.5856545961002786
36 0.3513824884792627 0.5424791086350975 0.3629032258064516 0.5424791086350975 0.3629032258064516 0.5745125348189415 0.3513824884792627 0.5745125348189415
0 0.3686635944700461 0.5424791086350975 0.3951612903225807 0.5424791086350975 0.3951612903225807 0.5856545961002786 0.3686635944700461 0.5856545961002786
4 0.4009216589861751 0.5424791086350975 0.4274193548387097 0.5424791086350975 0.4274193548387097 0.5856545961002786 0.4009216589861751 0.5856545961002786
37 0.43548387096774194 0.5424791086350975 0.4619815668202765 0.5424791086350975 0.4619815668202765 0.5745125348189415 0.43548387096774194 0.5745125348189415
2 0.46774193548387094 0.5424791086350975 0.4942396313364055 0.5424791086350975 0.4942396313364055 0.5856545961002786 0.46774193548387094 0.5856545961002786
2 0.5005760368663594 0.5424791086350975 0.527073732718894 0.5424791086350975 0.527073732718894 0.5856545961002786 0.5005760368663594 0.5856545961002786
37 0.533410138248848 0.5424791086350975 0.5599078341013826 0.5424791086350975 0.5599078341013826 0.575208913649025 0.533410138248848 0.575208913649025
2 0.5668202764976958 0.5424791086350975 0.5933179723502304 0.5424791086350975 0.5933179723502304 0.5856545961002786 0.5668202764976958 0.5856545961002786
0 0.5996543778801844 0.5424791086350975 0.626152073732719 0.5424791086350975 0.626152073732719 0.5863509749303621 0.5996543778801844 0.5863509749303621
2 0.6342165898617511 0.5424791086350975 0.6607142857142857 0.5424791086350975 0.6607142857142857 0.5856545961002786 0.6342165898617511 0.5856545961002786
5 0.6693548387096774 0.5424791086350975 0.6889400921658986 0.5424791086350975 0.6889400921658986 0.5870473537604457 0.6693548387096774 0.5870473537604457
