16 0.25 0.451949860724234 0.2764976958525346 0.451949860724234 0.2764976958525346 0.49512534818941506 0.25 0.49512534818941506
12 0.28398617511520735 0.451949860724234 0.30357142857142855 0.451949860724234 0.30357142857142855 0.4958217270194986 0.28398617511520735 0.4958217270194986
26 0.31105990783410137 0.451949860724234 0.33064516129032256 0.451949860724234 0.33064516129032256 0.4958217270194986 0.31105990783410137 0.4958217270194986
36 0.3381336405529954 0.451949860724234 0.35080645161290325 0.451949860724234 0.35080645161290325 0.483983286908078 0.3381336405529954 0.483983286908078
0 0.35714285714285715 0.451949860724234 0.38364055299539174 0.451949860724234 0.38364055299539174 0.49512534818941506 0.35714285714285715 0.49512534818941506
3 0.3911290322580645 0.451949860724234 0.4176267281105991 0.451949860724234 0.4176267281105991 0.49512534818941506 0.3911290322580645 0.49512534818941506
37 0.42569124423963134 0.451949860724234 0.4475806451612903 0.451949860724234 0.4475806451612903 0.47841225626740946 0.42569124423963134 0.47841225626740946
0 0.4539170506912442 0.451949860724234 0.4804147465437788 0.451949860724234 0.4804147465437788 0.49512534818941506 0.4539170506912442 0.49512534818941506
2 0.4867511520737327 0.451949860724234 0.5132488479262672 0.451949860724234 0.5132488479262672 0.49512534818941506 0.4867511520737327 0.49512534818941506
37 0.5195852534562212 0.451949860724234 0.5460829493087558 0.451949860724234 0.5460829493087558 0.48467966573816157 0.5195852534562212 0.48467966573816157
2 0.5547235023041475 0.451949860724234 0.5743087557603687 0.451949860724234 0.5743087557603687 0.4958217270194986 0.5547235023041475 0.4958217270194986
0 0.5806451612903226 0.451949860724234 0.6071428571428572 0.451949860724234 0.6071428571428572 0.49512534818941506 0.5806451612903226 0.49512534818941506
2 0.6157834101382489 0.451949860724234 0.6422811059907835 0.451949860724234 0.6422811059907835 0.49512534818941506 0.6157834101382489 0.49512534818941506
5 0.6491935483870968 0.451949860724234 0.668778801843318 0.451949860724234 0.668778801843318 0.4958217270194986 0.6491935483870968 0.4958217270194986
14 0.25 0.5055710306406686 0.2695852534562212 0.5055710306406686 0.2695852534562212 0.5494428969359332 0.25 0.5494428969359332
28 0.2759216589861751 0.5055710306406686 0.2955069124423963 0.5055710306406686 0.2955069124423963 0.5494428969359332 0.2759216589861751 0.5494428969359332
12 0.30126728110599077 0.5055710306406686 0.32776497695852536 0.5055710306406686 0.32776497695852536 0.5487465181058496 0.30126728110599077 0.5487465181058496
36 0.33640552995391704 0.5055710306406686 0.3433179723502304 0.5055710306406686 0.3433179723502304 0.5334261838440112 0.33640552995391704 0.5334261838440112
1 0.34965437788018433 0.5055710306406686 0.36693548387096775 0.5055710306406686 0.36693548387096775 0.5494428969359332 0.34965437788018433 0.5494428969359332
0 0.37327188940092165 0.5055710306406686 0.39976958525345624 0.5055710306406686 0.39976958525345624 0.5494428969359332 0.37327188940092165 0.5494428969359332
37 0.4055299539170507 0.5055710306406686 0.4320276497695853 0.5055710306406686 0.4320276497695853 0.5376044568245125 0.4055299539170507 0.5376044568245125
1 0.4377880184331797 0.5055710306406686 0.4504608294930875 0.5055710306406686 0.4504608294930875 0.5494428969359332 0.4377880184331797 0.5494428969359332
2 0.45910138248847926 0.5055710306406686 0.48559907834101385 0.5055710306406686 0.48559907834101385 0.5487465181058496 0.45910138248847926 0.5487465181058496
37 0.4942396313364055 0.5055710306406686 0.5207373271889401 0.5055710306406686 0.5207373271889401 0.5376044568245125 0.4942396313364055 0.5376044568245125
2 0.5293778801843319 0.5055710306406686 0.5558755760368664 0.5055710306406686 0.5558755760368664 0.5494428969359332 0.5293778801843319 0.5494428969359332
0 0.5616359447004609 0.5055710306406686 0.5881336405529954 0.5055710306406686 0.5881336405529954 0.5487465181058496 0.5616359447004609 0.5487465181058496
2 0.5950460829493087 0.5055710306406686 0.6146313364055299 0.5055710306406686 0.6146313364055299 0.5494428969359332 0.5950460829493087 0.5494428969359332
5 0.6221198156682027 0.5055710306406686 0.6417050691244239 0.5055710306406686 0.6417050691244239 0.5494428969359332 0.6221198156682027 0.5494428969359332
