14 0.25 0.39136490250696376 0.2764976958525346 0.39136490250696376 0.2764976958525346 0.43454038997214484 0.25 0.43454038997214484
22 0.28398617511520735 0.39136490250696376 0.30357142857142855 0.39136490250696376 0.30357142857142855 0.43593314763231195 0.28398617511520735 0.43593314763231195
17 0.3122119815668203 0.39136490250696376 0.3317972350230415 0.39136490250696376 0.3317972350230415 0.4352367688022284 0.3122119815668203 0.4352367688022284
36 0.33755760368663595 0.39136490250696376 0.34447004608294934 0.39136490250696376 0.34447004608294934 0.4192200557103064 0.33755760368663595 0.4192200557103064
0 0.35023041474654376 0.39136490250696376 0.37672811059907835 0.39136490250696376 0.37672811059907835 0.43454038997214484 0.35023041474654376 0.43454038997214484
2 0.3847926267281106 0.39136490250696376 0.4112903225806452 0.39136490250696376 0.4112903225806452 0.43454038997214484 0.3847926267281106 0.43454038997214484
37 0.4176267281105991 0.39136490250696376 0.4441244239631337 0.39136490250696376 0.4441244239631337 0.4233983286908078 0.4176267281105991 0.4233983286908078
1 0.45161290322580644 0.39136490250696376 0.4642857142857143 0.39136490250696376 0.4642857142857143 0.43593314763231195 0.45161290322580644 0.43593314763231195
5 0.4700460829493088 0.39136490250696376 0.48963133640552997 0.39136490250696376 0.48963133640552997 0.4352367688022284 0.4700460829493088 0.4352367688022284
37 0.4959677419354839 0.39136490250696376 0.5224654377880185 0.39136490250696376 0.5224654377880185 0.4233983286908078 0.4959677419354839 0.4233983286908078
2 0.5288018433179723 0.39136490250696376 0.5552995391705069 0.39136490250696376 0.5552995391705069 0.43454038997214484 0.5288018433179723 0.43454038997214484
0 0.5616359447004609 0.39136490250696376 0.581221198156682 0.39136490250696376 0.581221198156682 0.4352367688022284 0.5616359447004609 0.4352367688022284
2 0.5887096774193549 0.39136490250696376 0.6152073732718895 0.39136490250696376 0.6152073732718895 0.43454038997214484 0.5887096774193549 0.43454038997214484
5 0.6209677419354839 0.39136490250696376 0.6474654377880185 0.39136490250696376 0.6474654377880185 0.43454038997214484 0.6209677419354839 0.43454038997214484
32 0.25 0.4449860724233983 0.2695852534562212 0.4449860724233983 0.2695852534562212 0.48885793871866295 0.25 0.48885793871866295
14 0.27764976958525345 0.4449860724233983 0.29723502304147464 0.4449860724233983 0.29723502304147464 0.48885793871866295 0.27764976958525345 0.48885793871866295
31 0.3058755760368664 0.4449860724233983 0.33237327188940097 0.4449860724233983 0.33237327188940097 0.4881615598885794 0.3058755760368664 0.4881615598885794
36 0.3387096774193548 0.4449860724233983 0.3456221198156682 0.4449860724233983 0.3456221198156682 0.47214484679665736 0.3387096774193548 0.47214484679665736
1 0.3542626728110599 0.4449860724233983 0.3715437788018433 0.4449860724233983 0.3715437788018433 0.4881615598885794 0.3542626728110599 0.4881615598885794
2 0.3778801843317972 0.4449860724233983 0.4043778801843318 0.4449860724233983 0.4043778801843318 0.4881615598885794 0.3778801843317972 0.4881615598885794
37 0.4118663594470046 0.4449860724233983 0.4383640552995392 0.4449860724233983 0.4383640552995392 0.47701949860724235 0.4118663594470046 0.47701949860724235
0 0.4470046082949309 0.4449860724233983 0.47350230414746547 0.4449860724233983 0.47350230414746547 0.4881615598885794 0.4470046082949309 0.4881615598885794
6 0.4815668202764977 0.4449860724233983 0.5080645161290323 0.4449860724233983 0.5080645161290323 0.4881615598885794 0.4815668202764977 0.4881615598885794
37 0.5167050691244239 0.4449860724233983 0.5432027649769585 0.4449860724233983 0.5432027649769585 0.4777158774373259 0.5167050691244239 0.4777158774373259
2 0.5506912442396313 0.4449860724233983 0.5771889400921659 0.4449860724233983 0.5771889400921659 0.4881615598885794 0.5506912442396313 0.4881615598885794
0 0.5829493087557603 0.4449860724233983 0.6025345622119815 0.4449860724233983 0.6025345622119815 0.48885793871866295 0.5829493087557603 0.48885793871866295
2 0.6111751152073732 0.4449860724233983 0.6376728110599078 0.4449860724233983 0.6376728110599078 0.4881615598885794 0.6111751152073732 0.4881615598885794
4 0.6463133640552995 0.4449860724233983 0.6658986175115207 0.4449860724233983 0.6658986175115207 0.48885793871866295 0.6463133640552995 0.48885793871866295
