28 0.25 0.6434540389972145 0.2764976958525346 0.6434540389972145 0.2764976958525346 0.6866295264623956 0.25 0.6866295264623956
17 0.28398617511520735 0.6434540389972145 0.31048387096774194 0.6434540389972145 0.31048387096774194 0.6866295264623956 0.28398617511520735 0.6866295264623956
28 0.3162442396313364 0.6434540389972145 0.342741935483871 0.6434540389972145 0.342741935483871 0.6866295264623956 0.3162442396313364 0.6866295264623956
36 0.3485023041474654 0.6434540389972145 0.3611751152073732 0.6434540389972145 0.3611751152073732 0.6761838440111421 0.3485023041474654 0.6761838440111421
0 0.3680875576036866 0.6434540389972145 0.3876728110599078 0.6434540389972145 0.3876728110599078 0.6873259052924792 0.3680875576036866 0.6873259052924792
2 0.39631336405529954 0.6434540389972145 0.41589861751152074 0.6434540389972145 0.41589861751152074 0.6873259052924792 0.39631336405529954 0.6873259052924792
37 0.423963133640553 0.6434540389972145 0.4504608294930876 0.6434540389972145 0.4504608294930876 0.6761838440111421 0.423963133640553 0.6761838440111421
1 0.4567972350230415 0.6434540389972145 0.4706221198156682 0.6434540389972145 0.4706221198156682 0.6873259052924792 0.4567972350230415 0.6873259052924792
7 0.47868663594470046 0.6434540389972145 0.49827188940092165 0.6434540389972145 0.49827188940092165 0.6866295264623956 0.47868663594470046 0.6866295264623956
37 0.5057603686635944 0.6434540389972145 0.532258064516129 0.6434540389972145 0.532258064516129 0.6754874651810585 0.5057603686635944 0.6754874651810585
2 0.538594470046083 0.6434540389972145 0.5650921658986175 0.6434540389972145 0.5650921658986175 0.6866295264623956 0.538594470046083 0.6866295264623956
0 0.5714285714285714 0.6434540389972145 0.597926267281106 0.6434540389972145 0.597926267281106 0.6866295264623956 0.5714285714285714 0.6866295264623956
2 0.6059907834101382 0.6434540389972145 0.6255760368663594 0.6434540389972145 0.6255760368663594 0.6873259052924792 0.6059907834101382 0.6873259052924792
5 0.6342165898617511 0.6434540389972145 0.6538018433179723 0.6434540389972145 0.6538018433179723 0.6873259052924792 0.6342165898617511 0.6873259052924792
35 0.25 0.697075208913649 0.2764976958525346 0.697075208913649 0.2764976958525346 0.7409470752089137 0.25 0.7409470752089137
25 0.2834101382488479 0.697075208913649 0.3099078341013825 0.697075208913649 0.3099078341013825 0.7402506963788301 0.2834101382488479 0.7402506963788301
10 0.31682027649769584 0.697075208913649 0.3433179723502304 0.697075208913649 0.3433179723502304 0.7402506963788301 0.31682027649769584 0.7402506963788301
36 0.3519585253456221 0.697075208913649 0.3646313364055299 0.697075208913649 0.3646313364055299 0.7298050139275766 0.3519585253456221 0.7298050139275766
0 0.3709677419354839 0.697075208913649 0.39055299539170507 0.697075208913649 0.39055299539170507 0.7409470752089137 0.3709677419354839 0.7409470752089137
3 0.39631336405529954 0.697075208913649 0.41589861751152074 0.697075208913649 0.41589861751152074 0.7416434540389972 0.39631336405529954 0.7416434540389972
37 0.42223502304147464 0.697075208913649 0.44873271889400923 0.697075208913649 0.44873271889400923 0.7298050139275766 0.42223502304147464 0.7298050139275766
2 0.4573732718894009 0.697075208913649 0.4838709677419355 0.697075208913649 0.4838709677419355 0.7402506963788301 0.4573732718894009 0.7402506963788301
3 0.4902073732718894 0.697075208913649 0.5167050691244239 0.697075208913649 0.5167050691244239 0.7402506963788301 0.4902073732718894 0.7402506963788301
37 0.5253456221198156 0.697075208913649 0.5518433179723502 0.697075208913649 0.5518433179723502 0.729108635097493 0.5253456221198156 0.729108635097493
2 0.5599078341013825 0.697075208913649 0.586405529953917 0.697075208913649 0.586405529953917 0.7402506963788301 0.5599078341013825 0.7402506963788301
0 0.5944700460829493 0.697075208913649 0.6209677419354839 0.697075208913649 0.6209677419354839 0.7402506963788301 0.5944700460829493 0.7402506963788301
2 0.6273041474654378 0.697075208913649 0.646889400921659 0.697075208913649 0.646889400921659 0.7409470752089137 0.6273041474654378 0.7409470752089137
5 0.6532258064516129 0.697075208913649 0.6797235023041475 0.697075208913649 0.6797235023041475 0.7402506963788301 0.6532258064516129 0.7402506963788301
