26 0.25 0.3544568245125348 0.2764976958525346 0.3544568245125348 0.2764976958525346 0.39763231197771587 0.25 0.39763231197771587
32 0.2834101382488479 0.3544568245125348 0.3099078341013825 0.3544568245125348 0.3099078341013825 0.39763231197771587 0.2834101382488479 0.39763231197771587
15 0.315668202764977 0.3544568245125348 0.34216589861751157 0.3544568245125348 0.34216589861751157 0.3983286908077994 0.315668202764977 0.3983286908077994
36 0.3485023041474654 0.3544568245125348 0.36002304147465436 0.3544568245125348 0.36002304147465436 0.3864902506963788 0.3485023041474654 0.3864902506963788
0 0.3675115207373272 0.3544568245125348 0.3870967741935484 0.3544568245125348 0.3870967741935484 0.3983286908077994 0.3675115207373272 0.3983286908077994
1 0.3951612903225806 0.3544568245125348 0.40898617511520735 0.3544568245125348 0.40898617511520735 0.3983286908077994 0.3951612903225806 0.3983286908077994
37 0.4147465437788018 0.3544568245125348 0.4406682027649769 0.3544568245125348 0.4406682027649769 0.3857938718662952 0.4147465437788018 0.3857938718662952
0 0.44873271889400923 0.3544568245125348 0.4752304147465438 0.3544568245125348 0.4752304147465438 0.39763231197771587 0.44873271889400923 0.39763231197771587
6 0.48214285714285715 0.3544568245125348 0.5017281105990783 0.3544568245125348 0.5017281105990783 0.3983286908077994 0.48214285714285715 0.3983286908077994
37 0.5097926267281107 0.3544568245125348 0.5362903225806452 0.3544568245125348 0.5362903225806452 0.3864902506963788 0.5097926267281107 0.3864902506963788
2 0.5426267281105991 0.3544568245125348 0.5691244239631337 0.3544568245125348 0.5691244239631337 0.39763231197771587 0.5426267281105991 0.39763231197771587
0 0.5748847926267281 0.3544568245125348 0.5944700460829493 0.3544568245125348 0.5944700460829493 0.3983286908077994 0.5748847926267281 0.3983286908077994
2 0.6002304147465438 0.3544568245125348 0.6267281105990784 0.3544568245125348 0.6267281105990784 0.39763231197771587 0.6002304147465438 0.39763231197771587
5 0.6347926267281107 0.3544568245125348 0.6612903225806452 0.3544568245125348 0.6612903225806452 0.39763231197771587 0.6347926267281107 0.39763231197771587
23 0.25 0.40807799442896936 0.2695852534562212 0.40807799442896936 0.2695852534562212 0.451949860724234 0.25 0.451949860724234
20 0.27534562211981567 0.40807799442896936 0.29493087557603687 0.40807799442896936 0.29493087557603687 0.451949860724234 0.27534562211981567 0.451949860724234
12 0.30357142857142855 0.40807799442896936 0.33006912442396313 0.40807799442896936 0.33006912442396313 0.45125348189415043 0.30357142857142855 0.45125348189415043
36 0.3358294930875576 0.40807799442896936 0.3485023041474654 0.40807799442896936 0.3485023041474654 0.4401114206128134 0.3358294930875576 0.4401114206128134
1 0.3565668202764977 0.40807799442896936 0.3692396313364056 0.40807799442896936 0.3692396313364056 0.451949860724234 0.3565668202764977 0.451949860724234
2 0.3778801843317972 0.40807799442896936 0.4043778801843318 0.40807799442896936 0.4043778801843318 0.45125348189415043 0.3778801843317972 0.45125348189415043
37 0.41244239631336405 0.40807799442896936 0.43894009216589863 0.40807799442896936 0.43894009216589863 0.44080779944289694 0.41244239631336405 0.44080779944289694
3 0.4447004608294931 0.40807799442896936 0.4711981566820277 0.40807799442896936 0.4711981566820277 0.45125348189415043 0.4447004608294931 0.45125348189415043
1 0.478110599078341 0.40807799442896936 0.49539170506912444 0.40807799442896936 0.49539170506912444 0.45125348189415043 0.478110599078341 0.45125348189415043
37 0.5023041474654378 0.40807799442896936 0.5288018433179724 0.40807799442896936 0.5288018433179724 0.44080779944289694 0.5023041474654378 0.44080779944289694
2 0.5357142857142857 0.40807799442896936 0.5622119815668203 0.40807799442896936 0.5622119815668203 0.45125348189415043 0.5357142857142857 0.45125348189415043
0 0.5685483870967742 0.40807799442896936 0.5881336405529954 0.40807799442896936 0.5881336405529954 0.451949860724234 0.5685483870967742 0.451949860724234
2 0.5944700460829493 0.40807799442896936 0.6209677419354839 0.40807799442896936 0.6209677419354839 0.45125348189415043 0.5944700460829493 0.45125348189415043
4 0.6290322580645161 0.40807799442896936 0.6486175115207373 0.40807799442896936 0.6486175115207373 0.451949860724234 0.6290322580645161 0.451949860724234
