34 0.25 0.33774373259052926 0.2695852534562212 0.33774373259052926 0.2695852534562212 0.3816155988857939 0.25 0.3816155988857939
15 0.2782258064516129 0.33774373259052926 0.2978110599078341 0.33774373259052926 0.2978110599078341 0.3816155988857939 0.2782258064516129 0.3816155988857939
33 0.30357142857142855 0.33774373259052926 0.32315668202764974 0.33774373259052926 0.32315668202764974 0.3816155988857939 0.30357142857142855 0.3816155988857939
36 0.33122119815668205 0.33774373259052926 0.34389400921658986 0.33774373259052926 0.34389400921658986 0.3697771587743733 0.33122119815668205 0.3697771587743733
0 0.35253456221198154 0.33774373259052926 0.37211981566820274 0.33774373259052926 0.37211981566820274 0.3816155988857939 0.35253456221198154 0.3816155988857939
3 0.3790322580645161 0.33774373259052926 0.3986175115207373 0.33774373259052926 0.3986175115207373 0.3816155988857939 0.3790322580645161 0.3816155988857939
37 0.4055299539170507 0.33774373259052926 0.4320276497695853 0.33774373259052926 0.4320276497695853 0.3697771587743733 0.4055299539170507 0.3697771587743733
0 0.440668202764977 0.33774373259052926 0.46716589861751157 0.33774373259052926 0.46716589861751157 0.38091922005571033 0.440668202764977 0.38091922005571033
2 0.47580645161290325 0.33774373259052926 0.5023041474654378 0.33774373259052926 0.5023041474654378 0.38091922005571033 0.47580645161290325 0.38091922005571033
37 0.5092165898617511 0.33774373259052926 0.5357142857142857 0.33774373259052926 0.5357142857142857 0.3697771587743733 0.5092165898617511 0.3697771587743733
2 0.5432027649769585 0.33774373259052926 0.5697004608294931 0.33774373259052926 0.5697004608294931 0.3816155988857939 0.5432027649769585 0.3816155988857939
0 0.5771889400921659 0.33774373259052926 0.5967741935483871 0.33774373259052926 0.5967741935483871 0.3816155988857939 0.5771889400921659 0.3816155988857939
2 0.6025345622119815 0.33774373259052926 0.6290322580645161 0.33774373259052926 0.6290322580645161 0.38091922005571033 0.6025345622119815 0.38091922005571033
5 0.6359447004608295 0.33774373259052926 0.6624423963133641 0.33774373259052926 0.6624423963133641 0.38091922005571033 0.6359447004608295 0.38091922005571033
18 0.25 0.39136490250696376 0.2638248847926267 0.39136490250696376 0.2638248847926267 0.4352367688022284 0.25 0.4352367688022284
24 0.2695852534562212 0.39136490250696376 0.2960829493087558 0.39136490250696376 0.2960829493087558 0.43454038997214484 0.2695852534562212 0.43454038997214484
17 0.30357142857142855 0.39136490250696376 0.33006912442396313 0.39136490250696376 0.33006912442396313 0.43454038997214484 0.30357142857142855 0.43454038997214484
36 0.3381336405529954 0.39136490250696376 0.35080645161290325 0.39136490250696376 0.35080645161290325 0.4233983286908078 0.3381336405529954 0.4233983286908078
0 0.3577188940092166 0.39136490250696376 0.3773041474654378 0.39136490250696376 0.3773041474654378 0.4352367688022284 0.3577188940092166 0.4352367688022284
5 0.3859447004608295 0.39136490250696376 0.4124423963133641 0.39136490250696376 0.4124423963133641 0.43454038997214484 0.3859447004608295 0.43454038997214484
37 0.41993087557603687 0.39136490250696376 0.44642857142857145 0.39136490250696376 0.44642857142857145 0.4233983286908078 0.41993087557603687 0.4233983286908078
1 0.4521889400921659 0.39136490250696376 0.46486175115207373 0.39136490250696376 0.46486175115207373 0.4352367688022284 0.4521889400921659 0.4352367688022284
5 0.47119815668202764 0.39136490250696376 0.49078341013824883 0.39136490250696376 0.49078341013824883 0.4352367688022284 0.47119815668202764 0.4352367688022284
37 0.49942396313364057 0.39136490250696376 0.5259216589861752 0.39136490250696376 0.5259216589861752 0.4227019498607242 0.49942396313364057 0.4227019498607242
2 0.5316820276497696 0.39136490250696376 0.5512672811059908 0.39136490250696376 0.5512672811059908 0.43593314763231195 0.5316820276497696 0.43593314763231195
0 0.5570276497695853 0.39136490250696376 0.5766129032258065 0.39136490250696376 0.5766129032258065 0.4352367688022284 0.5570276497695853 0.4352367688022284
2 0.5846774193548387 0.39136490250696376 0.6111751152073733 0.39136490250696376 0.6111751152073733 0.43454038997214484 0.5846774193548387 0.43454038997214484
5 0.6175115207373272 0.39136490250696376 0.6370967741935484 0.39136490250696376 0.6370967741935484 0.4352367688022284 0.6175115207373272 0.4352367688022284
