12 0.25 0.5376044568245125 0.2695852534562212 0.5376044568245125 0.2695852534562212 0.5814763231197771 0.25 0.5814763231197771
14 0.277073732718894 0.5376044568245125 0.2966589861751152 0.5376044568245125 0.2966589861751152 0.5814763231197771 0.277073732718894 0.5814763231197771
20 0.3029953917050691 0.5376044568245125 0.3294930875576037 0.5376044568245125 0.3294930875576037 0.5807799442896936 0.3029953917050691 0.5807799442896936
36 0.33640552995391704 0.5376044568245125 0.34907834101382484 0.5376044568245125 0.34907834101382484 0.5696378830083565 0.33640552995391704 0.5696378830083565
0 0.3554147465437788 0.5376044568245125 0.3819124423963134 0.5376044568245125 0.3819124423963134 0.5807799442896936 0.3554147465437788 0.5807799442896936
6 0.3882488479262673 0.5376044568245125 0.4147465437788019 0.5376044568245125 0.4147465437788019 0.5807799442896936 0.3882488479262673 0.5807799442896936
37 0.42338709677419356 0.5376044568245125 0.44988479262672815 0.5376044568245125 0.44988479262672815 0.5696378830083565 0.42338709677419356 0.5696378830083565
0 0.45564516129032256 0.5376044568245125 0.47523041474654376 0.5376044568245125 0.47523041474654376 0.5821727019498607 0.45564516129032256 0.5821727019498607
9 0.4815668202764977 0.5376044568245125 0.5080645161290323 0.5376044568245125 0.5080645161290323 0.5807799442896936 0.4815668202764977 0.5807799442896936
37 0.5161290322580645 0.5376044568245125 0.5426267281105991 0.5376044568245125 0.5426267281105991 0.5696378830083565 0.5161290322580645 0.5696378830083565
2 0.548963133640553 0.5376044568245125 0.5754608294930876 0.5376044568245125 0.5754608294930876 0.5807799442896936 0.548963133640553 0.5807799442896936
0 0.5829493087557603 0.5376044568245125 0.6094470046082949 0.5376044568245125 0.6094470046082949 0.5807799442896936 0.5829493087557603 0.5807799442896936
2 0.6157834101382489 0.5376044568245125 0.6422811059907835 0.5376044568245125 0.6422811059907835 0.5814763231197771 0.6157834101382489 0.5814763231197771
5 0.6497695852534562 0.5376044568245125 0.6693548387096774 0.5376044568245125 0.6693548387096774 0.5814763231197771 0.6497695852534562 0.5814763231197771
23 0.25 0.591225626740947 0.2764976958525346 0.591225626740947 0.2764976958525346 0.6344011142061281 0.25 0.6344011142061281
12 0.2834101382488479 0.591225626740947 0.3099078341013825 0.591225626740947 0.3099078341013825 0.6344011142061281 0.2834101382488479 0.6344011142061281
11 0.3185483870967742 0.591225626740947 0.3381336405529954 0.591225626740947 0.3381336405529954 0.6350974930362117 0.3185483870967742 0.6350974930362117
36 0.3456221198156682 0.591225626740947 0.35714285714285715 0.591225626740947 0.35714285714285715 0.623259052924791 0.3456221198156682 0.623259052924791
0 0.3629032258064516 0.591225626740947 0.3894009216589862 0.591225626740947 0.3894009216589862 0.6344011142061281 0.3629032258064516 0.6344011142061281
2 0.3980414746543779 0.591225626740947 0.4176267281105991 0.591225626740947 0.4176267281105991 0.6357938718662952 0.3980414746543779 0.6357938718662952
37 0.42569124423963134 0.591225626740947 0.4521889400921659 0.591225626740947 0.4521889400921659 0.623259052924791 0.42569124423963134 0.623259052924791
1 0.45910138248847926 0.591225626740947 0.4717741935483871 0.591225626740947 0.4717741935483871 0.6350974930362117 0.45910138248847926 0.6350974930362117
2 0.4792626728110599 0.591225626740947 0.5057603686635944 0.591225626740947 0.5057603686635944 0.6344011142061281 0.4792626728110599 0.6344011142061281
37 0.5144009216589862 0.591225626740947 0.5408986175115208 0.591225626740947 0.5408986175115208 0.623259052924791 0.5144009216589862 0.623259052924791
2 0.5472350230414746 0.591225626740947 0.5668202764976958 0.591225626740947 0.5668202764976958 0.6350974930362117 0.5472350230414746 0.6350974930362117
0 0.5754608294930875 0.591225626740947 0.6019585253456221 0.591225626740947 0.6019585253456221 0.6344011142061281 0.5754608294930875 0.6344011142061281
2 0.6100230414746544 0.591225626740947 0.636520737327189 0.591225626740947 0.636520737327189 0.6350974930362117 0.6100230414746544 0.6350974930362117
5 0.6440092165898618 0.591225626740947 0.6705069124423964 0.591225626740947 0.6705069124423964 0.6344011142061281 0.6440092165898618 0.6344011142061281
