32 0.25 0.520891364902507 0.2695852534562212 0.520891364902507 0.2695852534562212 0.5647632311977716 0.25 0.5647632311977716
11 0.2782258064516129 0.520891364902507 0.30472350230414746 0.520891364902507 0.30472350230414746 0.564066852367688 0.2782258064516129 0.564066852367688
32 0.3122119815668203 0.520891364902507 0.3317972350230415 0.520891364902507 0.3317972350230415 0.5647632311977716 0.3122119815668203 0.5647632311977716
36 0.3387096774193548 0.520891364902507 0.3456221198156682 0.520891364902507 0.3456221198156682 0.5473537604456825 0.3387096774193548 0.5473537604456825
1 0.353110599078341 0.520891364902507 0.37039170506912444 0.520891364902507 0.37039170506912444 0.564066852367688 0.353110599078341 0.564066852367688
2 0.3778801843317972 0.520891364902507 0.3974654377880184 0.520891364902507 0.3974654377880184 0.5654596100278552 0.3778801843317972 0.5654596100278552
37 0.4043778801843318 0.520891364902507 0.4308755760368664 0.520891364902507 0.4308755760368664 0.552924791086351 0.4043778801843318 0.552924791086351
0 0.4372119815668203 0.520891364902507 0.4567972350230415 0.520891364902507 0.4567972350230415 0.5654596100278552 0.4372119815668203 0.5654596100278552
3 0.46486175115207373 0.520891364902507 0.4913594470046083 0.520891364902507 0.4913594470046083 0.564066852367688 0.46486175115207373 0.564066852367688
37 0.4976958525345622 0.520891364902507 0.5241935483870968 0.520891364902507 0.5241935483870968 0.552924791086351 0.4976958525345622 0.552924791086351
2 0.5299539170506913 0.520891364902507 0.5564516129032259 0.520891364902507 0.5564516129032259 0.564066852367688 0.5299539170506913 0.564066852367688
0 0.5622119815668203 0.520891364902507 0.5887096774193549 0.520891364902507 0.5887096774193549 0.564066852367688 0.5622119815668203 0.564066852367688
2 0.5944700460829493 0.520891364902507 0.6140552995391705 0.520891364902507 0.6140552995391705 0.5647632311977716 0.5944700460829493 0.5647632311977716
4 0.6215437788018433 0.520891364902507 0.6480414746543779 0.520891364902507 0.6480414746543779 0.564066852367688 0.6215437788018433 0.564066852367688
22 0.25 0.5745125348189415 0.2764976958525346 0.5745125348189415 0.2764976958525346 0.6176880222841226 0.25 0.6176880222841226
31 0.28225806451612906 0.5745125348189415 0.30184331797235026 0.5745125348189415 0.30184331797235026 0.6183844011142061 0.28225806451612906 0.6183844011142061
26 0.3099078341013825 0.5745125348189415 0.3294930875576037 0.5745125348189415 0.3294930875576037 0.6183844011142061 0.3099078341013825 0.6183844011142061
36 0.3369815668202765 0.5745125348189415 0.3438940092165899 0.5745125348189415 0.3438940092165899 0.6023676880222841 0.3369815668202765 0.6023676880222841
1 0.34965437788018433 0.5745125348189415 0.36693548387096775 0.5745125348189415 0.36693548387096775 0.6176880222841226 0.34965437788018433 0.6176880222841226
0 0.3726958525345622 0.5745125348189415 0.3991935483870968 0.5745125348189415 0.3991935483870968 0.6176880222841226 0.3726958525345622 0.6176880222841226
37 0.4078341013824885 0.5745125348189415 0.4343317972350231 0.5745125348189415 0.4343317972350231 0.6065459610027855 0.4078341013824885 0.6065459610027855
1 0.4412442396313364 0.5745125348189415 0.4573732718894009 0.5745125348189415 0.4573732718894009 0.6176880222841226 0.4412442396313364 0.6176880222841226
1 0.46601382488479265 0.5745125348189415 0.4786866359447005 0.5745125348189415 0.4786866359447005 0.6183844011142061 0.46601382488479265 0.6183844011142061
37 0.48559907834101385 0.5745125348189415 0.5120967741935484 0.5745125348189415 0.5120967741935484 0.6065459610027855 0.48559907834101385 0.6065459610027855
2 0.5190092165898618 0.5745125348189415 0.5455069124423964 0.5745125348189415 0.5455069124423964 0.6176880222841226 0.5190092165898618 0.6176880222841226
0 0.5518433179723502 0.5745125348189415 0.5783410138248848 0.5745125348189415 0.5783410138248848 0.6176880222841226 0.5518433179723502 0.6176880222841226
2 0.5858294930875576 0.5745125348189415 0.6054147465437788 0.5745125348189415 0.6054147465437788 0.6190807799442897 0.5858294930875576 0.6190807799442897
5 0.613479262672811 0.5745125348189415 0.6330645161290323 0.5745125348189415 0.6330645161290323 0.6183844011142061 0.613479262672811 0.6183844011142061
