32 0.25 0.4742339832869081 0.2695852534562212 0.4742339832869081 0.2695852534562212 0.5181058495821727 0.25 0.5181058495821727
12 0.27764976958525345 0.4742339832869081 0.30414746543778803 0.4742339832869081 0.30414746543778803 0.5174094707520891 0.27764976958525345 0.5174094707520891
34 0.31163594470046085 0.4742339832869081 0.33122119815668205 0.4742339832869081 0.33122119815668205 0.5181058495821727 0.31163594470046085 0.5181058495821727
36 0.33755760368663595 0.4742339832869081 0.3490783410138249 0.4742339832869081 0.3490783410138249 0.5069637883008357 0.33755760368663595 0.5069637883008357
0 0.3565668202764977 0.4742339832869081 0.3830645161290323 0.4742339832869081 0.3830645161290323 0.5174094707520891 0.3565668202764977 0.5174094707520891
9 0.38997695852534564 0.4742339832869081 0.40956221198156684 0.4742339832869081 0.40956221198156684 0.5181058495821727 0.38997695852534564 0.5181058495821727
37 0.4182027649769585 0.4742339832869081 0.4447004608294931 0.4742339832869081 0.4447004608294931 0.5062674094707521 0.4182027649769585 0.5062674094707521
1 0.4504608294930876 0.4742339832869081 0.46313364055299544 0.4742339832869081 0.46313364055299544 0.5181058495821727 0.4504608294930876 0.5181058495821727
1 0.47119815668202764 0.4742339832869081 0.4838709677419355 0.4742339832869081 0.4838709677419355 0.5181058495821727 0.47119815668202764 0.5181058495821727
37 0.48963133640552997 0.4742339832869081 0.511520737327189 0.4742339832869081 0.511520737327189 0.5006963788300836 0.48963133640552997 0.5006963788300836
2 0.5184331797235023 0.4742339832869081 0.5449308755760369 0.4742339832869081 0.5449308755760369 0.5174094707520891 0.5184331797235023 0.5174094707520891
0 0.5512672811059908 0.4742339832869081 0.5777649769585254 0.4742339832869081 0.5777649769585254 0.5174094707520891 0.5512672811059908 0.5174094707520891
2 0.586405529953917 0.4742339832869081 0.6129032258064516 0.4742339832869081 0.6129032258064516 0.5174094707520891 0.586405529953917 0.5174094707520891
5 0.6215437788018433 0.4742339832869081 0.6480414746543779 0.4742339832869081 0.6480414746543779 0.5174094707520891 0.6215437788018433 0.5174094707520891
12 0.25 0.5278551532033426 0.2695852534562212 0.5278551532033426 0.2695852534562212 0.5717270194986073 0.25 0.5717270194986073
27 0.27764976958525345 0.5278551532033426 0.30414746543778803 0.5278551532033426 0.30414746543778803 0.5710306406685237 0.27764976958525345 0.5710306406685237
27 0.3127880184331797 0.5278551532033426 0.3392857142857143 0.5278551532033426 0.3392857142857143 0.5710306406685237 0.3127880184331797 0.5710306406685237
36 0.3450460829493088 0.5278551532033426 0.3565668202764977 0.5278551532033426 0.3565668202764977 0.5605849582172702 0.3450460829493088 0.5605849582172702
1 0.3652073732718894 0.5278551532033426 0.37788018433179726 0.5278551532033426 0.37788018433179726 0.5717270194986073 0.3652073732718894 0.5717270194986073
2 0.38536866359447003 0.5278551532033426 0.4049539170506912 0.5278551532033426 0.4049539170506912 0.5717270194986073 0.38536866359447003 0.5717270194986073
37 0.41359447004608296 0.5278551532033426 0.44009216589861755 0.5278551532033426 0.44009216589861755 0.5598885793871866 0.41359447004608296 0.5598885793871866
2 0.4475806451612903 0.5278551532033426 0.4740783410138249 0.5278551532033426 0.4740783410138249 0.5710306406685237 0.4475806451612903 0.5710306406685237
6 0.4827188940092166 0.5278551532033426 0.5023041474654377 0.5278551532033426 0.5023041474654377 0.5717270194986073 0.4827188940092166 0.5717270194986073
37 0.5109447004608295 0.5278551532033426 0.5374423963133641 0.5278551532033426 0.5374423963133641 0.5598885793871866 0.5109447004608295 0.5598885793871866
2 0.543778801843318 0.5278551532033426 0.5633640552995391 0.5278551532033426 0.5633640552995391 0.5717270194986073 0.543778801843318 0.5717270194986073
0 0.5714285714285714 0.5278551532033426 0.5910138248847926 0.5278551532033426 0.5910138248847926 0.5717270194986073 0.5714285714285714 0.5717270194986073
2 0.5985023041474654 0.5278551532033426 0.625 0.5278551532033426 0.625 0.5717270194986073 0.5985023041474654 0.5717270194986073
4 0.631336405529954 0.5278551532033426 0.6509216589861752 0.5278551532033426 0.6509216589861752 0.5717270194986073 0.631336405529954 0.5717270194986073
