23 0.25 0.48746518105849584 0.2764976958525346 0.48746518105849584 0.2764976958525346 0.5306406685236769 0.25 0.5306406685236769
25 0.28225806451612906 0.48746518105849584 0.30875576036866365 0.48746518105849584 0.30875576036866365 0.5306406685236769 0.28225806451612906 0.5306406685236769
22 0.31451612903225806 0.48746518105849584 0.34101382488479265 0.48746518105849584 0.34101382488479265 0.5306406685236769 0.31451612903225806 0.5306406685236769
36 0.3485023041474654 0.48746518105849584 0.36002304147465436 0.48746518105849584 0.36002304147465436 0.5194986072423399 0.3485023041474654 0.5194986072423399
0 0.36693548387096775 0.48746518105849584 0.39343317972350234 0.48746518105849584 0.39343317972350234 0.5306406685236769 0.36693548387096775 0.5306406685236769
4 0.39976958525345624 0.48746518105849584 0.41935483870967744 0.48746518105849584 0.41935483870967744 0.5313370473537604 0.39976958525345624 0.5313370473537604
37 0.42684331797235026 0.48746518105849584 0.45276497695852536 0.48746518105849584 0.45276497695852536 0.5188022284122563 0.42684331797235026 0.5188022284122563
2 0.45852534562211983 0.48746518105849584 0.478110599078341 0.48746518105849584 0.478110599078341 0.5313370473537604 0.45852534562211983 0.5313370473537604
4 0.48444700460829493 0.48746518105849584 0.5040322580645161 0.48746518105849584 0.5040322580645161 0.5313370473537604 0.48444700460829493 0.5313370473537604
37 0.511520737327189 0.48746518105849584 0.5380184331797235 0.48746518105849584 0.5380184331797235 0.5194986072423399 0.511520737327189 0.5194986072423399
2 0.5460829493087558 0.48746518105849584 0.565668202764977 0.48746518105849584 0.565668202764977 0.5320334261838441 0.5460829493087558 0.5320334261838441
0 0.5720046082949308 0.48746518105849584 0.5985023041474654 0.48746518105849584 0.5985023041474654 0.5306406685236769 0.5720046082949308 0.5306406685236769
2 0.6048387096774194 0.48746518105849584 0.6244239631336406 0.48746518105849584 0.6244239631336406 0.5313370473537604 0.6048387096774194 0.5313370473537604
5 0.6319124423963134 0.48746518105849584 0.658410138248848 0.48746518105849584 0.658410138248848 0.5306406685236769 0.6319124423963134 0.5306406685236769
22 0.25 0.5410863509749304 0.2695852534562212 0.5410863509749304 0.2695852534562212 0.584958217270195 0.25 0.584958217270195
17 0.2764976958525346 0.5410863509749304 0.3029953917050692 0.5410863509749304 0.3029953917050692 0.5842618384401115 0.2764976958525346 0.5842618384401115
30 0.31048387096774194 0.5410863509749304 0.3369815668202765 0.5410863509749304 0.3369815668202765 0.5842618384401115 0.31048387096774194 0.5842618384401115
36 0.3444700460829493 0.5410863509749304 0.3571428571428571 0.5410863509749304 0.3571428571428571 0.5731197771587744 0.3444700460829493 0.5731197771587744
0 0.36463133640552997 0.5410863509749304 0.39112903225806456 0.5410863509749304 0.39112903225806456 0.584958217270195 0.36463133640552997 0.584958217270195
7 0.39976958525345624 0.5410863509749304 0.4262672811059908 0.5410863509749304 0.4262672811059908 0.584958217270195 0.39976958525345624 0.584958217270195
37 0.43202764976958524 0.5410863509749304 0.45852534562211983 0.5410863509749304 0.45852534562211983 0.5738161559888579 0.43202764976958524 0.5738161559888579
1 0.46486175115207373 0.5410863509749304 0.4763824884792627 0.5410863509749304 0.4763824884792627 0.5842618384401115 0.46486175115207373 0.5842618384401115
1 0.4827188940092166 0.5410863509749304 0.5 0.5410863509749304 0.5 0.5842618384401115 0.4827188940092166 0.5842618384401115
37 0.5074884792626728 0.5410863509749304 0.5339861751152074 0.5410863509749304 0.5339861751152074 0.5731197771587744 0.5074884792626728 0.5731197771587744
2 0.5403225806451613 0.5410863509749304 0.5599078341013825 0.5410863509749304 0.5599078341013825 0.584958217270195 0.5403225806451613 0.584958217270195
0 0.5679723502304147 0.5410863509749304 0.5944700460829493 0.5410863509749304 0.5944700460829493 0.584958217270195 0.5679723502304147 0.584958217270195
2 0.6025345622119815 0.5410863509749304 0.6221198156682027 0.5410863509749304 0.6221198156682027 0.584958217270195 0.6025345622119815 0.584958217270195
5 0.6307603686635944 0.5410863509749304 0.6503456221198156 0.5410863509749304 0.6503456221198156 0.584958217270195 0.6307603686635944 0.584958217270195
