11 0.25 0.5243732590529248 0.2695852534562212 0.5243732590529248 0.2695852534562212 0.5682451253481894 0.25 0.5682451253481894
34 0.2782258064516129 0.5243732590529248 0.30472350230414746 0.5243732590529248 0.30472350230414746 0.5675487465181058 0.2782258064516129 0.5675487465181058
11 0.3127880184331797 0.5243732590529248 0.3392857142857143 0.5243732590529248 0.3392857142857143 0.5675487465181058 0.3127880184331797 0.5675487465181058
36 0.3467741935483871 0.5243732590529248 0.35944700460829493 0.5243732590529248 0.35944700460829493 0.5564066852367687 0.3467741935483871 0.5564066852367687
1 0.3675115207373272 0.5243732590529248 0.3847926267281106 0.5243732590529248 0.3847926267281106 0.5675487465181058 0.3675115207373272 0.5675487465181058
0 0.39055299539170507 0.5243732590529248 0.41705069124423966 0.5243732590529248 0.41705069124423966 0.5675487465181058 0.39055299539170507 0.5675487465181058
37 0.4228110599078341 0.5243732590529248 0.44930875576036866 0.5243732590529248 0.44930875576036866 0.5564066852367687 0.4228110599078341 0.5564066852367687
2 0.4567972350230415 0.5243732590529248 0.48329493087557607 0.5243732590529248 0.48329493087557607 0.5675487465181058 0.4567972350230415 0.5675487465181058
3 0.4902073732718894 0.5243732590529248 0.5167050691244239 0.5243732590529248 0.5167050691244239 0.5682451253481894 0.4902073732718894 0.5682451253481894
37 0.5224654377880185 0.5243732590529248 0.548963133640553 0.5243732590529248 0.548963133640553 0.5564066852367687 0.5224654377880185 0.5564066852367687
2 0.5547235023041475 0.5243732590529248 0.581221198156682 0.5243732590529248 0.581221198156682 0.5682451253481894 0.5547235023041475 0.5682451253481894
0 0.5869815668202765 0.5243732590529248 0.613479262672811 0.5243732590529248 0.613479262672811 0.5682451253481894 0.5869815668202765 0.5682451253481894
2 0.619815668202765 0.5243732590529248 0.6463133640552996 0.5243732590529248 0.6463133640552996 0.5682451253481894 0.619815668202765 0.5682451253481894
5 0.6543778801843319 0.5243732590529248 0.6808755760368664 0.5243732590529248 0.6808755760368664 0.5682451253481894 0.6543778801843319 0.5682451253481894
13 0.25 0.5779944289693594 0.2764976958525346 0.5779944289693594 0.2764976958525346 0.6211699164345404 0.25 0.6211699164345404
31 0.28225806451612906 0.5779944289693594 0.30875576036866365 0.5779944289693594 0.30875576036866365 0.6211699164345404 0.28225806451612906 0.6211699164345404
21 0.3150921658986175 0.5779944289693594 0.3415898617511521 0.5779944289693594 0.3415898617511521 0.6211699164345404 0.3150921658986175 0.6211699164345404
36 0.34735023041474655 0.5779944289693594 0.36002304147465436 0.5779944289693594 0.36002304147465436 0.6100278551532033 0.34735023041474655 0.6100278551532033
0 0.3686635944700461 0.5779944289693594 0.3882488479262673 0.5779944289693594 0.3882488479262673 0.621866295264624 0.3686635944700461 0.621866295264624
7 0.3945852534562212 0.5779944289693594 0.4210829493087558 0.5779944289693594 0.4210829493087558 0.6211699164345404 0.3945852534562212 0.6211699164345404
37 0.42684331797235026 0.5779944289693594 0.45334101382488484 0.5779944289693594 0.45334101382488484 0.6100278551532033 0.42684331797235026 0.6100278551532033
0 0.4602534562211982 0.5779944289693594 0.48675115207373276 0.5779944289693594 0.48675115207373276 0.6211699164345404 0.4602534562211982 0.6211699164345404
1 0.4942396313364055 0.5779944289693594 0.511520737327189 0.5779944289693594 0.511520737327189 0.6211699164345404 0.4942396313364055 0.6211699164345404
37 0.5201612903225806 0.5779944289693594 0.5466589861751152 0.5779944289693594 0.5466589861751152 0.6100278551532033 0.5201612903225806 0.6100278551532033
2 0.5524193548387096 0.5779944289693594 0.5720046082949308 0.5779944289693594 0.5720046082949308 0.621866295264624 0.5524193548387096 0.621866295264624
0 0.5789170506912442 0.5779944289693594 0.6054147465437788 0.5779944289693594 0.6054147465437788 0.6211699164345404 0.5789170506912442 0.6211699164345404
2 0.6123271889400922 0.5779944289693594 0.6388248847926268 0.5779944289693594 0.6388248847926268 0.6211699164345404 0.6123271889400922 0.6211699164345404
5 0.6457373271889401 0.5779944289693594 0.6722350230414746 0.5779944289693594 0.6722350230414746 0.621866295264624 0.6457373271889401 0.621866295264624
