16 0.25 0.5062674094707521 0.2764976958525346 0.5062674094707521 0.2764976958525346 0.5501392757660167 0.25 0.5501392757660167
16 0.28398617511520735 0.5062674094707521 0.31048387096774194 0.5062674094707521 0.31048387096774194 0.5494428969359332 0.28398617511520735 0.5494428969359332
12 0.3191244239631336 0.5062674094707521 0.3456221198156682 0.5062674094707521 0.3456221198156682 0.5494428969359332 0.3191244239631336 0.5494428969359332
36 0.3519585253456221 0.5062674094707521 0.3646313364055299 0.5062674094707521 0.3646313364055299 0.5383008356545961 0.3519585253456221 0.5383008356545961
0 0.37327188940092165 0.5062674094707521 0.39976958525345624 0.5062674094707521 0.39976958525345624 0.5494428969359332 0.37327188940092165 0.5494428969359332
5 0.4084101382488479 0.5062674094707521 0.4279953917050691 0.5062674094707521 0.4279953917050691 0.5501392757660167 0.4084101382488479 0.5501392757660167
37 0.434331797235023 0.5062674094707521 0.4608294930875576 0.5062674094707521 0.4608294930875576 0.5383008356545961 0.434331797235023 0.5383008356545961
0 0.4665898617511521 0.5062674094707521 0.49308755760368667 0.5062674094707521 0.49308755760368667 0.5494428969359332 0.4665898617511521 0.5494428969359332
3 0.49942396313364057 0.5062674094707521 0.5190092165898618 0.5062674094707521 0.5190092165898618 0.5501392757660167 0.49942396313364057 0.5501392757660167
37 0.5247695852534562 0.5062674094707521 0.5512672811059908 0.5062674094707521 0.5512672811059908 0.5383008356545961 0.5247695852534562 0.5383008356545961
2 0.5599078341013825 0.5062674094707521 0.586405529953917 0.5062674094707521 0.586405529953917 0.5501392757660167 0.5599078341013825 0.5501392757660167
0 0.5933179723502304 0.5062674094707521 0.619815668202765 0.5062674094707521 0.619815668202765 0.5494428969359332 0.5933179723502304 0.5494428969359332
2 0.6284562211981567 0.5062674094707521 0.6549539170506913 0.5062674094707521 0.6549539170506913 0.5494428969359332 0.6284562211981567 0.5494428969359332
5 0.6612903225806451 0.5062674094707521 0.6877880184331797 0.5062674094707521 0.6877880184331797 0.5494428969359332 0.6612903225806451 0.5494428969359332
30 0.25 0.5598885793871866 0.2695852534562212 0.5598885793871866 0.2695852534562212 0.6037604456824512 0.25 0.6037604456824512
16 0.2782258064516129 0.5598885793871866 0.30472350230414746 0.5598885793871866 0.30472350230414746 0.6030640668523677 0.2782258064516129 0.6030640668523677
18 0.31163594470046085 0.5598885793871866 0.3289170506912443 0.5598885793871866 0.3289170506912443 0.6030640668523677 0.31163594470046085 0.6030640668523677
36 0.33755760368663595 0.5598885793871866 0.3490783410138249 0.5598885793871866 0.3490783410138249 0.5919220055710306 0.33755760368663595 0.5919220055710306
0 0.3554147465437788 0.5598885793871866 0.3819124423963134 0.5598885793871866 0.3819124423963134 0.6030640668523677 0.3554147465437788 0.6030640668523677
1 0.38940092165898615 0.5598885793871866 0.4066820276497696 0.5598885793871866 0.4066820276497696 0.6030640668523677 0.38940092165898615 0.6030640668523677
37 0.4141705069124424 0.5598885793871866 0.43605990783410137 0.5598885793871866 0.43605990783410137 0.5863509749303621 0.4141705069124424 0.5863509749303621
0 0.4435483870967742 0.5598885793871866 0.4700460829493088 0.5598885793871866 0.4700460829493088 0.6030640668523677 0.4435483870967742 0.6030640668523677
5 0.4769585253456221 0.5598885793871866 0.5034562211981567 0.5598885793871866 0.5034562211981567 0.6030640668523677 0.4769585253456221 0.6030640668523677
37 0.5097926267281107 0.5598885793871866 0.5362903225806452 0.5598885793871866 0.5362903225806452 0.5919220055710306 0.5097926267281107 0.5919220055710306
2 0.5432027649769585 0.5598885793871866 0.5697004608294931 0.5598885793871866 0.5697004608294931 0.6030640668523677 0.5432027649769585 0.6030640668523677
0 0.5771889400921659 0.5598885793871866 0.5967741935483871 0.5598885793871866 0.5967741935483871 0.6037604456824512 0.5771889400921659 0.6037604456824512
2 0.6048387096774194 0.5598885793871866 0.631336405529954 0.5598885793871866 0.631336405529954 0.6030640668523677 0.6048387096774194 0.6030640668523677
5 0.6399769585253456 0.5598885793871866 0.6664746543778802 0.5598885793871866 0.6664746543778802 0.6030640668523677 0.6399769585253456 0.6030640668523677
