12 0.25 0.3983286908077994 0.2764976958525346 0.3983286908077994 0.2764976958525346 0.4415041782729805 0.25 0.4415041782729805
22 0.2834101382488479 0.3983286908077994 0.3029953917050691 0.3983286908077994 0.3029953917050691 0.44220055710306405 0.2834101382488479 0.44220055710306405
19 0.31048387096774194 0.3983286908077994 0.3369815668202765 0.3983286908077994 0.3369815668202765 0.44220055710306405 0.31048387096774194 0.44220055710306405
36 0.3444700460829493 0.3983286908077994 0.35599078341013823 0.3983286908077994 0.35599078341013823 0.431058495821727 0.3444700460829493 0.431058495821727
0 0.36347926267281105 0.3983286908077994 0.38997695852534564 0.3983286908077994 0.38997695852534564 0.4415041782729805 0.36347926267281105 0.4415041782729805
4 0.39631336405529954 0.3983286908077994 0.42281105990783413 0.3983286908077994 0.42281105990783413 0.4415041782729805 0.39631336405529954 0.4415041782729805
37 0.42972350230414746 0.3983286908077994 0.45622119815668205 0.3983286908077994 0.45622119815668205 0.43036211699164345 0.42972350230414746 0.43036211699164345
1 0.4631336405529954 0.3983286908077994 0.4804147465437788 0.3983286908077994 0.4804147465437788 0.4415041782729805 0.4631336405529954 0.4415041782729805
1 0.4861751152073733 0.3983286908077994 0.5034562211981567 0.3983286908077994 0.5034562211981567 0.44220055710306405 0.4861751152073733 0.44220055710306405
37 0.5109447004608295 0.3983286908077994 0.5374423963133641 0.3983286908077994 0.5374423963133641 0.43036211699164345 0.5109447004608295 0.43036211699164345
2 0.5449308755760369 0.3983286908077994 0.5645161290322581 0.3983286908077994 0.5645161290322581 0.44220055710306405 0.5449308755760369 0.44220055710306405
0 0.5720046082949308 0.3983286908077994 0.5985023041474654 0.3983286908077994 0.5985023041474654 0.44220055710306405 0.5720046082949308 0.44220055710306405
2 0.6054147465437788 0.3983286908077994 0.6319124423963134 0.3983286908077994 0.6319124423963134 0.44220055710306405 0.6054147465437788 0.44220055710306405
5 0.6382488479262672 0.3983286908077994 0.6578341013824884 0.3983286908077994 0.6578341013824884 0.44220055710306405 0.6382488479262672 0.44220055710306405
31 0.25 0.451949860724234 0.2695852534562212 0.451949860724234 0.2695852534562212 0.4958217270194986 0.25 0.4958217270194986
10 0.2759216589861751 0.451949860724234 0.2955069124423963 0.451949860724234 0.2955069124423963 0.4958217270194986 0.2759216589861751 0.4958217270194986
31 0.3024193548387097 0.451949860724234 0.3289170506912443 0.451949860724234 0.3289170506912443 0.49512534818941506 0.3024193548387097 0.49512534818941506
36 0.3352534562211982 0.451949860724234 0.34216589861751157 0.451949860724234 0.34216589861751157 0.479108635097493 0.3352534562211982 0.479108635097493
1 0.3485023041474654 0.451949860724234 0.3611751152073732 0.451949860724234 0.3611751152073732 0.4958217270194986 0.3485023041474654 0.4958217270194986
2 0.3675115207373272 0.451949860724234 0.3870967741935484 0.451949860724234 0.3870967741935484 0.4958217270194986 0.3675115207373272 0.4958217270194986
37 0.3934331797235023 0.451949860724234 0.41993087557603687 0.451949860724234 0.41993087557603687 0.48328690807799446 0.3934331797235023 0.48328690807799446
0 0.42857142857142855 0.451949860724234 0.45506912442396313 0.451949860724234 0.45506912442396313 0.49512534818941506 0.42857142857142855 0.49512534818941506
6 0.4619815668202765 0.451949860724234 0.4884792626728111 0.451949860724234 0.4884792626728111 0.49512534818941506 0.4619815668202765 0.49512534818941506
37 0.4959677419354839 0.451949860724234 0.5224654377880185 0.451949860724234 0.5224654377880185 0.483983286908078 0.4959677419354839 0.483983286908078
2 0.5293778801843319 0.451949860724234 0.548963133640553 0.451949860724234 0.548963133640553 0.4958217270194986 0.5293778801843319 0.4958217270194986
0 0.5547235023041475 0.451949860724234 0.5743087557603687 0.451949860724234 0.5743087557603687 0.4958217270194986 0.5547235023041475 0.4958217270194986
2 0.5829493087557603 0.451949860724234 0.6094470046082949 0.451949860724234 0.6094470046082949 0.49512534818941506 0.5829493087557603 0.49512534818941506
4 0.6169354838709677 0.451949860724234 0.636520737327189 0.451949860724234 0.636520737327189 0.49512534818941506 0.6169354838709677 0.49512534818941506
