23 0.25 0.6260445682451253 0.2695852534562212 0.6260445682451253 0.2695852534562212 0.66991643454039 0.25 0.66991643454039
31 0.277073732718894 0.6260445682451253 0.3035714285714286 0.6260445682451253 0.3035714285714286 0.6692200557103064 0.277073732718894 0.6692200557103064
18 0.31105990783410137 0.6260445682451253 0.32373271889400923 0.6260445682451253 0.32373271889400923 0.66991643454039 0.31105990783410137 0.66991643454039
36 0.3317972350230415 0.6260445682451253 0.3444700460829493 0.6260445682451253 0.3444700460829493 0.6580779944289693 0.3317972350230415 0.6580779944289693
0 0.353110599078341 0.6260445682451253 0.3796082949308756 0.6260445682451253 0.3796082949308756 0.6692200557103064 0.353110599078341 0.6692200557103064
6 0.3882488479262673 0.6260445682451253 0.4078341013824885 0.6260445682451253 0.4078341013824885 0.66991643454039 0.3882488479262673 0.66991643454039
37 0.4141705069124424 0.6260445682451253 0.440668202764977 0.6260445682451253 0.440668202764977 0.6580779944289693 0.4141705069124424 0.6580779944289693
1 0.4475806451612903 0.6260445682451253 0.46486175115207373 0.6260445682451253 0.46486175115207373 0.6692200557103064 0.4475806451612903 0.6692200557103064
8 0.4717741935483871 0.6260445682451253 0.4982718894009217 0.6260445682451253 0.4982718894009217 0.6692200557103064 0.4717741935483871 0.6692200557103064
37 0.505184331797235 0.6260445682451253 0.5316820276497696 0.6260445682451253 0.5316820276497696 0.6587743732590529 0.505184331797235 0.6587743732590529
2 0.5380184331797235 0.6260445682451253 0.5645161290322581 0.6260445682451253 0.5645161290322581 0.6692200557103064 0.5380184331797235 0.6692200557103064
0 0.570852534562212 0.6260445682451253 0.5973502304147466 0.6260445682451253 0.5973502304147466 0.6692200557103064 0.570852534562212 0.6692200557103064
2 0.6036866359447005 0.6260445682451253 0.6301843317972351 0.6260445682451253 0.6301843317972351 0.6692200557103064 0.6036866359447005 0.6692200557103064
5 0.6359447004608295 0.6260445682451253 0.6624423963133641 0.6260445682451253 0.6624423963133641 0.6692200557103064 0.6359447004608295 0.6692200557103064
16 0.25 0.6796657381615598 0.2695852534562212 0.6796657381615598 0.2695852534562212 0.724233983286908 0.25 0.724233983286908
28 0.2764976958525346 0.6796657381615598 0.3029953917050692 0.6796657381615598 0.3029953917050692 0.7228412256267409 0.2764976958525346 0.7228412256267409
17 0.3099078341013825 0.6796657381615598 0.3364055299539171 0.6796657381615598 0.3364055299539171 0.7228412256267409 0.3099078341013825 0.7228412256267409
36 0.34389400921658986 0.6796657381615598 0.3554147465437788 0.6796657381615598 0.3554147465437788 0.7116991643454038 0.34389400921658986 0.7116991643454038
0 0.3629032258064516 0.6796657381615598 0.3824884792626728 0.6796657381615598 0.3824884792626728 0.7235376044568245 0.3629032258064516 0.7235376044568245
3 0.3911290322580645 0.6796657381615598 0.4176267281105991 0.6796657381615598 0.4176267281105991 0.7235376044568245 0.3911290322580645 0.7235376044568245
37 0.42338709677419356 0.6796657381615598 0.44988479262672815 0.6796657381615598 0.44988479262672815 0.7116991643454038 0.42338709677419356 0.7116991643454038
1 0.4567972350230415 0.6796657381615598 0.4740783410138249 0.6796657381615598 0.4740783410138249 0.7228412256267409 0.4567972350230415 0.7228412256267409
3 0.4798387096774194 0.6796657381615598 0.506336405529954 0.6796657381615598 0.506336405529954 0.7228412256267409 0.4798387096774194 0.7228412256267409
37 0.5144009216589862 0.6796657381615598 0.5408986175115208 0.6796657381615598 0.5408986175115208 0.7116991643454038 0.5144009216589862 0.7116991643454038
2 0.5495391705069125 0.6796657381615598 0.5760368663594471 0.6796657381615598 0.5760368663594471 0.7235376044568245 0.5495391705069125 0.7235376044568245
0 0.5841013824884793 0.6796657381615598 0.6036866359447005 0.6796657381615598 0.6036866359447005 0.7235376044568245 0.5841013824884793 0.7235376044568245
2 0.6094470046082949 0.6796657381615598 0.6359447004608295 0.6796657381615598 0.6359447004608295 0.7228412256267409 0.6094470046082949 0.7228412256267409
5 0.6428571428571429 0.6796657381615598 0.6693548387096775 0.6796657381615598 0.6693548387096775 0.7228412256267409 0.6428571428571429 0.7228412256267409
