21 0.25 0.5313370473537604 0.2695852534562212 0.5313370473537604 0.2695852534562212 0.575208913649025 0.25 0.575208913649025
28 0.27534562211981567 0.5313370473537604 0.30184331797235026 0.5313370473537604 0.30184331797235026 0.5745125348189415 0.27534562211981567 0.5745125348189415
31 0.309331797235023 0.5313370473537604 0.3289170506912442 0.5313370473537604 0.3289170506912442 0.575208913649025 0.309331797235023 0.575208913649025
36 0.33640552995391704 0.5313370473537604 0.3433179723502304 0.5313370473537604 0.3433179723502304 0.5591922005571031 0.33640552995391704 0.5591922005571031
0 0.3519585253456221 0.5313370473537604 0.3784562211981567 0.5313370473537604 0.3784562211981567 0.5745125348189415 0.3519585253456221 0.5745125348189415
5 0.3847926267281106 0.5313370473537604 0.4112903225806452 0.5313370473537604 0.4112903225806452 0.5745125348189415 0.3847926267281106 0.5745125348189415
37 0.4176267281105991 0.5313370473537604 0.4441244239631337 0.5313370473537604 0.4441244239631337 0.5633704735376044 0.4176267281105991 0.5633704735376044
1 0.4498847926267281 0.5313370473537604 0.4671658986175115 0.5313370473537604 0.4671658986175115 0.5745125348189415 0.4498847926267281 0.5745125348189415
2 0.47465437788018433 0.5313370473537604 0.5011520737327189 0.5313370473537604 0.5011520737327189 0.5745125348189415 0.47465437788018433 0.5745125348189415
37 0.5086405529953917 0.5313370473537604 0.5351382488479263 0.5313370473537604 0.5351382488479263 0.5633704735376044 0.5086405529953917 0.5633704735376044
2 0.5408986175115207 0.5313370473537604 0.5604838709677419 0.5313370473537604 0.5604838709677419 0.575208913649025 0.5408986175115207 0.575208913649025
0 0.5679723502304147 0.5313370473537604 0.5944700460829493 0.5313370473537604 0.5944700460829493 0.5745125348189415 0.5679723502304147 0.5745125348189415
2 0.6008064516129032 0.5313370473537604 0.6273041474654378 0.5313370473537604 0.6273041474654378 0.5745125348189415 0.6008064516129032 0.5745125348189415
5 0.6330645161290323 0.5313370473537604 0.6595622119815668 0.5313370473537604 0.6595622119815668 0.5745125348189415 0.6330645161290323 0.5745125348189415
25 0.25 0.584958217270195 0.2695852534562212 0.584958217270195 0.2695852534562212 0.6288300835654597 0.25 0.6288300835654597
24 0.2759216589861751 0.584958217270195 0.3024193548387097 0.584958217270195 0.3024193548387097 0.6281337047353761 0.2759216589861751 0.6281337047353761
26 0.30817972350230416 0.584958217270195 0.33467741935483875 0.584958217270195 0.33467741935483875 0.6281337047353761 0.30817972350230416 0.6281337047353761
36 0.34043778801843316 0.584958217270195 0.35311059907834097 0.584958217270195 0.35311059907834097 0.6176880222841226 0.34043778801843316 0.6176880222841226
1 0.35944700460829493 0.584958217270195 0.37211981566820274 0.584958217270195 0.37211981566820274 0.6288300835654597 0.35944700460829493 0.6288300835654597
2 0.3778801843317972 0.584958217270195 0.4043778801843318 0.584958217270195 0.4043778801843318 0.6281337047353761 0.3778801843317972 0.6281337047353761
37 0.41244239631336405 0.584958217270195 0.43894009216589863 0.584958217270195 0.43894009216589863 0.616991643454039 0.41244239631336405 0.616991643454039
1 0.44527649769585254 0.584958217270195 0.45794930875576034 0.584958217270195 0.45794930875576034 0.6288300835654597 0.44527649769585254 0.6288300835654597
0 0.46543778801843316 0.584958217270195 0.48502304147465436 0.584958217270195 0.48502304147465436 0.6288300835654597 0.46543778801843316 0.6288300835654597
37 0.4930875576036866 0.584958217270195 0.5195852534562212 0.584958217270195 0.5195852534562212 0.616991643454039 0.4930875576036866 0.616991643454039
2 0.5276497695852534 0.584958217270195 0.554147465437788 0.584958217270195 0.554147465437788 0.6281337047353761 0.5276497695852534 0.6281337047353761
0 0.5627880184331797 0.584958217270195 0.5892857142857143 0.584958217270195 0.5892857142857143 0.6281337047353761 0.5627880184331797 0.6281337047353761
2 0.5967741935483871 0.584958217270195 0.6163594470046083 0.584958217270195 0.6163594470046083 0.6288300835654597 0.5967741935483871 0.6288300835654597
4 0.6221198156682027 0.584958217270195 0.6486175115207373 0.584958217270195 0.6486175115207373 0.6281337047353761 0.6221198156682027 0.6281337047353761
