20 0.25 0.5487465181058496 0.2764976958525346 0.5487465181058496 0.2764976958525346 0.5919220055710307 0.25 0.5919220055710307
30 0.28456221198156684 0.5487465181058496 0.3110599078341014 0.5487465181058496 0.3110599078341014 0.5919220055710307 0.28456221198156684 0.5919220055710307
19 0.3191244239631336 0.5487465181058496 0.3387096774193548 0.5487465181058496 0.3387096774193548 0.5926183844011143 0.3191244239631336 0.5926183844011143
36 0.3444700460829493 0.5487465181058496 0.35599078341013823 0.5487465181058496 0.35599078341013823 0.5807799442896936 0.3444700460829493 0.5807799442896936
0 0.36347926267281105 0.5487465181058496 0.38997695852534564 0.5487465181058496 0.38997695852534564 0.5919220055710307 0.36347926267281105 0.5919220055710307
7 0.3980414746543779 0.5487465181058496 0.4245391705069125 0.5487465181058496 0.4245391705069125 0.5919220055710307 0.3980414746543779 0.5919220055710307
37 0.4302995391705069 0.5487465181058496 0.4567972350230415 0.5487465181058496 0.4567972350230415 0.5807799442896936 0.4302995391705069 0.5807799442896936
2 0.46255760368663595 0.5487465181058496 0.48905529953917054 0.5487465181058496 0.48905529953917054 0.5919220055710307 0.46255760368663595 0.5919220055710307
1 0.49539170506912444 0.5487465181058496 0.5126728110599078 0.5487465181058496 0.5126728110599078 0.5919220055710307 0.49539170506912444 0.5919220055710307
37 0.5195852534562212 0.5487465181058496 0.5460829493087558 0.5487465181058496 0.5460829493087558 0.5807799442896936 0.5195852534562212 0.5807799442896936
2 0.5535714285714286 0.5487465181058496 0.5800691244239632 0.5487465181058496 0.5800691244239632 0.5919220055710307 0.5535714285714286 0.5919220055710307
0 0.586405529953917 0.5487465181058496 0.6129032258064516 0.5487465181058496 0.6129032258064516 0.5919220055710307 0.586405529953917 0.5919220055710307
2 0.6209677419354839 0.5487465181058496 0.6474654377880185 0.5487465181058496 0.6474654377880185 0.5919220055710307 0.6209677419354839 0.5919220055710307
5 0.6561059907834101 0.5487465181058496 0.6756912442396313 0.5487465181058496 0.6756912442396313 0.5926183844011143 0.6561059907834101 0.5926183844011143
10 0.25 0.6023676880222841 0.2764976958525346 0.6023676880222841 0.2764976958525346 0.6455431754874652 0.25 0.6455431754874652
10 0.2834101382488479 0.6023676880222841 0.3099078341013825 0.6023676880222841 0.3099078341013825 0.6455431754874652 0.2834101382488479 0.6455431754874652
14 0.315668202764977 0.6023676880222841 0.3352534562211982 0.6023676880222841 0.3352534562211982 0.6462395543175488 0.315668202764977 0.6462395543175488
36 0.3415898617511521 0.6023676880222841 0.353110599078341 0.6023676880222841 0.353110599078341 0.6344011142061281 0.3415898617511521 0.6344011142061281
0 0.3611751152073733 0.6023676880222841 0.38767281105990786 0.6023676880222841 0.38767281105990786 0.6462395543175488 0.3611751152073733 0.6462395543175488
5 0.39400921658986177 0.6023676880222841 0.42050691244239635 0.6023676880222841 0.42050691244239635 0.6455431754874652 0.39400921658986177 0.6455431754874652
37 0.42914746543778803 0.6023676880222841 0.4556451612903226 0.6023676880222841 0.4556451612903226 0.6344011142061281 0.42914746543778803 0.6344011142061281
2 0.4631336405529954 0.6023676880222841 0.4827188940092166 0.6023676880222841 0.4827188940092166 0.6462395543175488 0.4631336405529954 0.6462395543175488
5 0.4913594470046083 0.6023676880222841 0.5109447004608295 0.6023676880222841 0.5109447004608295 0.6462395543175488 0.4913594470046083 0.6462395543175488
37 0.5178571428571429 0.6023676880222841 0.5443548387096775 0.6023676880222841 0.5443548387096775 0.6350974930362117 0.5178571428571429 0.6350974930362117
2 0.5512672811059908 0.6023676880222841 0.5777649769585254 0.6023676880222841 0.5777649769585254 0.6455431754874652 0.5512672811059908 0.6455431754874652
0 0.5858294930875576 0.6023676880222841 0.6054147465437788 0.6023676880222841 0.6054147465437788 0.6462395543175488 0.5858294930875576 0.6462395543175488
2 0.6123271889400922 0.6023676880222841 0.6388248847926268 0.6023676880222841 0.6388248847926268 0.6455431754874652 0.6123271889400922 0.6455431754874652
5 0.646889400921659 0.6023676880222841 0.6733870967741936 0.6023676880222841 0.6733870967741936 0.6462395543175488 0.646889400921659 0.6462395543175488
