29 0.25 0.46657381615598886 0.2695852534562212 0.46657381615598886 0.2695852534562212 0.5097493036211699 0.25 0.5097493036211699
14 0.2764976958525346 0.46657381615598886 0.2960829493087558 0.46657381615598886 0.2960829493087558 0.5104456824512534 0.2764976958525346 0.5104456824512534
22 0.3029953917050691 0.46657381615598886 0.3225806451612903 0.46657381615598886 0.3225806451612903 0.5104456824512534 0.3029953917050691 0.5104456824512534
36 0.33006912442396313 0.46657381615598886 0.3415898617511521 0.46657381615598886 0.3415898617511521 0.4986072423398329 0.33006912442396313 0.4986072423398329
1 0.3490783410138249 0.46657381615598886 0.3663594470046083 0.46657381615598886 0.3663594470046083 0.5097493036211699 0.3490783410138249 0.5097493036211699
2 0.375 0.46657381615598886 0.4014976958525346 0.46657381615598886 0.4014976958525346 0.5097493036211699 0.375 0.5097493036211699
37 0.4078341013824885 0.46657381615598886 0.4343317972350231 0.46657381615598886 0.4343317972350231 0.49930362116991645 0.4078341013824885 0.49930362116991645
3 0.4412442396313364 0.46657381615598886 0.467741935483871 0.46657381615598886 0.467741935483871 0.5097493036211699 0.4412442396313364 0.5097493036211699
1 0.4735023041474654 0.46657381615598886 0.4861751152073732 0.46657381615598886 0.4861751152073732 0.5104456824512534 0.4735023041474654 0.5104456824512534
37 0.4930875576036866 0.46657381615598886 0.5195852534562212 0.46657381615598886 0.5195852534562212 0.49930362116991645 0.4930875576036866 0.49930362116991645
2 0.5259216589861752 0.46657381615598886 0.5524193548387097 0.46657381615598886 0.5524193548387097 0.5097493036211699 0.5259216589861752 0.5097493036211699
0 0.5581797235023042 0.46657381615598886 0.5846774193548387 0.46657381615598886 0.5846774193548387 0.5104456824512534 0.5581797235023042 0.5104456824512534
2 0.5933179723502304 0.46657381615598886 0.6129032258064516 0.46657381615598886 0.6129032258064516 0.5111420612813371 0.5933179723502304 0.5111420612813371
4 0.6209677419354839 0.46657381615598886 0.6405529953917051 0.46657381615598886 0.6405529953917051 0.5104456824512534 0.6209677419354839 0.5104456824512534
11 0.25 0.5201949860724234 0.2764976958525346 0.5201949860724234 0.2764976958525346 0.5633704735376045 0.25 0.5633704735376045
17 0.28456221198156684 0.5201949860724234 0.3110599078341014 0.5201949860724234 0.3110599078341014 0.5633704735376045 0.28456221198156684 0.5633704735376045
32 0.3191244239631336 0.5201949860724234 0.3387096774193548 0.5201949860724234 0.3387096774193548 0.564066852367688 0.3191244239631336 0.564066852367688
36 0.3467741935483871 0.5201949860724234 0.35829493087557607 0.5201949860724234 0.35829493087557607 0.5522284122562674 0.3467741935483871 0.5522284122562674
0 0.3663594470046083 0.5201949860724234 0.3859447004608295 0.5201949860724234 0.3859447004608295 0.564066852367688 0.3663594470046083 0.564066852367688
9 0.39285714285714285 0.5201949860724234 0.41935483870967744 0.5201949860724234 0.41935483870967744 0.5633704735376045 0.39285714285714285 0.5633704735376045
37 0.4279953917050691 0.5201949860724234 0.4544930875576037 0.5201949860724234 0.4544930875576037 0.5522284122562674 0.4279953917050691 0.5522284122562674
2 0.4602534562211982 0.5201949860724234 0.48675115207373276 0.5201949860724234 0.48675115207373276 0.5633704735376045 0.4602534562211982 0.5633704735376045
5 0.4930875576036866 0.5201949860724234 0.5195852534562212 0.5201949860724234 0.5195852534562212 0.5633704735376045 0.4930875576036866 0.5633704735376045
37 0.5264976958525346 0.5201949860724234 0.5529953917050692 0.5201949860724234 0.5529953917050692 0.552924791086351 0.5264976958525346 0.552924791086351
2 0.559331797235023 0.5201949860724234 0.5858294930875576 0.5201949860724234 0.5858294930875576 0.5633704735376045 0.559331797235023 0.5633704735376045
0 0.5938940092165899 0.5201949860724234 0.6203917050691244 0.5201949860724234 0.6203917050691244 0.5633704735376045 0.5938940092165899 0.5633704735376045
2 0.6290322580645161 0.5201949860724234 0.6486175115207373 0.5201949860724234 0.6486175115207373 0.564066852367688 0.6290322580645161 0.564066852367688
5 0.6549539170506913 0.5201949860724234 0.6814516129032259 0.5201949860724234 0.6814516129032259 0.5633704735376045 0.6549539170506913 0.5633704735376045
