11 0.25 0.5 0.2695852534562212 0.5 0.2695852534562212 0.5438718662952646 0.25 0.5438718662952646
26 0.2764976958525346 0.5 0.2960829493087558 0.5 0.2960829493087558 0.5438718662952646 0.2764976958525346 0.5438718662952646
20 0.30357142857142855 0.5 0.33006912442396313 0.5 0.33006912442396313 0.5431754874651811 0.30357142857142855 0.5431754874651811
36 0.33640552995391704 0.5 0.34907834101382484 0.5 0.34907834101382484 0.532033426183844 0.33640552995391704 0.532033426183844
0 0.3548387096774194 0.5 0.38133640552995396 0.5 0.38133640552995396 0.5431754874651811 0.3548387096774194 0.5431754874651811
5 0.38940092165898615 0.5 0.41589861751152074 0.5 0.41589861751152074 0.5431754874651811 0.38940092165898615 0.5431754874651811
37 0.423963133640553 0.5 0.4504608294930876 0.5 0.4504608294930876 0.532033426183844 0.423963133640553 0.532033426183844
2 0.45794930875576034 0.5 0.48444700460829493 0.5 0.48444700460829493 0.5438718662952646 0.45794930875576034 0.5438718662952646
8 0.4902073732718894 0.5 0.5167050691244239 0.5 0.5167050691244239 0.5431754874651811 0.4902073732718894 0.5431754874651811
37 0.5253456221198156 0.5 0.5518433179723502 0.5 0.5518433179723502 0.532033426183844 0.5253456221198156 0.532033426183844
2 0.5604838709677419 0.5 0.5869815668202765 0.5 0.5869815668202765 0.5431754874651811 0.5604838709677419 0.5431754874651811
0 0.5938940092165899 0.5 0.6203917050691244 0.5 0.6203917050691244 0.5431754874651811 0.5938940092165899 0.5431754874651811
2 0.6290322580645161 0.5 0.6555299539170507 0.5 0.6555299539170507 0.5431754874651811 0.6290322580645161 0.5431754874651811
5 0.6612903225806451 0.5 0.6877880184331797 0.5 0.6877880184331797 0.5431754874651811 0.6612903225806451 0.5431754874651811
30 0.25 0.5536211699164345 0.2764976958525346 0.5536211699164345 0.2764976958525346 0.5967966573816156 0.25 0.5967966573816156
14 0.28225806451612906 0.5536211699164345 0.30875576036866365 0.5536211699164345 0.30875576036866365 0.5967966573816156 0.28225806451612906 0.5967966573816156
21 0.31451612903225806 0.5536211699164345 0.34101382488479265 0.5536211699164345 0.34101382488479265 0.5967966573816156 0.31451612903225806 0.5967966573816156
36 0.34965437788018433 0.5536211699164345 0.3565668202764977 0.5536211699164345 0.3565668202764977 0.5814763231197771 0.34965437788018433 0.5814763231197771
0 0.3640552995391705 0.5536211699164345 0.39055299539170507 0.5536211699164345 0.39055299539170507 0.5967966573816156 0.3640552995391705 0.5967966573816156
5 0.3980414746543779 0.5536211699164345 0.4245391705069125 0.5536211699164345 0.4245391705069125 0.5974930362116991 0.3980414746543779 0.5974930362116991
37 0.43317972350230416 0.5536211699164345 0.45967741935483875 0.5536211699164345 0.45967741935483875 0.5856545961002785 0.43317972350230416 0.5856545961002785
2 0.46601382488479265 0.5536211699164345 0.49251152073732724 0.5536211699164345 0.49251152073732724 0.5967966573816156 0.46601382488479265 0.5967966573816156
7 0.49942396313364057 0.5536211699164345 0.5259216589861752 0.5536211699164345 0.5259216589861752 0.5967966573816156 0.49942396313364057 0.5967966573816156
37 0.5316820276497696 0.5536211699164345 0.5581797235023042 0.5536211699164345 0.5581797235023042 0.586350974930362 0.5316820276497696 0.586350974930362
2 0.5645161290322581 0.5536211699164345 0.5910138248847927 0.5536211699164345 0.5910138248847927 0.5967966573816156 0.5645161290322581 0.5967966573816156
0 0.5967741935483871 0.5536211699164345 0.6232718894009217 0.5536211699164345 0.6232718894009217 0.5967966573816156 0.5967741935483871 0.5967966573816156
2 0.6319124423963134 0.5536211699164345 0.658410138248848 0.5536211699164345 0.658410138248848 0.5967966573816156 0.6319124423963134 0.5967966573816156
5 0.6670506912442397 0.5536211699164345 0.6935483870967742 0.5536211699164345 0.6935483870967742 0.5967966573816156 0.6670506912442397 0.5967966573816156
