11 0.25 0.37604456824512533 0.2695852534562212 0.37604456824512533 0.2695852534562212 0.41991643454038996 0.25 0.41991643454038996
20 0.27534562211981567 0.37604456824512533 0.29493087557603687 0.37604456824512533 0.29493087557603687 0.41991643454038996 0.27534562211981567 0.41991643454038996
22 0.30126728110599077 0.37604456824512533 0.32085253456221197 0.37604456824512533 0.32085253456221197 0.41991643454038996 0.30126728110599077 0.41991643454038996
36 0.3283410138248848 0.37604456824512533 0.33986175115207373 0.37604456824512533 0.33986175115207373 0.40807799442896936 0.3283410138248848 0.40807799442896936
1 0.347926267281106 0.37604456824512533 0.3611751152073733 0.37604456824512533 0.3611751152073733 0.4206128133704735 0.347926267281106 0.4206128133704735
2 0.3675115207373272 0.37604456824512533 0.39400921658986177 0.37604456824512533 0.39400921658986177 0.4192200557103064 0.3675115207373272 0.4192200557103064
37 0.40034562211981567 0.37604456824512533 0.42684331797235026 0.37604456824512533 0.42684331797235026 0.4087743732590529 0.40034562211981567 0.4087743732590529
3 0.4349078341013825 0.37604456824512533 0.4614055299539171 0.37604456824512533 0.4614055299539171 0.4192200557103064 0.4349078341013825 0.4192200557103064
0 0.4683179723502304 0.37604456824512533 0.494815668202765 0.37604456824512533 0.494815668202765 0.4192200557103064 0.4683179723502304 0.4192200557103064
37 0.5028801843317973 0.37604456824512533 0.5293778801843319 0.37604456824512533 0.5293778801843319 0.40807799442896936 0.5028801843317973 0.40807799442896936
2 0.5357142857142857 0.37604456824512533 0.5552995391705069 0.37604456824512533 0.5552995391705069 0.41991643454038996 0.5357142857142857 0.41991643454038996
0 0.5622119815668203 0.37604456824512533 0.5887096774193549 0.37604456824512533 0.5887096774193549 0.4192200557103064 0.5622119815668203 0.4192200557103064
2 0.5973502304147466 0.37604456824512533 0.6238479262672811 0.37604456824512533 0.6238479262672811 0.41991643454038996 0.5973502304147466 0.41991643454038996
4 0.6319124423963134 0.37604456824512533 0.658410138248848 0.37604456824512533 0.658410138248848 0.4192200557103064 0.6319124423963134 0.4192200557103064
33 0.25 0.4296657381615599 0.2695852534562212 0.4296657381615599 0.2695852534562212 0.4735376044568245 0.25 0.4735376044568245
30 0.27534562211981567 0.4296657381615599 0.29493087557603687 0.4296657381615599 0.29493087557603687 0.4735376044568245 0.27534562211981567 0.4735376044568245
26 0.3024193548387097 0.4296657381615599 0.3289170506912443 0.4296657381615599 0.3289170506912443 0.4735376044568245 0.3024193548387097 0.4735376044568245
36 0.33755760368663595 0.4296657381615599 0.34447004608294934 0.4296657381615599 0.34447004608294934 0.4568245125348189 0.33755760368663595 0.4568245125348189
0 0.35080645161290325 0.4296657381615599 0.37730414746543783 0.4296657381615599 0.37730414746543783 0.47284122562674097 0.35080645161290325 0.47284122562674097
3 0.3847926267281106 0.4296657381615599 0.4112903225806452 0.4296657381615599 0.4112903225806452 0.47284122562674097 0.3847926267281106 0.47284122562674097
37 0.41877880184331795 0.4296657381615599 0.44527649769585254 0.4296657381615599 0.44527649769585254 0.4616991643454039 0.41877880184331795 0.4616991643454039
2 0.4533410138248848 0.4296657381615599 0.4798387096774194 0.4296657381615599 0.4798387096774194 0.47284122562674097 0.4533410138248848 0.47284122562674097
0 0.4879032258064516 0.4296657381615599 0.5144009216589862 0.4296657381615599 0.5144009216589862 0.47284122562674097 0.4879032258064516 0.47284122562674097
37 0.5213133640552995 0.4296657381615599 0.5478110599078341 0.4296657381615599 0.5478110599078341 0.4616991643454039 0.5213133640552995 0.4616991643454039
2 0.5558755760368663 0.4296657381615599 0.5823732718894009 0.4296657381615599 0.5823732718894009 0.47284122562674097 0.5558755760368663 0.47284122562674097
0 0.5887096774193549 0.4296657381615599 0.6152073732718895 0.4296657381615599 0.6152073732718895 0.47284122562674097 0.5887096774193549 0.47284122562674097
2 0.6209677419354839 0.4296657381615599 0.6405529953917051 0.4296657381615599 0.6405529953917051 0.4735376044568245 0.6209677419354839 0.4735376044568245
5 0.6463133640552995 0.4296657381615599 0.6658986175115207 0.4296657381615599 0.6658986175115207 0.4735376044568245 0.6463133640552995 0.4735376044568245
