26 0.25 0.36002785515320335 0.2695852534562212 0.36002785515320335 0.2695852534562212 0.403899721448468 0.25 0.403899721448468
31 0.2759216589861751 0.36002785515320335 0.2955069124423963 0.36002785515320335 0.2955069124423963 0.403899721448468 0.2759216589861751 0.403899721448468
10 0.30414746543778803 0.36002785515320335 0.32373271889400923 0.36002785515320335 0.32373271889400923 0.403899721448468 0.30414746543778803 0.403899721448468
36 0.33064516129032256 0.36002785515320335 0.3433179723502304 0.36002785515320335 0.3433179723502304 0.39275766016713093 0.33064516129032256 0.39275766016713093
0 0.3513824884792627 0.36002785515320335 0.37788018433179726 0.36002785515320335 0.37788018433179726 0.4032033426183844 0.3513824884792627 0.4032033426183844
7 0.3836405529953917 0.36002785515320335 0.4032258064516129 0.36002785515320335 0.4032258064516129 0.403899721448468 0.3836405529953917 0.403899721448468
37 0.40956221198156684 0.36002785515320335 0.4360599078341014 0.36002785515320335 0.4360599078341014 0.39275766016713093 0.40956221198156684 0.39275766016713093
2 0.44182027649769584 0.36002785515320335 0.4683179723502304 0.36002785515320335 0.4683179723502304 0.4032033426183844 0.44182027649769584 0.4032033426183844
3 0.4769585253456221 0.36002785515320335 0.4965437788018433 0.36002785515320335 0.4965437788018433 0.403899721448468 0.4769585253456221 0.403899721448468
37 0.5040322580645161 0.36002785515320335 0.5305299539170507 0.36002785515320335 0.5305299539170507 0.3920612813370474 0.5040322580645161 0.3920612813370474
2 0.5391705069124424 0.36002785515320335 0.5587557603686636 0.36002785515320335 0.5587557603686636 0.403899721448468 0.5391705069124424 0.403899721448468
0 0.5645161290322581 0.36002785515320335 0.5910138248847927 0.36002785515320335 0.5910138248847927 0.4032033426183844 0.5645161290322581 0.4032033426183844
2 0.5967741935483871 0.36002785515320335 0.6232718894009217 0.36002785515320335 0.6232718894009217 0.4032033426183844 0.5967741935483871 0.4032033426183844
5 0.630184331797235 0.36002785515320335 0.6566820276497696 0.36002785515320335 0.6566820276497696 0.4032033426183844 0.630184331797235 0.4032033426183844
27 0.25 0.4136490250696379 0.2695852534562212 0.4136490250696379 0.2695852534562212 0.45752089136490254 0.25 0.45752089136490254
26 0.27534562211981567 0.4136490250696379 0.30184331797235026 0.4136490250696379 0.30184331797235026 0.456824512534819 0.27534562211981567 0.456824512534819
18 0.3099078341013825 0.4136490250696379 0.3271889400921659 0.4136490250696379 0.3271889400921659 0.45752089136490254 0.3099078341013825 0.45752089136490254
36 0.33294930875576034 0.4136490250696379 0.3444700460829493 0.4136490250696379 0.3444700460829493 0.44568245125348194 0.33294930875576034 0.44568245125348194
0 0.35023041474654376 0.4136490250696379 0.37672811059907835 0.4136490250696379 0.37672811059907835 0.456824512534819 0.35023041474654376 0.456824512534819
4 0.3824884792626728 0.4136490250696379 0.402073732718894 0.4136490250696379 0.402073732718894 0.45752089136490254 0.3824884792626728 0.45752089136490254
37 0.4078341013824885 0.4136490250696379 0.4343317972350231 0.4136490250696379 0.4343317972350231 0.44568245125348194 0.4078341013824885 0.44568245125348194
2 0.44297235023041476 0.4136490250696379 0.46947004608294934 0.4136490250696379 0.46947004608294934 0.456824512534819 0.44297235023041476 0.456824512534819
5 0.478110599078341 0.4136490250696379 0.4976958525345622 0.4136490250696379 0.4976958525345622 0.45752089136490254 0.478110599078341 0.45752089136490254
37 0.506336405529954 0.4136490250696379 0.5328341013824885 0.4136490250696379 0.5328341013824885 0.44568245125348194 0.506336405529954 0.44568245125348194
2 0.5391705069124424 0.4136490250696379 0.5587557603686636 0.4136490250696379 0.5587557603686636 0.4582172701949861 0.5391705069124424 0.4582172701949861
0 0.5673963133640553 0.4136490250696379 0.5938940092165899 0.4136490250696379 0.5938940092165899 0.456824512534819 0.5673963133640553 0.456824512534819
2 0.6002304147465438 0.4136490250696379 0.6267281105990784 0.4136490250696379 0.6267281105990784 0.456824512534819 0.6002304147465438 0.456824512534819
5 0.6330645161290323 0.4136490250696379 0.6595622119815668 0.4136490250696379 0.6595622119815668 0.456824512534819 0.6330645161290323 0.456824512534819
