23 0.25 0.649025069637883 0.2764976958525346 0.649025069637883 0.2764976958525346 0.692200557103064 0.25 0.692200557103064
16 0.28398617511520735 0.649025069637883 0.31048387096774194 0.649025069637883 0.31048387096774194 0.6928969359331476 0.28398617511520735 0.6928969359331476
34 0.3173963133640553 0.649025069637883 0.3369815668202765 0.649025069637883 0.3369815668202765 0.6928969359331476 0.3173963133640553 0.6928969359331476
36 0.3444700460829493 0.649025069637883 0.3513824884792627 0.649025069637883 0.3513824884792627 0.6768802228412256 0.3444700460829493 0.6768802228412256
1 0.3577188940092166 0.649025069637883 0.37039170506912444 0.649025069637883 0.37039170506912444 0.6928969359331476 0.3577188940092166 0.6928969359331476
0 0.37672811059907835 0.649025069637883 0.40322580645161293 0.649025069637883 0.40322580645161293 0.692200557103064 0.37672811059907835 0.692200557103064
37 0.4112903225806452 0.649025069637883 0.43778801843317977 0.649025069637883 0.43778801843317977 0.681058495821727 0.4112903225806452 0.681058495821727
1 0.44527649769585254 0.649025069637883 0.45794930875576034 0.649025069637883 0.45794930875576034 0.6928969359331476 0.44527649769585254 0.6928969359331476
9 0.4637096774193548 0.649025069637883 0.4902073732718894 0.649025069637883 0.4902073732718894 0.692200557103064 0.4637096774193548 0.692200557103064
37 0.49827188940092165 0.649025069637883 0.5247695852534562 0.649025069637883 0.5247695852534562 0.681058495821727 0.49827188940092165 0.681058495821727
2 0.532258064516129 0.649025069637883 0.5587557603686636 0.649025069637883 0.5587557603686636 0.6928969359331476 0.532258064516129 0.6928969359331476
0 0.5673963133640553 0.649025069637883 0.5938940092165899 0.649025069637883 0.5938940092165899 0.692200557103064 0.5673963133640553 0.692200557103064
2 0.6019585253456221 0.649025069637883 0.6284562211981567 0.649025069637883 0.6284562211981567 0.6928969359331476 0.6019585253456221 0.6928969359331476
5 0.6342165898617511 0.649025069637883 0.6607142857142857 0.649025069637883 0.6607142857142857 0.692200557103064 0.6342165898617511 0.692200557103064
24 0.25 0.7026462395543176 0.2695852534562212 0.7026462395543176 0.2695852534562212 0.7465181058495822 0.25 0.7465181058495822
17 0.2759216589861751 0.7026462395543176 0.3024193548387097 0.7026462395543176 0.3024193548387097 0.7465181058495822 0.2759216589861751 0.7465181058495822
34 0.31048387096774194 0.7026462395543176 0.3369815668202765 0.7026462395543176 0.3369815668202765 0.7458217270194987 0.31048387096774194 0.7458217270194987
36 0.34274193548387094 0.7026462395543176 0.3542626728110599 0.7026462395543176 0.3542626728110599 0.7353760445682451 0.34274193548387094 0.7353760445682451
0 0.3611751152073733 0.7026462395543176 0.38767281105990786 0.7026462395543176 0.38767281105990786 0.7458217270194987 0.3611751152073733 0.7458217270194987
6 0.3934331797235023 0.7026462395543176 0.41993087557603687 0.7026462395543176 0.41993087557603687 0.7458217270194987 0.3934331797235023 0.7458217270194987
37 0.42569124423963134 0.7026462395543176 0.4521889400921659 0.7026462395543176 0.4521889400921659 0.7346796657381616 0.42569124423963134 0.7346796657381616
2 0.45910138248847926 0.7026462395543176 0.48559907834101385 0.7026462395543176 0.48559907834101385 0.7458217270194987 0.45910138248847926 0.7458217270194987
4 0.4925115207373272 0.7026462395543176 0.5120967741935484 0.7026462395543176 0.5120967741935484 0.7465181058495822 0.4925115207373272 0.7465181058495822
37 0.5201612903225806 0.7026462395543176 0.5466589861751152 0.7026462395543176 0.5466589861751152 0.7346796657381616 0.5201612903225806 0.7346796657381616
2 0.554147465437788 0.7026462395543176 0.5806451612903226 0.7026462395543176 0.5806451612903226 0.7458217270194987 0.554147465437788 0.7458217270194987
0 0.5869815668202765 0.7026462395543176 0.613479262672811 0.7026462395543176 0.613479262672811 0.7458217270194987 0.5869815668202765 0.7458217270194987
2 0.6203917050691244 0.7026462395543176 0.646889400921659 0.7026462395543176 0.646889400921659 0.7458217270194987 0.6203917050691244 0.7458217270194987
5 0.6526497695852534 0.7026462395543176 0.6722350230414746 0.7026462395543176 0.6722350230414746 0.7465181058495822 0.6526497695852534 0.7465181058495822
