16 0.25 0.3969359331476323 0.2695852534562212 0.3969359331476323 0.2695852534562212 0.4415041782729805 0.25 0.4415041782729805
32 0.2782258064516129 0.3969359331476323 0.30472350230414746 0.3969359331476323 0.30472350230414746 0.4401114206128134 0.2782258064516129 0.4401114206128134
24 0.31105990783410137 0.3969359331476323 0.33064516129032256 0.3969359331476323 0.33064516129032256 0.44080779944289694 0.31105990783410137 0.44080779944289694
36 0.3392857142857143 0.3969359331476323 0.3461981566820277 0.3969359331476323 0.3461981566820277 0.42409470752089135 0.3392857142857143 0.42409470752089135
1 0.353110599078341 0.3969359331476323 0.37039170506912444 0.3969359331476323 0.37039170506912444 0.44080779944289694 0.353110599078341 0.44080779944289694
0 0.3790322580645161 0.3969359331476323 0.4055299539170507 0.3969359331476323 0.4055299539170507 0.4401114206128134 0.3790322580645161 0.4401114206128134
37 0.4130184331797235 0.3969359331476323 0.43951612903225806 0.3969359331476323 0.43951612903225806 0.42896935933147634 0.4130184331797235 0.42896935933147634
1 0.44585253456221197 0.3969359331476323 0.4631336405529954 0.3969359331476323 0.4631336405529954 0.44080779944289694 0.44585253456221197 0.44080779944289694
1 0.4700460829493088 0.3969359331476323 0.48271889400921664 0.3969359331476323 0.48271889400921664 0.44080779944289694 0.4700460829493088 0.44080779944289694
37 0.49078341013824883 0.3969359331476323 0.5172811059907834 0.3969359331476323 0.5172811059907834 0.4296657381615599 0.49078341013824883 0.4296657381615599
2 0.5236175115207373 0.3969359331476323 0.5432027649769585 0.3969359331476323 0.5432027649769585 0.44080779944289694 0.5236175115207373 0.44080779944289694
0 0.5495391705069125 0.3969359331476323 0.5760368663594471 0.3969359331476323 0.5760368663594471 0.4401114206128134 0.5495391705069125 0.4401114206128134
2 0.5835253456221198 0.3969359331476323 0.603110599078341 0.3969359331476323 0.603110599078341 0.4415041782729805 0.5835253456221198 0.4415041782729805
5 0.6088709677419355 0.3969359331476323 0.6284562211981567 0.3969359331476323 0.6284562211981567 0.4415041782729805 0.6088709677419355 0.4415041782729805
12 0.25 0.4505571030640669 0.2764976958525346 0.4505571030640669 0.2764976958525346 0.49373259052924795 0.25 0.49373259052924795
23 0.28456221198156684 0.4505571030640669 0.3110599078341014 0.4505571030640669 0.3110599078341014 0.49373259052924795 0.28456221198156684 0.49373259052924795
22 0.31797235023041476 0.4505571030640669 0.33755760368663595 0.4505571030640669 0.33755760368663595 0.4944289693593315 0.31797235023041476 0.4944289693593315
36 0.34389400921658986 0.4505571030640669 0.35656682027649766 0.4505571030640669 0.35656682027649766 0.4825905292479109 0.34389400921658986 0.4825905292479109
0 0.36463133640552997 0.4505571030640669 0.38421658986175117 0.4505571030640669 0.38421658986175117 0.4944289693593315 0.36463133640552997 0.4944289693593315
3 0.3911290322580645 0.4505571030640669 0.4176267281105991 0.4505571030640669 0.4176267281105991 0.4944289693593315 0.3911290322580645 0.4944289693593315
37 0.42338709677419356 0.4505571030640669 0.44988479262672815 0.4505571030640669 0.44988479262672815 0.48189415041782735 0.42338709677419356 0.48189415041782735
0 0.45622119815668205 0.4505571030640669 0.48271889400921664 0.4505571030640669 0.48271889400921664 0.49373259052924795 0.45622119815668205 0.49373259052924795
4 0.48963133640552997 0.4505571030640669 0.5092165898617511 0.4505571030640669 0.5092165898617511 0.4944289693593315 0.48963133640552997 0.4944289693593315
37 0.5172811059907834 0.4505571030640669 0.543778801843318 0.4505571030640669 0.543778801843318 0.48189415041782735 0.5172811059907834 0.48189415041782735
2 0.5518433179723502 0.4505571030640669 0.5714285714285714 0.4505571030640669 0.5714285714285714 0.4944289693593315 0.5518433179723502 0.4944289693593315
0 0.5771889400921659 0.4505571030640669 0.5967741935483871 0.4505571030640669 0.5967741935483871 0.4944289693593315 0.5771889400921659 0.4944289693593315
2 0.6054147465437788 0.4505571030640669 0.625 0.4505571030640669 0.625 0.49512534818941506 0.6054147465437788 0.49512534818941506
5 0.6324884792626728 0.4505571030640669 0.652073732718894 0.4505571030640669 0.652073732718894 0.4944289693593315 0.6324884792626728 0.4944289693593315
