31 0.25 0.3502785515320334 0.2695852534562212 0.3502785515320334 0.2695852534562212 0.39415041782729804 0.25 0.39415041782729804
35 0.2759216589861751 0.3502785515320334 0.3024193548387097 0.3502785515320334 0.3024193548387097 0.3934540389972145 0.2759216589861751 0.3934540389972145
18 0.31048387096774194 0.3502785515320334 0.32776497695852536 0.3502785515320334 0.32776497695852536 0.3934540389972145 0.31048387096774194 0.3934540389972145
36 0.3358294930875576 0.3502785515320334 0.3485023041474654 0.3502785515320334 0.3485023041474654 0.38231197771587744 0.3358294930875576 0.38231197771587744
0 0.35714285714285715 0.3502785515320334 0.37672811059907835 0.3502785515320334 0.37672811059907835 0.39415041782729804 0.35714285714285715 0.39415041782729804
4 0.3824884792626728 0.3502785515320334 0.4089861751152074 0.3502785515320334 0.4089861751152074 0.3934540389972145 0.3824884792626728 0.3934540389972145
37 0.41705069124423966 0.3502785515320334 0.44354838709677424 0.3502785515320334 0.44354838709677424 0.383008356545961 0.41705069124423966 0.383008356545961
2 0.451036866359447 0.3502785515320334 0.4775345622119816 0.3502785515320334 0.4775345622119816 0.39415041782729804 0.451036866359447 0.39415041782729804
6 0.48444700460829493 0.3502785515320334 0.5040322580645161 0.3502785515320334 0.5040322580645161 0.39415041782729804 0.48444700460829493 0.39415041782729804
37 0.511520737327189 0.3502785515320334 0.5380184331797235 0.3502785515320334 0.5380184331797235 0.38231197771587744 0.511520737327189 0.38231197771587744
2 0.5466589861751152 0.3502785515320334 0.5731566820276498 0.3502785515320334 0.5731566820276498 0.3934540389972145 0.5466589861751152 0.3934540389972145
0 0.5800691244239631 0.3502785515320334 0.6065668202764977 0.3502785515320334 0.6065668202764977 0.3934540389972145 0.5800691244239631 0.3934540389972145
2 0.613479262672811 0.3502785515320334 0.6399769585253456 0.3502785515320334 0.6399769585253456 0.3934540389972145 0.613479262672811 0.3934540389972145
5 0.646889400921659 0.3502785515320334 0.6733870967741936 0.3502785515320334 0.6733870967741936 0.3934540389972145 0.646889400921659 0.3934540389972145
24 0.25 0.403899721448468 0.2695852534562212 0.403899721448468 0.2695852534562212 0.4477715877437326 0.25 0.4477715877437326
19 0.277073732718894 0.403899721448468 0.2966589861751152 0.403899721448468 0.2966589861751152 0.44846796657381616 0.277073732718894 0.44846796657381616
35 0.30357142857142855 0.403899721448468 0.33006912442396313 0.403899721448468 0.33006912442396313 0.44707520891364905 0.30357142857142855 0.44707520891364905
36 0.3381336405529954 0.403899721448468 0.3450460829493088 0.403899721448468 0.3450460829493088 0.43036211699164345 0.3381336405529954 0.43036211699164345
0 0.3519585253456221 0.403899721448468 0.3784562211981567 0.403899721448468 0.3784562211981567 0.44707520891364905 0.3519585253456221 0.44707520891364905
5 0.3870967741935484 0.403899721448468 0.41359447004608296 0.403899721448468 0.41359447004608296 0.44707520891364905 0.3870967741935484 0.44707520891364905
37 0.41935483870967744 0.403899721448468 0.445852534562212 0.403899721448468 0.445852534562212 0.435933147632312 0.41935483870967744 0.435933147632312
1 0.4533410138248848 0.403899721448468 0.4660138248847926 0.403899721448468 0.4660138248847926 0.43941504178272983 0.4533410138248848 0.43941504178272983
1 0.4735023041474654 0.403899721448468 0.4861751152073732 0.403899721448468 0.4861751152073732 0.4477715877437326 0.4735023041474654 0.4477715877437326
37 0.4936635944700461 0.403899721448468 0.5201612903225806 0.403899721448468 0.5201612903225806 0.435933147632312 0.4936635944700461 0.435933147632312
2 0.5276497695852534 0.403899721448468 0.5472350230414746 0.403899721448468 0.5472350230414746 0.4477715877437326 0.5276497695852534 0.4477715877437326
0 0.5535714285714286 0.403899721448468 0.5800691244239632 0.403899721448468 0.5800691244239632 0.4477715877437326 0.5535714285714286 0.4477715877437326
2 0.5887096774193549 0.403899721448468 0.6152073732718895 0.403899721448468 0.6152073732718895 0.4477715877437326 0.5887096774193549 0.4477715877437326
5 0.6232718894009217 0.403899721448468 0.6428571428571429 0.403899721448468 0.6428571428571429 0.4477715877437326 0.6232718894009217 0.4477715877437326
