11 0.25 0.4192200557103064 0.2695852534562212 0.4192200557103064 0.2695852534562212 0.4637883008356546 0.25 0.4637883008356546
25 0.2764976958525346 0.4192200557103064 0.2960829493087558 0.4192200557103064 0.2960829493087558 0.46309192200557103 0.2764976958525346 0.46309192200557103
13 0.30414746543778803 0.4192200557103064 0.3306451612903226 0.4192200557103064 0.3306451612903226 0.4623955431754875 0.30414746543778803 0.4623955431754875
36 0.3392857142857143 0.4192200557103064 0.3519585253456221 0.4192200557103064 0.3519585253456221 0.45125348189415043 0.3392857142857143 0.45125348189415043
0 0.3577188940092166 0.4192200557103064 0.3773041474654378 0.4192200557103064 0.3773041474654378 0.4637883008356546 0.3577188940092166 0.4637883008356546
1 0.38536866359447003 0.4192200557103064 0.40264976958525345 0.4192200557103064 0.40264976958525345 0.4623955431754875 0.38536866359447003 0.4623955431754875
37 0.41013824884792627 0.4192200557103064 0.43663594470046085 0.4192200557103064 0.43663594470046085 0.45125348189415043 0.41013824884792627 0.45125348189415043
2 0.4441244239631336 0.4192200557103064 0.4637096774193548 0.4192200557103064 0.4637096774193548 0.46309192200557103 0.4441244239631336 0.46309192200557103
0 0.4700460829493088 0.4192200557103064 0.49654377880184336 0.4192200557103064 0.49654377880184336 0.46309192200557103 0.4700460829493088 0.46309192200557103
37 0.505184331797235 0.4192200557103064 0.5316820276497696 0.4192200557103064 0.5316820276497696 0.45125348189415043 0.505184331797235 0.45125348189415043
2 0.5380184331797235 0.4192200557103064 0.5645161290322581 0.4192200557103064 0.5645161290322581 0.4623955431754875 0.5380184331797235 0.4623955431754875
0 0.5720046082949308 0.4192200557103064 0.5985023041474654 0.4192200557103064 0.5985023041474654 0.4623955431754875 0.5720046082949308 0.4623955431754875
2 0.6054147465437788 0.4192200557103064 0.6319124423963134 0.4192200557103064 0.6319124423963134 0.4623955431754875 0.6054147465437788 0.4623955431754875
5 0.6388248847926268 0.4192200557103064 0.6653225806451614 0.4192200557103064 0.6653225806451614 0.4623955431754875 0.6388248847926268 0.4623955431754875
18 0.25 0.47284122562674097 0.2626728110599078 0.47284122562674097 0.2626728110599078 0.5174094707520892 0.25 0.5174094707520892
24 0.27131336405529954 0.47284122562674097 0.29781105990783413 0.47284122562674097 0.29781105990783413 0.516016713091922 0.27131336405529954 0.516016713091922
26 0.3058755760368664 0.47284122562674097 0.33237327188940097 0.47284122562674097 0.33237327188940097 0.5167130919220055 0.3058755760368664 0.5167130919220055
36 0.34043778801843316 0.47284122562674097 0.34735023041474655 0.47284122562674097 0.34735023041474655 0.5 0.34043778801843316 0.5
1 0.35599078341013823 0.47284122562674097 0.37327188940092165 0.47284122562674097 0.37327188940092165 0.516016713091922 0.35599078341013823 0.516016713091922
0 0.37960829493087556 0.47284122562674097 0.40610599078341014 0.47284122562674097 0.40610599078341014 0.516016713091922 0.37960829493087556 0.516016713091922
37 0.4130184331797235 0.47284122562674097 0.43490783410138245 0.47284122562674097 0.43490783410138245 0.49930362116991645 0.4130184331797235 0.49930362116991645
2 0.440668202764977 0.47284122562674097 0.46716589861751157 0.47284122562674097 0.46716589861751157 0.516016713091922 0.440668202764977 0.516016713091922
0 0.472926267281106 0.47284122562674097 0.4925115207373272 0.47284122562674097 0.4925115207373272 0.5167130919220055 0.472926267281106 0.5167130919220055
37 0.49827188940092165 0.47284122562674097 0.5201612903225806 0.47284122562674097 0.5201612903225806 0.49930362116991645 0.49827188940092165 0.49930362116991645
2 0.5288018433179723 0.47284122562674097 0.5483870967741935 0.47284122562674097 0.5483870967741935 0.5167130919220055 0.5288018433179723 0.5167130919220055
0 0.554147465437788 0.47284122562674097 0.5806451612903226 0.47284122562674097 0.5806451612903226 0.516016713091922 0.554147465437788 0.516016713091922
2 0.5875576036866359 0.47284122562674097 0.6140552995391705 0.47284122562674097 0.6140552995391705 0.516016713091922 0.5875576036866359 0.516016713091922
5 0.6215437788018433 0.47284122562674097 0.6480414746543779 0.47284122562674097 0.6480414746543779 0.5167130919220055 0.6215437788018433 0.5167130919220055
