12 0.25 0.4533426183844011 0.2764976958525346 0.4533426183844011 0.2764976958525346 0.49651810584958217 0.25 0.49651810584958217
11 0.2828341013824885 0.4533426183844011 0.3093317972350231 0.4533426183844011 0.3093317972350231 0.49651810584958217 0.2828341013824885 0.49651810584958217
30 0.31797235023041476 0.4533426183844011 0.34447004608294934 0.4533426183844011 0.34447004608294934 0.49651810584958217 0.31797235023041476 0.49651810584958217
36 0.35023041474654376 0.4533426183844011 0.3629032258064516 0.4533426183844011 0.3629032258064516 0.4853760445682451 0.35023041474654376 0.4853760445682451
0 0.3692396313364055 0.4533426183844011 0.3888248847926267 0.4533426183844011 0.3888248847926267 0.4979108635097493 0.3692396313364055 0.4979108635097493
9 0.3951612903225806 0.4533426183844011 0.4147465437788018 0.4533426183844011 0.4147465437788018 0.4972144846796657 0.3951612903225806 0.4972144846796657
37 0.4210829493087558 0.4533426183844011 0.44758064516129037 0.4533426183844011 0.44758064516129037 0.4853760445682451 0.4210829493087558 0.4853760445682451
0 0.45506912442396313 0.4533426183844011 0.4815668202764977 0.4533426183844011 0.4815668202764977 0.49651810584958217 0.45506912442396313 0.49651810584958217
3 0.4879032258064516 0.4533426183844011 0.5074884792626728 0.4533426183844011 0.5074884792626728 0.4972144846796657 0.4879032258064516 0.4972144846796657
37 0.5149769585253456 0.4533426183844011 0.5414746543778802 0.4533426183844011 0.5414746543778802 0.4853760445682451 0.5149769585253456 0.4853760445682451
2 0.5483870967741935 0.4533426183844011 0.5748847926267281 0.4533426183844011 0.5748847926267281 0.4972144846796657 0.5483870967741935 0.4972144846796657
0 0.5817972350230415 0.4533426183844011 0.6013824884792627 0.4533426183844011 0.6013824884792627 0.4972144846796657 0.5817972350230415 0.4972144846796657
2 0.6094470046082949 0.4533426183844011 0.6359447004608295 0.4533426183844011 0.6359447004608295 0.49651810584958217 0.6094470046082949 0.49651810584958217
5 0.6445852534562212 0.4533426183844011 0.6710829493087558 0.4533426183844011 0.6710829493087558 0.4972144846796657 0.6445852534562212 0.4972144846796657
35 0.25 0.5069637883008357 0.2764976958525346 0.5069637883008357 0.2764976958525346 0.5501392757660167 0.25 0.5501392757660167
24 0.2828341013824885 0.5069637883008357 0.3093317972350231 0.5069637883008357 0.3093317972350231 0.5501392757660167 0.2828341013824885 0.5501392757660167
29 0.3173963133640553 0.5069637883008357 0.3369815668202765 0.5069637883008357 0.3369815668202765 0.5508356545961003 0.3173963133640553 0.5508356545961003
36 0.3433179723502304 0.5069637883008357 0.3502304147465438 0.5069637883008357 0.3502304147465438 0.5341225626740947 0.3433179723502304 0.5341225626740947
0 0.3588709677419355 0.5069637883008357 0.3784562211981567 0.5069637883008357 0.3784562211981567 0.5508356545961003 0.3588709677419355 0.5508356545961003
7 0.38652073732718895 0.5069637883008357 0.41301843317972353 0.5069637883008357 0.41301843317972353 0.5508356545961003 0.38652073732718895 0.5508356545961003
37 0.4205069124423963 0.5069637883008357 0.4470046082949309 0.5069637883008357 0.4470046082949309 0.5383008356545961 0.4205069124423963 0.5383008356545961
1 0.45564516129032256 0.5069637883008357 0.472926267281106 0.5069637883008357 0.472926267281106 0.5501392757660167 0.45564516129032256 0.5501392757660167
1 0.4798387096774194 0.5069637883008357 0.4925115207373272 0.5069637883008357 0.4925115207373272 0.5508356545961003 0.4798387096774194 0.5508356545961003
37 0.5011520737327189 0.5069637883008357 0.5276497695852534 0.5069637883008357 0.5276497695852534 0.5396935933147632 0.5011520737327189 0.5396935933147632
2 0.5339861751152074 0.5069637883008357 0.560483870967742 0.5069637883008357 0.560483870967742 0.5508356545961003 0.5339861751152074 0.5508356545961003
0 0.5662442396313364 0.5069637883008357 0.592741935483871 0.5069637883008357 0.592741935483871 0.5501392757660167 0.5662442396313364 0.5501392757660167
2 0.5996543778801844 0.5069637883008357 0.626152073732719 0.5069637883008357 0.626152073732719 0.5501392757660167 0.5996543778801844 0.5501392757660167
5 0.6330645161290323 0.5069637883008357 0.6595622119815668 0.5069637883008357 0.6595622119815668 0.5508356545961003 0.6330645161290323 0.5508356545961003
