11 0.25 0.5675487465181058 0.2764976958525346 0.5675487465181058 0.2764976958525346 0.6107242339832869 0.25 0.6107242339832869
18 0.28456221198156684 0.5675487465181058 0.29838709677419356 0.5675487465181058 0.29838709677419356 0.6114206128133705 0.28456221198156684 0.6114206128133705
33 0.30472350230414746 0.5675487465181058 0.33122119815668205 0.5675487465181058 0.33122119815668205 0.6107242339832869 0.30472350230414746 0.6107242339832869
36 0.3392857142857143 0.5675487465181058 0.3461981566820277 0.5675487465181058 0.3461981566820277 0.5940111420612814 0.3392857142857143 0.5940111420612814
0 0.3542626728110599 0.5675487465181058 0.3807603686635945 0.5675487465181058 0.3807603686635945 0.6114206128133705 0.3542626728110599 0.6114206128133705
4 0.3882488479262673 0.5675487465181058 0.4147465437788019 0.5675487465181058 0.4147465437788019 0.6107242339832869 0.3882488479262673 0.6107242339832869
37 0.4228110599078341 0.5675487465181058 0.44930875576036866 0.5675487465181058 0.44930875576036866 0.5995821727019498 0.4228110599078341 0.5995821727019498
2 0.45622119815668205 0.5675487465181058 0.48271889400921664 0.5675487465181058 0.48271889400921664 0.6107242339832869 0.45622119815668205 0.6107242339832869
9 0.4890552995391705 0.5675487465181058 0.5086405529953917 0.5675487465181058 0.5086405529953917 0.6114206128133705 0.4890552995391705 0.6114206128133705
37 0.5167050691244239 0.5675487465181058 0.5432027649769585 0.5675487465181058 0.5432027649769585 0.6002785515320334 0.5167050691244239 0.6002785515320334
2 0.5512672811059908 0.5675487465181058 0.570852534562212 0.5675487465181058 0.570852534562212 0.6114206128133705 0.5512672811059908 0.6114206128133705
0 0.5783410138248848 0.5675487465181058 0.6048387096774194 0.5675487465181058 0.6048387096774194 0.6107242339832869 0.5783410138248848 0.6107242339832869
2 0.6111751152073732 0.5675487465181058 0.6307603686635944 0.5675487465181058 0.6307603686635944 0.6114206128133705 0.6111751152073732 0.6114206128133705
5 0.6376728110599078 0.5675487465181058 0.6641705069124424 0.5675487465181058 0.6641705069124424 0.6107242339832869 0.6376728110599078 0.6107242339832869
14 0.25 0.6211699164345403 0.2695852534562212 0.6211699164345403 0.2695852534562212 0.665041782729805 0.25 0.665041782729805
13 0.2782258064516129 0.6211699164345403 0.30472350230414746 0.6211699164345403 0.30472350230414746 0.6643454038997214 0.2782258064516129 0.6643454038997214
21 0.31048387096774194 0.6211699164345403 0.3323732718894009 0.6211699164345403 0.3323732718894009 0.6643454038997214 0.31048387096774194 0.6643454038997214
36 0.33986175115207373 0.6211699164345403 0.3513824884792627 0.6211699164345403 0.3513824884792627 0.6532033426183843 0.33986175115207373 0.6532033426183843
0 0.35714285714285715 0.6211699164345403 0.38364055299539174 0.6211699164345403 0.38364055299539174 0.6643454038997214 0.35714285714285715 0.6643454038997214
6 0.38940092165898615 0.6211699164345403 0.40898617511520735 0.6211699164345403 0.40898617511520735 0.665041782729805 0.38940092165898615 0.665041782729805
37 0.4147465437788018 0.6211699164345403 0.4412442396313364 0.6211699164345403 0.4412442396313364 0.6538997214484679 0.4147465437788018 0.6538997214484679
1 0.4475806451612903 0.6211699164345403 0.46486175115207373 0.6211699164345403 0.46486175115207373 0.6643454038997214 0.4475806451612903 0.6643454038997214
9 0.47119815668202764 0.6211699164345403 0.49078341013824883 0.6211699164345403 0.49078341013824883 0.665041782729805 0.47119815668202764 0.665041782729805
37 0.49942396313364057 0.6211699164345403 0.5259216589861752 0.6211699164345403 0.5259216589861752 0.6532033426183843 0.49942396313364057 0.6532033426183843
2 0.5345622119815668 0.6211699164345403 0.554147465437788 0.6211699164345403 0.554147465437788 0.665041782729805 0.5345622119815668 0.665041782729805
0 0.5616359447004609 0.6211699164345403 0.5881336405529954 0.6211699164345403 0.5881336405529954 0.6643454038997214 0.5616359447004609 0.6643454038997214
2 0.5961981566820277 0.6211699164345403 0.6157834101382489 0.6211699164345403 0.6157834101382489 0.665041782729805 0.5961981566820277 0.665041782729805
5 0.6244239631336406 0.6211699164345403 0.6509216589861752 0.6211699164345403 0.6509216589861752 0.6643454038997214 0.6244239631336406 0.6643454038997214
