27 0.25 0.47841225626740946 0.2695852534562212 0.47841225626740946 0.2695852534562212 0.5222841225626741 0.25 0.5222841225626741
27 0.2782258064516129 0.47841225626740946 0.30472350230414746 0.47841225626740946 0.30472350230414746 0.5215877437325905 0.2782258064516129 0.5215877437325905
32 0.31163594470046085 0.47841225626740946 0.33813364055299544 0.47841225626740946 0.33813364055299544 0.5215877437325905 0.31163594470046085 0.5215877437325905
36 0.3467741935483871 0.47841225626740946 0.35829493087557607 0.47841225626740946 0.35829493087557607 0.5104456824512534 0.3467741935483871 0.5104456824512534
0 0.3652073732718894 0.47841225626740946 0.391705069124424 0.47841225626740946 0.391705069124424 0.5215877437325905 0.3652073732718894 0.5215877437325905
2 0.3986175115207373 0.47841225626740946 0.4182027649769585 0.47841225626740946 0.4182027649769585 0.5222841225626741 0.3986175115207373 0.5222841225626741
37 0.42569124423963134 0.47841225626740946 0.4521889400921659 0.47841225626740946 0.4521889400921659 0.511142061281337 0.42569124423963134 0.511142061281337
0 0.4608294930875576 0.47841225626740946 0.4873271889400922 0.47841225626740946 0.4873271889400922 0.5215877437325905 0.4608294930875576 0.5215877437325905
6 0.4942396313364055 0.47841225626740946 0.5207373271889401 0.47841225626740946 0.5207373271889401 0.5215877437325905 0.4942396313364055 0.5215877437325905
37 0.5276497695852534 0.47841225626740946 0.554147465437788 0.47841225626740946 0.554147465437788 0.5104456824512534 0.5276497695852534 0.5104456824512534
2 0.5616359447004609 0.47841225626740946 0.581221198156682 0.47841225626740946 0.581221198156682 0.5229805013927576 0.5616359447004609 0.5229805013927576
0 0.5881336405529954 0.47841225626740946 0.61463133640553 0.47841225626740946 0.61463133640553 0.5215877437325905 0.5881336405529954 0.5215877437325905
2 0.6221198156682027 0.47841225626740946 0.6486175115207373 0.47841225626740946 0.6486175115207373 0.5222841225626741 0.6221198156682027 0.5222841225626741
5 0.657258064516129 0.47841225626740946 0.6768433179723502 0.47841225626740946 0.6768433179723502 0.5222841225626741 0.657258064516129 0.5222841225626741
32 0.25 0.532033426183844 0.2695852534562212 0.532033426183844 0.2695852534562212 0.5759052924791086 0.25 0.5759052924791086
33 0.27764976958525345 0.532033426183844 0.30414746543778803 0.532033426183844 0.30414746543778803 0.575208913649025 0.27764976958525345 0.575208913649025
10 0.3099078341013825 0.532033426183844 0.3364055299539171 0.532033426183844 0.3364055299539171 0.575208913649025 0.3099078341013825 0.575208913649025
36 0.3444700460829493 0.532033426183844 0.3571428571428571 0.532033426183844 0.3571428571428571 0.5647632311977715 0.3444700460829493 0.5647632311977715
0 0.3640552995391705 0.532033426183844 0.3836405529953917 0.532033426183844 0.3836405529953917 0.5759052924791086 0.3640552995391705 0.5759052924791086
4 0.3922811059907834 0.532033426183844 0.4118663594470046 0.532033426183844 0.4118663594470046 0.5759052924791086 0.3922811059907834 0.5759052924791086
37 0.41877880184331795 0.532033426183844 0.44527649769585254 0.532033426183844 0.44527649769585254 0.5640668523676879 0.41877880184331795 0.5640668523676879
1 0.4521889400921659 0.532033426183844 0.46486175115207373 0.532033426183844 0.46486175115207373 0.5759052924791086 0.4521889400921659 0.5759052924791086
5 0.47235023041474655 0.532033426183844 0.49884792626728114 0.532033426183844 0.49884792626728114 0.5759052924791086 0.47235023041474655 0.5759052924791086
37 0.5057603686635944 0.532033426183844 0.532258064516129 0.532033426183844 0.532258064516129 0.5640668523676879 0.5057603686635944 0.5640668523676879
2 0.5403225806451613 0.532033426183844 0.5599078341013825 0.532033426183844 0.5599078341013825 0.5766016713091922 0.5403225806451613 0.5766016713091922
0 0.5668202764976958 0.532033426183844 0.5933179723502304 0.532033426183844 0.5933179723502304 0.5759052924791086 0.5668202764976958 0.5759052924791086
2 0.6019585253456221 0.532033426183844 0.6215437788018433 0.532033426183844 0.6215437788018433 0.5759052924791086 0.6019585253456221 0.5759052924791086
5 0.6273041474654378 0.532033426183844 0.646889400921659 0.532033426183844 0.646889400921659 0.5759052924791086 0.6273041474654378 0.5759052924791086
