25 0.25 0.34331476323119775 0.2764976958525346 0.34331476323119775 0.2764976958525346 0.3864902506963788 0.25 0.3864902506963788
18 0.2828341013824885 0.34331476323119775 0.29550691244239635 0.34331476323119775 0.29550691244239635 0.3871866295264624 0.2828341013824885 0.3871866295264624
16 0.30126728110599077 0.34331476323119775 0.32776497695852536 0.34331476323119775 0.32776497695852536 0.3871866295264624 0.30126728110599077 0.3871866295264624
36 0.3346774193548387 0.34331476323119775 0.34619815668202764 0.34331476323119775 0.34619815668202764 0.3753481894150418 0.3346774193548387 0.3753481894150418
0 0.3519585253456221 0.34331476323119775 0.3784562211981567 0.34331476323119775 0.3784562211981567 0.3864902506963788 0.3519585253456221 0.3864902506963788
3 0.3847926267281106 0.34331476323119775 0.4043778801843318 0.34331476323119775 0.4043778801843318 0.3871866295264624 0.3847926267281106 0.3871866295264624
37 0.4112903225806452 0.34331476323119775 0.43778801843317977 0.34331476323119775 0.43778801843317977 0.3753481894150418 0.4112903225806452 0.3753481894150418
2 0.4441244239631336 0.34331476323119775 0.4637096774193548 0.34331476323119775 0.4637096774193548 0.38788300835654593 0.4441244239631336 0.38788300835654593
4 0.4700460829493088 0.34331476323119775 0.49654377880184336 0.34331476323119775 0.49654377880184336 0.3871866295264624 0.4700460829493088 0.3871866295264624
37 0.5023041474654378 0.34331476323119775 0.5288018433179724 0.34331476323119775 0.5288018433179724 0.3753481894150418 0.5023041474654378 0.3753481894150418
2 0.5351382488479263 0.34331476323119775 0.5616359447004609 0.34331476323119775 0.5616359447004609 0.3864902506963788 0.5351382488479263 0.3864902506963788
0 0.5679723502304147 0.34331476323119775 0.5944700460829493 0.34331476323119775 0.5944700460829493 0.3871866295264624 0.5679723502304147 0.3871866295264624
2 0.6002304147465438 0.34331476323119775 0.6267281105990784 0.34331476323119775 0.6267281105990784 0.3864902506963788 0.6002304147465438 0.3864902506963788
5 0.6353686635944701 0.34331476323119775 0.6549539170506913 0.34331476323119775 0.6549539170506913 0.3871866295264624 0.6353686635944701 0.3871866295264624
17 0.25 0.3969359331476323 0.2695852534562212 0.3969359331476323 0.2695852534562212 0.4415041782729805 0.25 0.4415041782729805
23 0.277073732718894 0.3969359331476323 0.3035714285714286 0.3969359331476323 0.3035714285714286 0.44080779944289694 0.277073732718894 0.44080779944289694
31 0.309331797235023 0.3969359331476323 0.3358294930875576 0.3969359331476323 0.3358294930875576 0.4401114206128134 0.309331797235023 0.4401114206128134
36 0.34389400921658986 0.3969359331476323 0.35656682027649766 0.3969359331476323 0.35656682027649766 0.42896935933147634 0.34389400921658986 0.42896935933147634
0 0.36463133640552997 0.3969359331476323 0.39112903225806456 0.3969359331476323 0.39112903225806456 0.4401114206128134 0.36463133640552997 0.4401114206128134
4 0.3980414746543779 0.3969359331476323 0.4176267281105991 0.3969359331476323 0.4176267281105991 0.44080779944289694 0.3980414746543779 0.44080779944289694
37 0.42626728110599077 0.3969359331476323 0.45276497695852536 0.3969359331476323 0.45276497695852536 0.42896935933147634 0.42626728110599077 0.42896935933147634
1 0.4596774193548387 0.3969359331476323 0.4769585253456221 0.3969359331476323 0.4769585253456221 0.44080779944289694 0.4596774193548387 0.44080779944289694
1 0.483294930875576 0.3969359331476323 0.49711981566820274 0.3969359331476323 0.49711981566820274 0.44080779944289694 0.483294930875576 0.44080779944289694
37 0.5034562211981567 0.3969359331476323 0.5299539170506913 0.3969359331476323 0.5299539170506913 0.42827298050139273 0.5034562211981567 0.42827298050139273
2 0.5357142857142857 0.3969359331476323 0.5552995391705069 0.3969359331476323 0.5552995391705069 0.44080779944289694 0.5357142857142857 0.44080779944289694
0 0.5610599078341014 0.3969359331476323 0.587557603686636 0.3969359331476323 0.587557603686636 0.4401114206128134 0.5610599078341014 0.4401114206128134
2 0.5938940092165899 0.3969359331476323 0.613479262672811 0.3969359331476323 0.613479262672811 0.44080779944289694 0.5938940092165899 0.44080779944289694
5 0.6203917050691244 0.3969359331476323 0.646889400921659 0.3969359331476323 0.646889400921659 0.4401114206128134 0.6203917050691244 0.4401114206128134
