33 0.25 0.4763231197771588 0.2764976958525346 0.4763231197771588 0.2764976958525346 0.5194986072423399 0.25 0.5194986072423399
14 0.28225806451612906 0.4763231197771588 0.30184331797235026 0.4763231197771588 0.30184331797235026 0.5201949860724234 0.28225806451612906 0.5201949860724234
13 0.30817972350230416 0.4763231197771588 0.33467741935483875 0.4763231197771588 0.33467741935483875 0.5194986072423399 0.30817972350230416 0.5194986072423399
36 0.34101382488479265 0.4763231197771588 0.34792626728110604 0.4763231197771588 0.34792626728110604 0.5034818941504179 0.34101382488479265 0.5034818941504179
1 0.3554147465437788 0.4763231197771588 0.3680875576036866 0.4763231197771588 0.3680875576036866 0.5201949860724234 0.3554147465437788 0.5201949860724234
0 0.375 0.4763231197771588 0.4014976958525346 0.4763231197771588 0.4014976958525346 0.5201949860724234 0.375 0.5201949860724234
37 0.40956221198156684 0.4763231197771588 0.4360599078341014 0.4763231197771588 0.4360599078341014 0.5090529247910863 0.40956221198156684 0.5090529247910863
1 0.4447004608294931 0.4763231197771588 0.4573732718894009 0.4763231197771588 0.4573732718894009 0.5201949860724234 0.4447004608294931 0.5201949860724234
7 0.4631336405529954 0.4763231197771588 0.48963133640552997 0.4763231197771588 0.48963133640552997 0.5194986072423399 0.4631336405529954 0.5194986072423399
37 0.4971198156682028 0.4763231197771588 0.5236175115207373 0.4763231197771588 0.5236175115207373 0.5083565459610028 0.4971198156682028 0.5083565459610028
2 0.5311059907834101 0.4763231197771588 0.5576036866359447 0.4763231197771588 0.5576036866359447 0.5201949860724234 0.5311059907834101 0.5201949860724234
0 0.565668202764977 0.4763231197771588 0.5921658986175116 0.4763231197771588 0.5921658986175116 0.5194986072423399 0.565668202764977 0.5194986072423399
2 0.5985023041474654 0.4763231197771588 0.625 0.4763231197771588 0.625 0.5194986072423399 0.5985023041474654 0.5194986072423399
5 0.6307603686635944 0.4763231197771588 0.6503456221198156 0.4763231197771588 0.6503456221198156 0.5201949860724234 0.6307603686635944 0.5201949860724234
14 0.25 0.5299442896935933 0.2695852534562212 0.5299442896935933 0.2695852534562212 0.5738161559888579 0.25 0.5738161559888579
11 0.27764976958525345 0.5299442896935933 0.29723502304147464 0.5299442896935933 0.29723502304147464 0.5738161559888579 0.27764976958525345 0.5738161559888579
16 0.3052995391705069 0.5299442896935933 0.3317972350230415 0.5299442896935933 0.3317972350230415 0.5731197771587744 0.3052995391705069 0.5731197771587744
36 0.33986175115207373 0.5299442896935933 0.3513824884792627 0.5299442896935933 0.3513824884792627 0.5619777158774373 0.33986175115207373 0.5619777158774373
0 0.35714285714285715 0.5299442896935933 0.38364055299539174 0.5299442896935933 0.38364055299539174 0.5731197771587744 0.35714285714285715 0.5731197771587744
2 0.39055299539170507 0.5299442896935933 0.41705069124423966 0.5299442896935933 0.41705069124423966 0.5731197771587744 0.39055299539170507 0.5731197771587744
37 0.4245391705069124 0.5299442896935933 0.451036866359447 0.5299442896935933 0.451036866359447 0.5619777158774373 0.4245391705069124 0.5619777158774373
2 0.45794930875576034 0.5299442896935933 0.47753456221198154 0.5299442896935933 0.47753456221198154 0.5738161559888579 0.45794930875576034 0.5738161559888579
8 0.4838709677419355 0.5299442896935933 0.5103686635944701 0.5299442896935933 0.5103686635944701 0.5731197771587744 0.4838709677419355 0.5731197771587744
37 0.5161290322580645 0.5299442896935933 0.5426267281105991 0.5299442896935933 0.5426267281105991 0.5612813370473537 0.5161290322580645 0.5612813370473537
2 0.5501152073732719 0.5299442896935933 0.5766129032258065 0.5299442896935933 0.5766129032258065 0.5731197771587744 0.5501152073732719 0.5731197771587744
0 0.5829493087557603 0.5299442896935933 0.6094470046082949 0.5299442896935933 0.6094470046082949 0.5731197771587744 0.5829493087557603 0.5731197771587744
2 0.6163594470046083 0.5299442896935933 0.6428571428571429 0.5299442896935933 0.6428571428571429 0.5731197771587744 0.6163594470046083 0.5731197771587744
5 0.6486175115207373 0.5299442896935933 0.6682027649769585 0.5299442896935933 0.6682027649769585 0.5745125348189415 0.6486175115207373 0.5745125348189415
