17 0.25 0.3370473537604457 0.2764976958525346 0.3370473537604457 0.2764976958525346 0.3802228412256268 0.25 0.3802228412256268
26 0.28513824884792627 0.3370473537604457 0.30472350230414746 0.3370473537604457 0.30472350230414746 0.3816155988857939 0.28513824884792627 0.3816155988857939
12 0.31048387096774194 0.3370473537604457 0.33006912442396313 0.3370473537604457 0.33006912442396313 0.38091922005571033 0.31048387096774194 0.38091922005571033
36 0.33755760368663595 0.3370473537604457 0.34447004608294934 0.3370473537604457 0.34447004608294934 0.36420612813370473 0.33755760368663595 0.36420612813370473
1 0.3519585253456221 0.3370473537604457 0.3692396313364055 0.3370473537604457 0.3692396313364055 0.3802228412256268 0.3519585253456221 0.3802228412256268
2 0.3778801843317972 0.3370473537604457 0.4043778801843318 0.3370473537604457 0.4043778801843318 0.38091922005571033 0.3778801843317972 0.38091922005571033
37 0.41244239631336405 0.3370473537604457 0.43894009216589863 0.3370473537604457 0.43894009216589863 0.3690807799442897 0.41244239631336405 0.3690807799442897
1 0.4447004608294931 0.3370473537604457 0.4619815668202765 0.3370473537604457 0.4619815668202765 0.3802228412256268 0.4447004608294931 0.3802228412256268
2 0.4700460829493088 0.3370473537604457 0.49654377880184336 0.3370473537604457 0.49654377880184336 0.38091922005571033 0.4700460829493088 0.38091922005571033
37 0.5046082949308756 0.3370473537604457 0.5311059907834101 0.3370473537604457 0.5311059907834101 0.3690807799442897 0.5046082949308756 0.3690807799442897
2 0.5368663594470046 0.3370473537604457 0.5633640552995391 0.3370473537604457 0.5633640552995391 0.3802228412256268 0.5368663594470046 0.3802228412256268
0 0.5702764976958525 0.3370473537604457 0.5898617511520737 0.3370473537604457 0.5898617511520737 0.38091922005571033 0.5702764976958525 0.38091922005571033
2 0.5956221198156681 0.3370473537604457 0.6221198156682027 0.3370473537604457 0.6221198156682027 0.3802228412256268 0.5956221198156681 0.3802228412256268
4 0.6307603686635944 0.3370473537604457 0.657258064516129 0.3370473537604457 0.657258064516129 0.3802228412256268 0.6307603686635944 0.3802228412256268
34 0.25 0.3906685236768802 0.2764976958525346 0.3906685236768802 0.2764976958525346 0.4338440111420613 0.25 0.4338440111420613
31 0.2828341013824885 0.3906685236768802 0.3093317972350231 0.3906685236768802 0.3093317972350231 0.4338440111420613 0.2828341013824885 0.4338440111420613
26 0.3150921658986175 0.3906685236768802 0.3346774193548387 0.3906685236768802 0.3346774193548387 0.43454038997214484 0.3150921658986175 0.43454038997214484
36 0.34274193548387094 0.3906685236768802 0.3554147465437788 0.3906685236768802 0.3554147465437788 0.42270194986072424 0.34274193548387094 0.42270194986072424
1 0.3640552995391705 0.3906685236768802 0.3767281105990783 0.3906685236768802 0.3767281105990783 0.43454038997214484 0.3640552995391705 0.43454038997214484
0 0.38306451612903225 0.3906685236768802 0.40956221198156684 0.3906685236768802 0.40956221198156684 0.4338440111420613 0.38306451612903225 0.4338440111420613
37 0.41589861751152074 0.3906685236768802 0.4423963133640553 0.3906685236768802 0.4423963133640553 0.42270194986072424 0.41589861751152074 0.42270194986072424
1 0.451036866359447 0.3906685236768802 0.4683179723502304 0.3906685236768802 0.4683179723502304 0.43454038997214484 0.451036866359447 0.43454038997214484
6 0.4769585253456221 0.3906685236768802 0.4965437788018433 0.3906685236768802 0.4965437788018433 0.43454038997214484 0.4769585253456221 0.43454038997214484
37 0.5034562211981567 0.3906685236768802 0.5299539170506913 0.3906685236768802 0.5299539170506913 0.4233983286908078 0.5034562211981567 0.4233983286908078
2 0.538594470046083 0.3906685236768802 0.5581797235023042 0.3906685236768802 0.5581797235023042 0.43454038997214484 0.538594470046083 0.43454038997214484
0 0.5639400921658986 0.3906685236768802 0.5904377880184332 0.3906685236768802 0.5904377880184332 0.4338440111420613 0.5639400921658986 0.4338440111420613
2 0.597926267281106 0.3906685236768802 0.6175115207373272 0.3906685236768802 0.6175115207373272 0.43454038997214484 0.597926267281106 0.43454038997214484
5 0.6255760368663594 0.3906685236768802 0.6451612903225806 0.3906685236768802 0.6451612903225806 0.43454038997214484 0.6255760368663594 0.43454038997214484
