32 0.25 0.37395543175487467 0.2764976958525346 0.37395543175487467 0.2764976958525346 0.41713091922005574 0.25 0.41713091922005574
12 0.28456221198156684 0.37395543175487467 0.3110599078341014 0.37395543175487467 0.3110599078341014 0.41713091922005574 0.28456221198156684 0.41713091922005574
31 0.3185483870967742 0.37395543175487467 0.3450460829493088 0.37395543175487467 0.3450460829493088 0.41713091922005574 0.3185483870967742 0.41713091922005574
36 0.35253456221198154 0.37395543175487467 0.3640552995391705 0.37395543175487467 0.3640552995391705 0.4059888579387187 0.35253456221198154 0.4059888579387187
0 0.3715437788018433 0.37395543175487467 0.3980414746543779 0.37395543175487467 0.3980414746543779 0.4178272980501393 0.3715437788018433 0.4178272980501393
7 0.4043778801843318 0.37395543175487467 0.4308755760368664 0.37395543175487467 0.4308755760368664 0.41713091922005574 0.4043778801843318 0.41713091922005574
37 0.43951612903225806 0.37395543175487467 0.46601382488479265 0.37395543175487467 0.46601382488479265 0.4059888579387187 0.43951612903225806 0.4059888579387187
2 0.4740783410138249 0.37395543175487467 0.5005760368663594 0.37395543175487467 0.5005760368663594 0.4178272980501393 0.4740783410138249 0.4178272980501393
1 0.5092165898617511 0.37395543175487467 0.5218894009216589 0.37395543175487467 0.5218894009216589 0.4178272980501393 0.5092165898617511 0.4178272980501393
37 0.5305299539170507 0.37395543175487467 0.5570276497695853 0.37395543175487467 0.5570276497695853 0.4059888579387187 0.5305299539170507 0.4059888579387187
2 0.5627880184331797 0.37395543175487467 0.5892857142857143 0.37395543175487467 0.5892857142857143 0.41713091922005574 0.5627880184331797 0.41713091922005574
0 0.5961981566820277 0.37395543175487467 0.6157834101382489 0.37395543175487467 0.6157834101382489 0.4178272980501393 0.5961981566820277 0.4178272980501393
2 0.6221198156682027 0.37395543175487467 0.6486175115207373 0.37395543175487467 0.6486175115207373 0.4178272980501393 0.6221198156682027 0.4178272980501393
5 0.6561059907834101 0.37395543175487467 0.6826036866359447 0.37395543175487467 0.6826036866359447 0.41713091922005574 0.6561059907834101 0.41713091922005574
22 0.25 0.4275766016713092 0.2764976958525346 0.4275766016713092 0.2764976958525346 0.4714484679665738 0.25 0.4714484679665738
25 0.2834101382488479 0.4275766016713092 0.3099078341013825 0.4275766016713092 0.3099078341013825 0.4714484679665738 0.2834101382488479 0.4714484679665738
28 0.31797235023041476 0.4275766016713092 0.33755760368663595 0.4275766016713092 0.33755760368663595 0.4714484679665738 0.31797235023041476 0.4714484679665738
36 0.3456221198156682 0.4275766016713092 0.35714285714285715 0.4275766016713092 0.35714285714285715 0.4596100278551532 0.3456221198156682 0.4596100278551532
0 0.3652073732718894 0.4275766016713092 0.391705069124424 0.4275766016713092 0.391705069124424 0.47075208913649025 0.3652073732718894 0.47075208913649025
3 0.3980414746543779 0.4275766016713092 0.4245391705069125 0.4275766016713092 0.4245391705069125 0.47075208913649025 0.3980414746543779 0.47075208913649025
37 0.43317972350230416 0.4275766016713092 0.45967741935483875 0.4275766016713092 0.45967741935483875 0.4596100278551532 0.43317972350230416 0.4596100278551532
1 0.46543778801843316 0.4275766016713092 0.4827188940092166 0.4275766016713092 0.4827188940092166 0.47075208913649025 0.46543778801843316 0.47075208913649025
8 0.4890552995391705 0.4275766016713092 0.5086405529953917 0.4275766016713092 0.5086405529953917 0.47214484679665736 0.4890552995391705 0.47214484679665736
37 0.5155529953917051 0.4275766016713092 0.5420506912442397 0.4275766016713092 0.5420506912442397 0.4596100278551532 0.5155529953917051 0.4596100278551532
2 0.5506912442396313 0.4275766016713092 0.5771889400921659 0.4275766016713092 0.5771889400921659 0.47075208913649025 0.5506912442396313 0.47075208913649025
0 0.5858294930875576 0.4275766016713092 0.6054147465437788 0.4275766016713092 0.6054147465437788 0.4714484679665738 0.5858294930875576 0.4714484679665738
2 0.6117511520737328 0.4275766016713092 0.6382488479262673 0.4275766016713092 0.6382488479262673 0.4714484679665738 0.6117511520737328 0.4714484679665738
5 0.6463133640552995 0.4275766016713092 0.6728110599078341 0.4275766016713092 0.6728110599078341 0.4714484679665738 0.6463133640552995 0.4714484679665738
