21 0.25 0.49164345403899723 0.2764976958525346 0.49164345403899723 0.2764976958525346 0.5348189415041783 0.25 0.5348189415041783
20 0.28398617511520735 0.49164345403899723 0.31048387096774194 0.49164345403899723 0.31048387096774194 0.5355153203342619 0.28398617511520735 0.5355153203342619
35 0.3191244239631336 0.49164345403899723 0.3387096774193548 0.49164345403899723 0.3387096774193548 0.5355153203342619 0.3191244239631336 0.5355153203342619
36 0.3444700460829493 0.49164345403899723 0.35599078341013823 0.49164345403899723 0.35599078341013823 0.5236768802228412 0.3444700460829493 0.5236768802228412
0 0.3640552995391705 0.49164345403899723 0.39055299539170507 0.49164345403899723 0.39055299539170507 0.5348189415041783 0.3640552995391705 0.5348189415041783
2 0.39746543778801846 0.49164345403899723 0.41705069124423966 0.49164345403899723 0.41705069124423966 0.5362116991643454 0.39746543778801846 0.5362116991643454
37 0.42338709677419356 0.49164345403899723 0.44988479262672815 0.49164345403899723 0.44988479262672815 0.5236768802228412 0.42338709677419356 0.5236768802228412
1 0.45622119815668205 0.49164345403899723 0.47350230414746547 0.49164345403899723 0.47350230414746547 0.5355153203342619 0.45622119815668205 0.5355153203342619
7 0.4804147465437788 0.49164345403899723 0.5 0.49164345403899723 0.5 0.5362116991643454 0.4804147465437788 0.5362116991643454
37 0.5069124423963134 0.49164345403899723 0.533410138248848 0.49164345403899723 0.533410138248848 0.5236768802228412 0.5069124423963134 0.5236768802228412
2 0.5391705069124424 0.49164345403899723 0.565668202764977 0.49164345403899723 0.565668202764977 0.5355153203342619 0.5391705069124424 0.5355153203342619
0 0.5725806451612904 0.49164345403899723 0.599078341013825 0.49164345403899723 0.599078341013825 0.5348189415041783 0.5725806451612904 0.5348189415041783
2 0.6071428571428571 0.49164345403899723 0.6336405529953917 0.49164345403899723 0.6336405529953917 0.5348189415041783 0.6071428571428571 0.5348189415041783
5 0.6422811059907834 0.49164345403899723 0.668778801843318 0.49164345403899723 0.668778801843318 0.5348189415041783 0.6422811059907834 0.5348189415041783
21 0.25 0.5452646239554317 0.2764976958525346 0.5452646239554317 0.2764976958525346 0.5884401114206128 0.25 0.5884401114206128
27 0.28456221198156684 0.5452646239554317 0.30414746543778803 0.5452646239554317 0.30414746543778803 0.5891364902506964 0.28456221198156684 0.5891364902506964
11 0.3122119815668203 0.5452646239554317 0.33870967741935487 0.5452646239554317 0.33870967741935487 0.5884401114206128 0.3122119815668203 0.5884401114206128
36 0.34619815668202764 0.5452646239554317 0.3588709677419355 0.5452646239554317 0.3588709677419355 0.5779944289693593 0.34619815668202764 0.5779944289693593
1 0.36693548387096775 0.5452646239554317 0.38421658986175117 0.5452646239554317 0.38421658986175117 0.5884401114206128 0.36693548387096775 0.5884401114206128
0 0.38997695852534564 0.5452646239554317 0.4164746543778802 0.5452646239554317 0.4164746543778802 0.5884401114206128 0.38997695852534564 0.5884401114206128
37 0.4228110599078341 0.5452646239554317 0.44930875576036866 0.5452646239554317 0.44930875576036866 0.5772980501392757 0.4228110599078341 0.5772980501392757
2 0.4567972350230415 0.5452646239554317 0.4763824884792627 0.5452646239554317 0.4763824884792627 0.5891364902506964 0.4567972350230415 0.5891364902506964
3 0.483294930875576 0.5452646239554317 0.5028801843317972 0.5452646239554317 0.5028801843317972 0.5891364902506964 0.483294930875576 0.5891364902506964
37 0.5103686635944701 0.5452646239554317 0.5368663594470047 0.5452646239554317 0.5368663594470047 0.5772980501392757 0.5103686635944701 0.5772980501392757
2 0.543778801843318 0.5452646239554317 0.5702764976958525 0.5452646239554317 0.5702764976958525 0.5884401114206128 0.543778801843318 0.5884401114206128
0 0.5789170506912442 0.5452646239554317 0.6054147465437788 0.5452646239554317 0.6054147465437788 0.5884401114206128 0.5789170506912442 0.5884401114206128
2 0.6111751152073732 0.5452646239554317 0.6376728110599078 0.5452646239554317 0.6376728110599078 0.5891364902506964 0.6111751152073732 0.5891364902506964
5 0.6457373271889401 0.5452646239554317 0.6653225806451613 0.5452646239554317 0.6653225806451613 0.5891364902506964 0.6457373271889401 0.5891364902506964
