16 0.25 0.4025069637883008 0.2695852534562212 0.4025069637883008 0.2695852534562212 0.44637883008356544 0.25 0.44637883008356544
11 0.2764976958525346 0.4025069637883008 0.3029953917050692 0.4025069637883008 0.3029953917050692 0.4456824512534819 0.2764976958525346 0.4456824512534819
24 0.309331797235023 0.4025069637883008 0.3289170506912442 0.4025069637883008 0.3289170506912442 0.44637883008356544 0.309331797235023 0.44637883008356544
36 0.33640552995391704 0.4025069637883008 0.347926267281106 0.4025069637883008 0.347926267281106 0.43454038997214484 0.33640552995391704 0.43454038997214484
0 0.35599078341013823 0.4025069637883008 0.3824884792626728 0.4025069637883008 0.3824884792626728 0.44637883008356544 0.35599078341013823 0.44637883008356544
6 0.3911290322580645 0.4025069637883008 0.4176267281105991 0.4025069637883008 0.4176267281105991 0.4456824512534819 0.3911290322580645 0.4456824512534819
37 0.42338709677419356 0.4025069637883008 0.44988479262672815 0.4025069637883008 0.44988479262672815 0.43454038997214484 0.42338709677419356 0.43454038997214484
2 0.4567972350230415 0.4025069637883008 0.4763824884792627 0.4025069637883008 0.4763824884792627 0.44637883008356544 0.4567972350230415 0.44637883008356544
0 0.48502304147465436 0.4025069637883008 0.511520737327189 0.4025069637883008 0.511520737327189 0.4456824512534819 0.48502304147465436 0.4456824512534819
37 0.5201612903225806 0.4025069637883008 0.5466589861751152 0.4025069637883008 0.5466589861751152 0.43454038997214484 0.5201612903225806 0.43454038997214484
2 0.5529953917050692 0.4025069637883008 0.5794930875576038 0.4025069637883008 0.5794930875576038 0.4456824512534819 0.5529953917050692 0.4456824512534819
0 0.5869815668202765 0.4025069637883008 0.613479262672811 0.4025069637883008 0.613479262672811 0.4456824512534819 0.5869815668202765 0.4456824512534819
2 0.6203917050691244 0.4025069637883008 0.646889400921659 0.4025069637883008 0.646889400921659 0.4456824512534819 0.6203917050691244 0.4456824512534819
5 0.6538018433179723 0.4025069637883008 0.6802995391705069 0.4025069637883008 0.6802995391705069 0.4456824512534819 0.6538018433179723 0.4456824512534819
11 0.25 0.4561281337047354 0.2695852534562212 0.4561281337047354 0.2695852534562212 0.5 0.25 0.5
29 0.27534562211981567 0.4561281337047354 0.30184331797235026 0.4561281337047354 0.30184331797235026 0.49930362116991645 0.27534562211981567 0.49930362116991645
18 0.30817972350230416 0.4561281337047354 0.3254608294930876 0.4561281337047354 0.3254608294930876 0.49930362116991645 0.30817972350230416 0.49930362116991645
36 0.33352534562211983 0.4561281337047354 0.3450460829493088 0.4561281337047354 0.3450460829493088 0.4881615598885794 0.33352534562211983 0.4881615598885794
0 0.35253456221198154 0.4561281337047354 0.3790322580645161 0.4561281337047354 0.3790322580645161 0.49930362116991645 0.35253456221198154 0.49930362116991645
6 0.3847926267281106 0.4561281337047354 0.4043778801843318 0.4561281337047354 0.4043778801843318 0.5 0.3847926267281106 0.5
37 0.41013824884792627 0.4561281337047354 0.43663594470046085 0.4561281337047354 0.43663594470046085 0.4874651810584958 0.41013824884792627 0.4874651810584958
2 0.4441244239631336 0.4561281337047354 0.4706221198156682 0.4561281337047354 0.4706221198156682 0.49930362116991645 0.4441244239631336 0.49930362116991645
4 0.4769585253456221 0.4561281337047354 0.4965437788018433 0.4561281337047354 0.4965437788018433 0.5 0.4769585253456221 0.5
37 0.5046082949308756 0.4561281337047354 0.5264976958525346 0.4561281337047354 0.5264976958525346 0.48259052924791085 0.5046082949308756 0.48259052924791085
2 0.5339861751152074 0.4561281337047354 0.5535714285714286 0.4561281337047354 0.5535714285714286 0.5 0.5339861751152074 0.5
0 0.5616359447004609 0.4561281337047354 0.5881336405529954 0.4561281337047354 0.5881336405529954 0.49930362116991645 0.5616359447004609 0.49930362116991645
2 0.5938940092165899 0.4561281337047354 0.6203917050691244 0.4561281337047354 0.6203917050691244 0.49930362116991645 0.5938940092165899 0.49930362116991645
5 0.6278801843317973 0.4561281337047354 0.6543778801843319 0.4561281337047354 0.6543778801843319 0.49930362116991645 0.6278801843317973 0.49930362116991645
