35 0.25 0.4777158774373259 0.2764976958525346 0.4777158774373259 0.2764976958525346 0.520891364902507 0.25 0.520891364902507
19 0.28456221198156684 0.4777158774373259 0.30414746543778803 0.4777158774373259 0.30414746543778803 0.5215877437325905 0.28456221198156684 0.5215877437325905
32 0.31105990783410137 0.4777158774373259 0.33755760368663595 0.4777158774373259 0.33755760368663595 0.520891364902507 0.31105990783410137 0.520891364902507
36 0.34389400921658986 0.4777158774373259 0.35656682027649766 0.4777158774373259 0.35656682027649766 0.5097493036211699 0.34389400921658986 0.5097493036211699
1 0.3652073732718894 0.4777158774373259 0.3824884792626728 0.4777158774373259 0.3824884792626728 0.5153203342618384 0.3652073732718894 0.5153203342618384
0 0.3882488479262673 0.4777158774373259 0.4147465437788019 0.4777158774373259 0.4147465437788019 0.520891364902507 0.3882488479262673 0.520891364902507
37 0.42223502304147464 0.4777158774373259 0.44873271889400923 0.4777158774373259 0.44873271889400923 0.5097493036211699 0.42223502304147464 0.5097493036211699
1 0.45506912442396313 0.4777158774373259 0.47235023041474655 0.4777158774373259 0.47235023041474655 0.5153203342618384 0.45506912442396313 0.5153203342618384
1 0.48099078341013823 0.4777158774373259 0.49827188940092165 0.4777158774373259 0.49827188940092165 0.520891364902507 0.48099078341013823 0.520891364902507
37 0.505184331797235 0.4777158774373259 0.5316820276497696 0.4777158774373259 0.5316820276497696 0.5097493036211699 0.505184331797235 0.5097493036211699
2 0.5391705069124424 0.4777158774373259 0.565668202764977 0.4777158774373259 0.565668202764977 0.520891364902507 0.5391705069124424 0.520891364902507
0 0.5720046082949308 0.4777158774373259 0.591589861751152 0.4777158774373259 0.591589861751152 0.5222841225626741 0.5720046082949308 0.5222841225626741
2 0.5973502304147466 0.4777158774373259 0.6238479262672811 0.4777158774373259 0.6238479262672811 0.520891364902507 0.5973502304147466 0.520891364902507
5 0.6307603686635944 0.4777158774373259 0.657258064516129 0.4777158774373259 0.657258064516129 0.520891364902507 0.6307603686635944 0.520891364902507
12 0.25 0.5313370473537604 0.2695852534562212 0.5313370473537604 0.2695852534562212 0.575208913649025 0.25 0.575208913649025
27 0.277073732718894 0.5313370473537604 0.2966589861751152 0.5313370473537604 0.2966589861751152 0.575208913649025 0.277073732718894 0.575208913649025
14 0.3052995391705069 0.5313370473537604 0.3317972350230415 0.5313370473537604 0.3317972350230415 0.5745125348189415 0.3052995391705069 0.5745125348189415
36 0.3387096774193548 0.5313370473537604 0.35023041474654376 0.5313370473537604 0.35023041474654376 0.5640668523676879 0.3387096774193548 0.5640668523676879
0 0.3565668202764977 0.5313370473537604 0.3830645161290323 0.5313370473537604 0.3830645161290323 0.575208913649025 0.3565668202764977 0.575208913649025
4 0.39055299539170507 0.5313370473537604 0.41705069124423966 0.5313370473537604 0.41705069124423966 0.5745125348189415 0.39055299539170507 0.5745125348189415
37 0.4245391705069124 0.5313370473537604 0.451036866359447 0.5313370473537604 0.451036866359447 0.5633704735376044 0.4245391705069124 0.5633704735376044
1 0.45910138248847926 0.5313370473537604 0.4717741935483871 0.5313370473537604 0.4717741935483871 0.575208913649025 0.45910138248847926 0.575208913649025
6 0.47868663594470046 0.5313370473537604 0.49827188940092165 0.5313370473537604 0.49827188940092165 0.575208913649025 0.47868663594470046 0.575208913649025
37 0.5046082949308756 0.5313370473537604 0.5311059907834101 0.5313370473537604 0.5311059907834101 0.5640668523676879 0.5046082949308756 0.5640668523676879
2 0.538594470046083 0.5313370473537604 0.5650921658986175 0.5313370473537604 0.5650921658986175 0.5745125348189415 0.538594470046083 0.5745125348189415
0 0.5725806451612904 0.5313370473537604 0.5921658986175116 0.5313370473537604 0.5921658986175116 0.5759052924791086 0.5725806451612904 0.5759052924791086
2 0.6008064516129032 0.5313370473537604 0.6273041474654378 0.5313370473537604 0.6273041474654378 0.5745125348189415 0.6008064516129032 0.5745125348189415
5 0.6353686635944701 0.5313370473537604 0.6618663594470047 0.5313370473537604 0.6618663594470047 0.5745125348189415 0.6353686635944701 0.5745125348189415
