33 0.25 0.5480501392757661 0.2695852534562212 0.5480501392757661 0.2695852534562212 0.5919220055710307 0.25 0.5919220055710307
26 0.27534562211981567 0.5480501392757661 0.30184331797235026 0.5480501392757661 0.30184331797235026 0.5912256267409471 0.27534562211981567 0.5912256267409471
14 0.309331797235023 0.5480501392757661 0.3358294930875576 0.5480501392757661 0.3358294930875576 0.5912256267409471 0.309331797235023 0.5912256267409471
36 0.3415898617511521 0.5480501392757661 0.34850230414746547 0.5480501392757661 0.34850230414746547 0.5745125348189416 0.3415898617511521 0.5745125348189416
1 0.35714285714285715 0.5480501392757661 0.369815668202765 0.5480501392757661 0.369815668202765 0.5926183844011143 0.35714285714285715 0.5926183844011143
2 0.3761520737327189 0.5480501392757661 0.4026497695852535 0.5480501392757661 0.4026497695852535 0.5912256267409471 0.3761520737327189 0.5912256267409471
37 0.41013824884792627 0.5480501392757661 0.43663594470046085 0.5480501392757661 0.43663594470046085 0.58008356545961 0.41013824884792627 0.58008356545961
2 0.4441244239631336 0.5480501392757661 0.4706221198156682 0.5480501392757661 0.4706221198156682 0.5912256267409471 0.4441244239631336 0.5912256267409471
4 0.47753456221198154 0.5480501392757661 0.49711981566820274 0.5480501392757661 0.49711981566820274 0.5919220055710307 0.47753456221198154 0.5919220055710307
37 0.5046082949308756 0.5480501392757661 0.5311059907834101 0.5480501392757661 0.5311059907834101 0.58008356545961 0.5046082949308756 0.58008356545961
2 0.5380184331797235 0.5480501392757661 0.5645161290322581 0.5480501392757661 0.5645161290322581 0.5912256267409471 0.5380184331797235 0.5912256267409471
0 0.5720046082949308 0.5480501392757661 0.5985023041474654 0.5480501392757661 0.5985023041474654 0.5912256267409471 0.5720046082949308 0.5912256267409471
2 0.6071428571428571 0.5480501392757661 0.6267281105990783 0.5480501392757661 0.6267281105990783 0.5919220055710307 0.6071428571428571 0.5919220055710307
4 0.6336405529953917 0.5480501392757661 0.6601382488479263 0.5480501392757661 0.6601382488479263 0.5912256267409471 0.6336405529953917 0.5912256267409471
26 0.25 0.6016713091922006 0.2764976958525346 0.6016713091922006 0.2764976958525346 0.6448467966573816 0.25 0.6448467966573816
32 0.28513824884792627 0.6016713091922006 0.30472350230414746 0.6016713091922006 0.30472350230414746 0.6455431754874652 0.28513824884792627 0.6455431754874652
28 0.3127880184331797 0.6016713091922006 0.3323732718894009 0.6016713091922006 0.3323732718894009 0.6455431754874652 0.3127880184331797 0.6455431754874652
36 0.34043778801843316 0.6016713091922006 0.3519585253456221 0.6016713091922006 0.3519585253456221 0.6337047353760445 0.34043778801843316 0.6337047353760445
0 0.36059907834101385 0.6016713091922006 0.38709677419354843 0.6016713091922006 0.38709677419354843 0.6448467966573816 0.36059907834101385 0.6448467966573816
3 0.39285714285714285 0.6016713091922006 0.41935483870967744 0.6016713091922006 0.41935483870967744 0.6448467966573816 0.39285714285714285 0.6448467966573816
37 0.4251152073732719 0.6016713091922006 0.4516129032258065 0.6016713091922006 0.4516129032258065 0.6337047353760445 0.4251152073732719 0.6337047353760445
0 0.45794930875576034 0.6016713091922006 0.48444700460829493 0.6016713091922006 0.48444700460829493 0.6448467966573816 0.45794930875576034 0.6448467966573816
7 0.4925115207373272 0.6016713091922006 0.5120967741935484 0.6016713091922006 0.5120967741935484 0.6455431754874652 0.4925115207373272 0.6455431754874652
37 0.5201612903225806 0.6016713091922006 0.5466589861751152 0.6016713091922006 0.5466589861751152 0.6337047353760445 0.5201612903225806 0.6337047353760445
2 0.5535714285714286 0.6016713091922006 0.5800691244239632 0.6016713091922006 0.5800691244239632 0.6448467966573816 0.5535714285714286 0.6448467966573816
0 0.586405529953917 0.6016713091922006 0.6129032258064516 0.6016713091922006 0.6129032258064516 0.6448467966573816 0.586405529953917 0.6448467966573816
2 0.6192396313364056 0.6016713091922006 0.6457373271889402 0.6016713091922006 0.6457373271889402 0.6455431754874652 0.6192396313364056 0.6455431754874652
5 0.6526497695852534 0.6016713091922006 0.679147465437788 0.6016713091922006 0.679147465437788 0.6448467966573816 0.6526497695852534 0.6448467966573816
