12 0.25 0.6023676880222841 0.2695852534562212 0.6023676880222841 0.2695852534562212 0.6462395543175488 0.25 0.6462395543175488
17 0.2782258064516129 0.6023676880222841 0.30472350230414746 0.6023676880222841 0.30472350230414746 0.6455431754874652 0.2782258064516129 0.6455431754874652
21 0.31163594470046085 0.6023676880222841 0.33122119815668205 0.6023676880222841 0.33122119815668205 0.6462395543175488 0.31163594470046085 0.6462395543175488
36 0.3381336405529954 0.6023676880222841 0.3450460829493088 0.6023676880222841 0.3450460829493088 0.6288300835654597 0.3381336405529954 0.6288300835654597
0 0.353110599078341 0.6023676880222841 0.3726958525345622 0.6023676880222841 0.3726958525345622 0.6462395543175488 0.353110599078341 0.6462395543175488
6 0.3813364055299539 0.6023676880222841 0.4009216589861751 0.6023676880222841 0.4009216589861751 0.6462395543175488 0.3813364055299539 0.6462395543175488
37 0.4066820276497696 0.6023676880222841 0.43317972350230416 0.6023676880222841 0.43317972350230416 0.6344011142061281 0.4066820276497696 0.6344011142061281
1 0.44182027649769584 0.6023676880222841 0.45449308755760365 0.6023676880222841 0.45449308755760365 0.6469359331476323 0.44182027649769584 0.6469359331476323
4 0.4608294930875576 0.6023676880222841 0.4804147465437788 0.6023676880222841 0.4804147465437788 0.6462395543175488 0.4608294930875576 0.6462395543175488
37 0.4879032258064516 0.6023676880222841 0.5144009216589862 0.6023676880222841 0.5144009216589862 0.6344011142061281 0.4879032258064516 0.6344011142061281
2 0.5213133640552995 0.6023676880222841 0.5478110599078341 0.6023676880222841 0.5478110599078341 0.6455431754874652 0.5213133640552995 0.6455431754874652
0 0.5552995391705069 0.6023676880222841 0.5748847926267281 0.6023676880222841 0.5748847926267281 0.6462395543175488 0.5552995391705069 0.6462395543175488
2 0.581221198156682 0.6023676880222841 0.6077188940092166 0.6023676880222841 0.6077188940092166 0.6455431754874652 0.581221198156682 0.6455431754874652
5 0.6163594470046083 0.6023676880222841 0.6428571428571429 0.6023676880222841 0.6428571428571429 0.6455431754874652 0.6163594470046083 0.6455431754874652
10 0.25 0.6559888579387186 0.2695852534562212 0.6559888579387186 0.2695852534562212 0.6998607242339833 0.25 0.6998607242339833
13 0.2759216589861751 0.6559888579387186 0.3024193548387097 0.6559888579387186 0.3024193548387097 0.6991643454038997 0.2759216589861751 0.6991643454038997
35 0.3099078341013825 0.6559888579387186 0.3294930875576037 0.6559888579387186 0.3294930875576037 0.6998607242339833 0.3099078341013825 0.6998607242339833
36 0.3369815668202765 0.6559888579387186 0.3438940092165899 0.6559888579387186 0.3438940092165899 0.6824512534818942 0.3369815668202765 0.6824512534818942
0 0.34965437788018433 0.6559888579387186 0.3761520737327189 0.6559888579387186 0.3761520737327189 0.6991643454038997 0.34965437788018433 0.6991643454038997
8 0.38306451612903225 0.6559888579387186 0.40956221198156684 0.6559888579387186 0.40956221198156684 0.6991643454038997 0.38306451612903225 0.6991643454038997
37 0.4176267281105991 0.6559888579387186 0.4441244239631337 0.6559888579387186 0.4441244239631337 0.6873259052924791 0.4176267281105991 0.6873259052924791
2 0.4498847926267281 0.6559888579387186 0.4763824884792627 0.6559888579387186 0.4763824884792627 0.6991643454038997 0.4498847926267281 0.6991643454038997
7 0.4838709677419355 0.6559888579387186 0.5103686635944701 0.6559888579387186 0.5103686635944701 0.6998607242339833 0.4838709677419355 0.6998607242339833
37 0.5184331797235023 0.6559888579387186 0.5449308755760369 0.6559888579387186 0.5449308755760369 0.6880222841225626 0.5184331797235023 0.6880222841225626
2 0.5518433179723502 0.6559888579387186 0.5783410138248848 0.6559888579387186 0.5783410138248848 0.6991643454038997 0.5518433179723502 0.6991643454038997
0 0.5858294930875576 0.6559888579387186 0.6123271889400922 0.6559888579387186 0.6123271889400922 0.6991643454038997 0.5858294930875576 0.6991643454038997
2 0.619815668202765 0.6559888579387186 0.6463133640552996 0.6559888579387186 0.6463133640552996 0.6991643454038997 0.619815668202765 0.6991643454038997
5 0.6549539170506913 0.6559888579387186 0.6745391705069125 0.6559888579387186 0.6745391705069125 0.6998607242339833 0.6549539170506913 0.6998607242339833
