11 0.25 0.4972144846796657 0.2764976958525346 0.4972144846796657 0.2764976958525346 0.5403899721448467 0.25 0.5403899721448467
25 0.2834101382488479 0.4972144846796657 0.3029953917050691 0.4972144846796657 0.3029953917050691 0.541782729805014 0.2834101382488479 0.541782729805014
23 0.3099078341013825 0.4972144846796657 0.3364055299539171 0.4972144846796657 0.3364055299539171 0.5403899721448467 0.3099078341013825 0.5403899721448467
36 0.3450460829493088 0.4972144846796657 0.3565668202764977 0.4972144846796657 0.3565668202764977 0.5292479108635098 0.3450460829493088 0.5292479108635098
0 0.3629032258064516 0.4972144846796657 0.3894009216589862 0.4972144846796657 0.3894009216589862 0.5403899721448467 0.3629032258064516 0.5403899721448467
6 0.396889400921659 0.4972144846796657 0.42338709677419356 0.4972144846796657 0.42338709677419356 0.5403899721448467 0.396889400921659 0.5403899721448467
37 0.4302995391705069 0.4972144846796657 0.4567972350230415 0.4972144846796657 0.4567972350230415 0.5299442896935933 0.4302995391705069 0.5299442896935933
0 0.4637096774193548 0.4972144846796657 0.4902073732718894 0.4972144846796657 0.4902073732718894 0.5403899721448467 0.4637096774193548 0.5403899721448467
9 0.4965437788018433 0.4972144846796657 0.5230414746543779 0.4972144846796657 0.5230414746543779 0.5410863509749303 0.4965437788018433 0.5410863509749303
37 0.5299539170506913 0.4972144846796657 0.5564516129032259 0.4972144846796657 0.5564516129032259 0.5292479108635098 0.5299539170506913 0.5292479108635098
2 0.5650921658986175 0.4972144846796657 0.5846774193548387 0.4972144846796657 0.5846774193548387 0.5410863509749303 0.5650921658986175 0.5410863509749303
0 0.591589861751152 0.4972144846796657 0.6180875576036866 0.4972144846796657 0.6180875576036866 0.5410863509749303 0.591589861751152 0.5410863509749303
2 0.625 0.4972144846796657 0.6445852534562212 0.4972144846796657 0.6445852534562212 0.5410863509749303 0.625 0.5410863509749303
5 0.6514976958525346 0.4972144846796657 0.6779953917050692 0.4972144846796657 0.6779953917050692 0.5403899721448467 0.6514976958525346 0.5403899721448467
21 0.25 0.5508356545961003 0.2695852534562212 0.5508356545961003 0.2695852534562212 0.5954038997214485 0.25 0.5954038997214485
20 0.2759216589861751 0.5508356545961003 0.2955069124423963 0.5508356545961003 0.2955069124423963 0.5947075208913649 0.2759216589861751 0.5947075208913649
25 0.30126728110599077 0.5508356545961003 0.32085253456221197 0.5508356545961003 0.32085253456221197 0.5947075208913649 0.30126728110599077 0.5947075208913649
36 0.3289170506912442 0.5508356545961003 0.341589861751152 0.5508356545961003 0.341589861751152 0.5828690807799443 0.3289170506912442 0.5828690807799443
0 0.34735023041474655 0.5508356545961003 0.37384792626728114 0.5508356545961003 0.37384792626728114 0.5947075208913649 0.34735023041474655 0.5947075208913649
4 0.3819124423963134 0.5508356545961003 0.408410138248848 0.5508356545961003 0.408410138248848 0.5940111420612814 0.3819124423963134 0.5940111420612814
37 0.4153225806451613 0.5508356545961003 0.4418202764976959 0.5508356545961003 0.4418202764976959 0.5828690807799443 0.4153225806451613 0.5828690807799443
2 0.4504608294930876 0.5508356545961003 0.47695852534562216 0.5508356545961003 0.47695852534562216 0.5940111420612814 0.4504608294930876 0.5940111420612814
8 0.4838709677419355 0.5508356545961003 0.5103686635944701 0.5508356545961003 0.5103686635944701 0.5940111420612814 0.4838709677419355 0.5940111420612814
37 0.5161290322580645 0.5508356545961003 0.5426267281105991 0.5508356545961003 0.5426267281105991 0.5821727019498607 0.5161290322580645 0.5821727019498607
2 0.5506912442396313 0.5508356545961003 0.5702764976958525 0.5508356545961003 0.5702764976958525 0.5947075208913649 0.5506912442396313 0.5947075208913649
0 0.5766129032258065 0.5508356545961003 0.6031105990783411 0.5508356545961003 0.6031105990783411 0.5947075208913649 0.5766129032258065 0.5947075208913649
2 0.6100230414746544 0.5508356545961003 0.636520737327189 0.5508356545961003 0.636520737327189 0.5940111420612814 0.6100230414746544 0.5940111420612814
5 0.6434331797235023 0.5508356545961003 0.6699308755760369 0.5508356545961003 0.6699308755760369 0.5947075208913649 0.6434331797235023 0.5947075208913649
