17 0.25 0.48467966573816157 0.2764976958525346 0.48467966573816157 0.2764976958525346 0.5278551532033426 0.25 0.5278551532033426
11 0.2828341013824885 0.48467966573816157 0.3024193548387097 0.48467966573816157 0.3024193548387097 0.5292479108635098 0.2828341013824885 0.5292479108635098
15 0.31048387096774194 0.48467966573816157 0.3369815668202765 0.48467966573816157 0.3369815668202765 0.5278551532033426 0.31048387096774194 0.5278551532033426
36 0.3450460829493088 0.48467966573816157 0.35195852534562216 0.48467966573816157 0.35195852534562216 0.5118384401114207 0.3450460829493088 0.5118384401114207
0 0.36059907834101385 0.48467966573816157 0.38709677419354843 0.48467966573816157 0.38709677419354843 0.5285515320334262 0.36059907834101385 0.5285515320334262
8 0.39285714285714285 0.48467966573816157 0.41935483870967744 0.48467966573816157 0.41935483870967744 0.5278551532033426 0.39285714285714285 0.5278551532033426
37 0.4279953917050691 0.48467966573816157 0.4544930875576037 0.48467966573816157 0.4544930875576037 0.5174094707520891 0.4279953917050691 0.5174094707520891
1 0.4608294930875576 0.48467966573816157 0.4735023041474654 0.48467966573816157 0.4735023041474654 0.5292479108635098 0.4608294930875576 0.5292479108635098
3 0.48099078341013823 0.48467966573816157 0.5074884792626728 0.48467966573816157 0.5074884792626728 0.5278551532033426 0.48099078341013823 0.5278551532033426
37 0.5161290322580645 0.48467966573816157 0.5426267281105991 0.48467966573816157 0.5426267281105991 0.5167130919220055 0.5161290322580645 0.5167130919220055
2 0.5501152073732719 0.48467966573816157 0.5697004608294931 0.48467966573816157 0.5697004608294931 0.5292479108635098 0.5501152073732719 0.5292479108635098
0 0.5766129032258065 0.48467966573816157 0.6031105990783411 0.48467966573816157 0.6031105990783411 0.5278551532033426 0.5766129032258065 0.5278551532033426
2 0.6117511520737328 0.48467966573816157 0.6382488479262673 0.48467966573816157 0.6382488479262673 0.5278551532033426 0.6117511520737328 0.5278551532033426
5 0.6451612903225806 0.48467966573816157 0.6716589861751152 0.48467966573816157 0.6716589861751152 0.5278551532033426 0.6451612903225806 0.5278551532033426
25 0.25 0.5383008356545961 0.2695852534562212 0.5383008356545961 0.2695852534562212 0.5821727019498607 0.25 0.5821727019498607
26 0.2759216589861751 0.5383008356545961 0.2955069124423963 0.5383008356545961 0.2955069124423963 0.5821727019498607 0.2759216589861751 0.5821727019498607
23 0.30126728110599077 0.5383008356545961 0.32776497695852536 0.5383008356545961 0.32776497695852536 0.5814763231197771 0.30126728110599077 0.5814763231197771
36 0.33410138248847926 0.5383008356545961 0.34101382488479265 0.5383008356545961 0.34101382488479265 0.5654596100278552 0.33410138248847926 0.5654596100278552
1 0.3490783410138249 0.5383008356545961 0.3663594470046083 0.5383008356545961 0.3663594470046083 0.5814763231197771 0.3490783410138249 0.5814763231197771
2 0.3726958525345622 0.5383008356545961 0.3991935483870968 0.5383008356545961 0.3991935483870968 0.5814763231197771 0.3726958525345622 0.5814763231197771
37 0.40610599078341014 0.5383008356545961 0.43260368663594473 0.5383008356545961 0.43260368663594473 0.57033426183844 0.40610599078341014 0.57033426183844
2 0.4400921658986175 0.5383008356545961 0.4665898617511521 0.5383008356545961 0.4665898617511521 0.5814763231197771 0.4400921658986175 0.5814763231197771
0 0.47523041474654376 0.5383008356545961 0.5017281105990783 0.5383008356545961 0.5017281105990783 0.5814763231197771 0.47523041474654376 0.5814763231197771
37 0.5080645161290323 0.5383008356545961 0.5339861751152074 0.5383008356545961 0.5339861751152074 0.5696378830083565 0.5080645161290323 0.5696378830083565
2 0.5420506912442397 0.5383008356545961 0.5685483870967742 0.5383008356545961 0.5685483870967742 0.5814763231197771 0.5420506912442397 0.5814763231197771
0 0.5743087557603687 0.5383008356545961 0.5938940092165899 0.5383008356545961 0.5938940092165899 0.5821727019498607 0.5743087557603687 0.5821727019498607
2 0.6002304147465438 0.5383008356545961 0.6267281105990784 0.5383008356545961 0.6267281105990784 0.5814763231197771 0.6002304147465438 0.5814763231197771
4 0.6324884792626728 0.5383008356545961 0.652073732718894 0.5383008356545961 0.652073732718894 0.5821727019498607 0.6324884792626728 0.5821727019498607
