17 0.25 0.49930362116991645 0.2695852534562212 0.49930362116991645 0.2695852534562212 0.5431754874651811 0.25 0.5431754874651811
20 0.2759216589861751 0.49930362116991645 0.3024193548387097 0.49930362116991645 0.3024193548387097 0.5424791086350975 0.2759216589861751 0.5424791086350975
24 0.31105990783410137 0.49930362116991645 0.33755760368663595 0.49930362116991645 0.33755760368663595 0.5424791086350975 0.31105990783410137 0.5424791086350975
36 0.3444700460829493 0.49930362116991645 0.3571428571428571 0.49930362116991645 0.3571428571428571 0.5313370473537604 0.3444700460829493 0.5313370473537604
0 0.36578341013824883 0.49930362116991645 0.38536866359447003 0.49930362116991645 0.38536866359447003 0.5438718662952646 0.36578341013824883 0.5438718662952646
5 0.391705069124424 0.49930362116991645 0.4182027649769586 0.49930362116991645 0.4182027649769586 0.5431754874651811 0.391705069124424 0.5431754874651811
37 0.4251152073732719 0.49930362116991645 0.4516129032258065 0.49930362116991645 0.4516129032258065 0.5313370473537604 0.4251152073732719 0.5313370473537604
0 0.45910138248847926 0.49930362116991645 0.48559907834101385 0.49930362116991645 0.48559907834101385 0.5424791086350975 0.45910138248847926 0.5424791086350975
2 0.4942396313364055 0.49930362116991645 0.5207373271889401 0.49930362116991645 0.5207373271889401 0.5424791086350975 0.4942396313364055 0.5424791086350975
37 0.5264976958525346 0.49930362116991645 0.5529953917050692 0.49930362116991645 0.5529953917050692 0.5313370473537604 0.5264976958525346 0.5313370473537604
2 0.5616359447004609 0.49930362116991645 0.5881336405529954 0.49930362116991645 0.5881336405529954 0.5424791086350975 0.5616359447004609 0.5424791086350975
0 0.5950460829493087 0.49930362116991645 0.6215437788018433 0.49930362116991645 0.6215437788018433 0.5431754874651811 0.5950460829493087 0.5431754874651811
2 0.630184331797235 0.49930362116991645 0.6497695852534562 0.49930362116991645 0.6497695852534562 0.5438718662952646 0.630184331797235 0.5438718662952646
5 0.6578341013824884 0.49930362116991645 0.6774193548387096 0.49930362116991645 0.6774193548387096 0.5438718662952646 0.6578341013824884 0.5438718662952646
16 0.25 0.552924791086351 0.2695852534562212 0.552924791086351 0.2695852534562212 0.5967966573816156 0.25 0.5967966573816156
20 0.2764976958525346 0.552924791086351 0.3029953917050692 0.552924791086351 0.3029953917050692 0.596100278551532 0.2764976958525346 0.596100278551532
19 0.31163594470046085 0.552924791086351 0.33813364055299544 0.552924791086351 0.33813364055299544 0.596100278551532 0.31163594470046085 0.596100278551532
36 0.3456221198156682 0.552924791086351 0.35829493087557607 0.552924791086351 0.35829493087557607 0.5856545961002785 0.3456221198156682 0.5856545961002785
0 0.3640552995391705 0.552924791086351 0.39055299539170507 0.552924791086351 0.39055299539170507 0.596100278551532 0.3640552995391705 0.596100278551532
3 0.39746543778801846 0.552924791086351 0.41705069124423966 0.552924791086351 0.41705069124423966 0.5967966573816156 0.39746543778801846 0.5967966573816156
37 0.4228110599078341 0.552924791086351 0.44930875576036866 0.552924791086351 0.44930875576036866 0.5849582172701949 0.4228110599078341 0.5849582172701949
0 0.45564516129032256 0.552924791086351 0.47523041474654376 0.552924791086351 0.47523041474654376 0.5967966573816156 0.45564516129032256 0.5967966573816156
7 0.4827188940092166 0.552924791086351 0.5092165898617511 0.552924791086351 0.5092165898617511 0.5967966573816156 0.4827188940092166 0.5967966573816156
37 0.5172811059907834 0.552924791086351 0.543778801843318 0.552924791086351 0.543778801843318 0.5849582172701949 0.5172811059907834 0.5849582172701949
2 0.5501152073732719 0.552924791086351 0.5697004608294931 0.552924791086351 0.5697004608294931 0.5974930362116991 0.5501152073732719 0.5974930362116991
0 0.5771889400921659 0.552924791086351 0.6036866359447005 0.552924791086351 0.6036866359447005 0.596100278551532 0.5771889400921659 0.596100278551532
2 0.6117511520737328 0.552924791086351 0.631336405529954 0.552924791086351 0.631336405529954 0.5967966573816156 0.6117511520737328 0.5967966573816156
5 0.6399769585253456 0.552924791086351 0.6664746543778802 0.552924791086351 0.6664746543778802 0.596100278551532 0.6399769585253456 0.596100278551532
