14 0.25 0.5222841225626741 0.2695852534562212 0.5222841225626741 0.2695852534562212 0.5668523676880223 0.25 0.5668523676880223
22 0.2759216589861751 0.5222841225626741 0.3024193548387097 0.5222841225626741 0.3024193548387097 0.5654596100278552 0.2759216589861751 0.5654596100278552
17 0.30817972350230416 0.5222841225626741 0.33467741935483875 0.5222841225626741 0.33467741935483875 0.5654596100278552 0.30817972350230416 0.5654596100278552
36 0.3421658986175115 0.5222841225626741 0.3548387096774194 0.5222841225626741 0.3548387096774194 0.5550139275766016 0.3421658986175115 0.5550139275766016
0 0.36347926267281105 0.5222841225626741 0.38997695852534564 0.5222841225626741 0.38997695852534564 0.5654596100278552 0.36347926267281105 0.5654596100278552
9 0.39746543778801846 0.5222841225626741 0.41705069124423966 0.5222841225626741 0.41705069124423966 0.5661559888579387 0.39746543778801846 0.5661559888579387
37 0.4251152073732719 0.5222841225626741 0.4516129032258065 0.5222841225626741 0.4516129032258065 0.5536211699164345 0.4251152073732719 0.5536211699164345
2 0.45794930875576034 0.5222841225626741 0.48444700460829493 0.5222841225626741 0.48444700460829493 0.5654596100278552 0.45794930875576034 0.5654596100278552
0 0.4930875576036866 0.5222841225626741 0.5195852534562212 0.5222841225626741 0.5195852534562212 0.5654596100278552 0.4930875576036866 0.5654596100278552
37 0.5282258064516129 0.5222841225626741 0.5547235023041475 0.5222841225626741 0.5547235023041475 0.5543175487465181 0.5282258064516129 0.5543175487465181
2 0.5616359447004609 0.5222841225626741 0.581221198156682 0.5222841225626741 0.581221198156682 0.5661559888579387 0.5616359447004609 0.5661559888579387
0 0.5875576036866359 0.5222841225626741 0.6071428571428571 0.5222841225626741 0.6071428571428571 0.5661559888579387 0.5875576036866359 0.5661559888579387
2 0.6152073732718893 0.5222841225626741 0.6417050691244239 0.5222841225626741 0.6417050691244239 0.5654596100278552 0.6152073732718893 0.5654596100278552
5 0.6474654377880185 0.5222841225626741 0.673963133640553 0.5222841225626741 0.673963133640553 0.5661559888579387 0.6474654377880185 0.5661559888579387
31 0.25 0.5759052924791086 0.2764976958525346 0.5759052924791086 0.2764976958525346 0.6190807799442897 0.25 0.6190807799442897
31 0.2834101382488479 0.5759052924791086 0.3099078341013825 0.5759052924791086 0.3099078341013825 0.6190807799442897 0.2834101382488479 0.6190807799442897
17 0.31682027649769584 0.5759052924791086 0.33640552995391704 0.5759052924791086 0.33640552995391704 0.6197771587743732 0.31682027649769584 0.6197771587743732
36 0.3450460829493088 0.5759052924791086 0.35771889400921664 0.5759052924791086 0.35771889400921664 0.6086350974930361 0.3450460829493088 0.6086350974930361
0 0.3652073732718894 0.5759052924791086 0.391705069124424 0.5759052924791086 0.391705069124424 0.6190807799442897 0.3652073732718894 0.6190807799442897
4 0.39976958525345624 0.5759052924791086 0.4262672811059908 0.5759052924791086 0.4262672811059908 0.6190807799442897 0.39976958525345624 0.6190807799442897
37 0.43202764976958524 0.5759052924791086 0.45852534562211983 0.5759052924791086 0.45852534562211983 0.6079387186629526 0.43202764976958524 0.6079387186629526
0 0.4671658986175115 0.5759052924791086 0.4936635944700461 0.5759052924791086 0.4936635944700461 0.6190807799442897 0.4671658986175115 0.6190807799442897
8 0.5 0.5759052924791086 0.5264976958525346 0.5759052924791086 0.5264976958525346 0.6197771587743732 0.5 0.6197771587743732
37 0.5351382488479263 0.5759052924791086 0.5616359447004609 0.5759052924791086 0.5616359447004609 0.6079387186629526 0.5351382488479263 0.6079387186629526
2 0.5673963133640553 0.5759052924791086 0.5938940092165899 0.5759052924791086 0.5938940092165899 0.6190807799442897 0.5673963133640553 0.6190807799442897
0 0.6019585253456221 0.5759052924791086 0.6284562211981567 0.5759052924791086 0.6284562211981567 0.6190807799442897 0.6019585253456221 0.6190807799442897
2 0.6353686635944701 0.5759052924791086 0.6618663594470047 0.5759052924791086 0.6618663594470047 0.6197771587743732 0.6353686635944701 0.6197771587743732
5 0.6682027649769585 0.5759052924791086 0.6947004608294931 0.5759052924791086 0.6947004608294931 0.6190807799442897 0.6682027649769585 0.6190807799442897
