28 0.25 0.3502785515320334 0.2695852534562212 0.3502785515320334 0.2695852534562212 0.3948467966573816 0.25 0.3948467966573816
18 0.2764976958525346 0.3502785515320334 0.2891705069124424 0.3502785515320334 0.2891705069124424 0.39415041782729804 0.2764976958525346 0.39415041782729804
12 0.2966589861751152 0.3502785515320334 0.3231566820276498 0.3502785515320334 0.3231566820276498 0.3934540389972145 0.2966589861751152 0.3934540389972145
36 0.33122119815668205 0.3502785515320334 0.342741935483871 0.3502785515320334 0.342741935483871 0.38231197771587744 0.33122119815668205 0.38231197771587744
0 0.3485023041474654 0.3502785515320334 0.3680875576036866 0.3502785515320334 0.3680875576036866 0.3948467966573816 0.3485023041474654 0.3948467966573816
4 0.3738479262672811 0.3502785515320334 0.3934331797235023 0.3502785515320334 0.3934331797235023 0.3934540389972145 0.3738479262672811 0.3934540389972145
37 0.39919354838709675 0.3502785515320334 0.42569124423963134 0.3502785515320334 0.42569124423963134 0.38231197771587744 0.39919354838709675 0.38231197771587744
1 0.43202764976958524 0.3502785515320334 0.44527649769585254 0.3502785515320334 0.44527649769585254 0.3948467966573816 0.43202764976958524 0.3948467966573816
9 0.451036866359447 0.3502785515320334 0.4775345622119816 0.3502785515320334 0.4775345622119816 0.3934540389972145 0.451036866359447 0.3934540389972145
37 0.4861751152073733 0.3502785515320334 0.5126728110599078 0.3502785515320334 0.5126728110599078 0.38231197771587744 0.4861751152073733 0.38231197771587744
2 0.5184331797235023 0.3502785515320334 0.5449308755760369 0.3502785515320334 0.5449308755760369 0.3934540389972145 0.5184331797235023 0.3934540389972145
0 0.5518433179723502 0.3502785515320334 0.5783410138248848 0.3502785515320334 0.5783410138248848 0.39415041782729804 0.5518433179723502 0.39415041782729804
2 0.5858294930875576 0.3502785515320334 0.6054147465437788 0.3502785515320334 0.6054147465437788 0.39415041782729804 0.5858294930875576 0.39415041782729804
5 0.6117511520737328 0.3502785515320334 0.6382488479262673 0.3502785515320334 0.6382488479262673 0.3934540389972145 0.6117511520737328 0.3934540389972145
24 0.25 0.403899721448468 0.2695852534562212 0.403899721448468 0.2695852534562212 0.4477715877437326 0.25 0.4477715877437326
34 0.2764976958525346 0.403899721448468 0.2960829493087558 0.403899721448468 0.2960829493087558 0.44846796657381616 0.2764976958525346 0.44846796657381616
34 0.30357142857142855 0.403899721448468 0.31970046082949305 0.403899721448468 0.31970046082949305 0.4477715877437326 0.30357142857142855 0.4477715877437326
36 0.3254608294930876 0.403899721448468 0.33237327188940097 0.403899721448468 0.33237327188940097 0.431058495821727 0.3254608294930876 0.431058495821727
0 0.33986175115207373 0.403899721448468 0.3663594470046083 0.403899721448468 0.3663594470046083 0.44707520891364905 0.33986175115207373 0.44707520891364905
1 0.37327188940092165 0.403899721448468 0.3859447004608295 0.403899721448468 0.3859447004608295 0.4477715877437326 0.37327188940092165 0.4477715877437326
37 0.39285714285714285 0.403899721448468 0.41935483870967744 0.403899721448468 0.41935483870967744 0.4352367688022284 0.39285714285714285 0.4352367688022284
3 0.42569124423963134 0.403899721448468 0.44527649769585254 0.403899721448468 0.44527649769585254 0.4477715877437326 0.42569124423963134 0.4477715877437326
0 0.4539170506912442 0.403899721448468 0.4804147465437788 0.403899721448468 0.4804147465437788 0.4477715877437326 0.4539170506912442 0.4477715877437326
37 0.4879032258064516 0.403899721448468 0.5144009216589862 0.403899721448468 0.5144009216589862 0.435933147632312 0.4879032258064516 0.435933147632312
2 0.5207373271889401 0.403899721448468 0.5403225806451613 0.403899721448468 0.5403225806451613 0.44846796657381616 0.5207373271889401 0.44846796657381616
0 0.5478110599078341 0.403899721448468 0.5743087557603687 0.403899721448468 0.5743087557603687 0.44707520891364905 0.5478110599078341 0.44707520891364905
2 0.5800691244239631 0.403899721448468 0.6065668202764977 0.403899721448468 0.6065668202764977 0.44707520891364905 0.5800691244239631 0.44707520891364905
5 0.613479262672811 0.403899721448468 0.6399769585253456 0.403899721448468 0.6399769585253456 0.4477715877437326 0.613479262672811 0.4477715877437326
