35 0.25 0.35584958217270196 0.2695852534562212 0.35584958217270196 0.2695852534562212 0.3997214484679666 0.25 0.3997214484679666
20 0.27764976958525345 0.35584958217270196 0.30414746543778803 0.35584958217270196 0.30414746543778803 0.39902506963788303 0.27764976958525345 0.39902506963788303
18 0.31105990783410137 0.35584958217270196 0.3283410138248848 0.35584958217270196 0.3283410138248848 0.39902506963788303 0.31105990783410137 0.39902506963788303
36 0.3346774193548387 0.35584958217270196 0.34619815668202764 0.35584958217270196 0.34619815668202764 0.387883008356546 0.3346774193548387 0.387883008356546
0 0.3542626728110599 0.35584958217270196 0.3738479262672811 0.35584958217270196 0.3738479262672811 0.3997214484679666 0.3542626728110599 0.3997214484679666
7 0.3807603686635945 0.35584958217270196 0.40725806451612906 0.35584958217270196 0.40725806451612906 0.3997214484679666 0.3807603686635945 0.3997214484679666
37 0.4147465437788018 0.35584958217270196 0.4412442396313364 0.35584958217270196 0.4412442396313364 0.387883008356546 0.4147465437788018 0.387883008356546
2 0.4475806451612903 0.35584958217270196 0.4671658986175115 0.35584958217270196 0.4671658986175115 0.3997214484679666 0.4475806451612903 0.3997214484679666
0 0.4740783410138249 0.35584958217270196 0.5005760368663594 0.35584958217270196 0.5005760368663594 0.3997214484679666 0.4740783410138249 0.3997214484679666
37 0.5074884792626728 0.35584958217270196 0.5339861751152074 0.35584958217270196 0.5339861751152074 0.387883008356546 0.5074884792626728 0.387883008356546
2 0.5408986175115207 0.35584958217270196 0.5673963133640553 0.35584958217270196 0.5673963133640553 0.39902506963788303 0.5408986175115207 0.39902506963788303
0 0.5748847926267281 0.35584958217270196 0.6013824884792627 0.35584958217270196 0.6013824884792627 0.39902506963788303 0.5748847926267281 0.39902506963788303
2 0.6082949308755761 0.35584958217270196 0.6278801843317973 0.35584958217270196 0.6278801843317973 0.40041782729805014 0.6082949308755761 0.40041782729805014
5 0.6342165898617511 0.35584958217270196 0.6607142857142857 0.35584958217270196 0.6607142857142857 0.39902506963788303 0.6342165898617511 0.39902506963788303
12 0.25 0.40947075208913647 0.2695852534562212 0.40947075208913647 0.2695852534562212 0.4533426183844011 0.25 0.4533426183844011
30 0.27764976958525345 0.40947075208913647 0.30414746543778803 0.40947075208913647 0.30414746543778803 0.45264623955431754 0.27764976958525345 0.45264623955431754
21 0.31048387096774194 0.40947075208913647 0.33006912442396313 0.40947075208913647 0.33006912442396313 0.4533426183844011 0.31048387096774194 0.4533426183844011
36 0.33640552995391704 0.40947075208913647 0.34907834101382484 0.40947075208913647 0.34907834101382484 0.4415041782729805 0.33640552995391704 0.4415041782729805
0 0.3554147465437788 0.40947075208913647 0.3819124423963134 0.40947075208913647 0.3819124423963134 0.45264623955431754 0.3554147465437788 0.45264623955431754
5 0.38997695852534564 0.40947075208913647 0.40956221198156684 0.40947075208913647 0.40956221198156684 0.45403899721448465 0.38997695852534564 0.45403899721448465
37 0.41647465437788017 0.40947075208913647 0.44297235023041476 0.40947075208913647 0.44297235023041476 0.44220055710306405 0.41647465437788017 0.44220055710306405
0 0.44930875576036866 0.40947075208913647 0.47580645161290325 0.40947075208913647 0.47580645161290325 0.45264623955431754 0.44930875576036866 0.45264623955431754
5 0.4815668202764977 0.40947075208913647 0.5080645161290323 0.40947075208913647 0.5080645161290323 0.4533426183844011 0.4815668202764977 0.4533426183844011
37 0.5144009216589862 0.40947075208913647 0.5408986175115208 0.40947075208913647 0.5408986175115208 0.4415041782729805 0.5144009216589862 0.4415041782729805
2 0.5466589861751152 0.40947075208913647 0.5731566820276498 0.40947075208913647 0.5731566820276498 0.45264623955431754 0.5466589861751152 0.45264623955431754
0 0.5817972350230415 0.40947075208913647 0.6082949308755761 0.40947075208913647 0.6082949308755761 0.4533426183844011 0.5817972350230415 0.4533426183844011
2 0.6163594470046083 0.40947075208913647 0.6359447004608295 0.40947075208913647 0.6359447004608295 0.4533426183844011 0.6163594470046083 0.4533426183844011
5 0.6445852534562212 0.40947075208913647 0.6710829493087558 0.40947075208913647 0.6710829493087558 0.45264623955431754 0.6445852534562212 0.45264623955431754
