18 0.25 0.4435933147632312 0.2672811059907834 0.4435933147632312 0.2672811059907834 0.4867688022284123 0.25 0.4867688022284123
25 0.27419354838709675 0.4435933147632312 0.29377880184331795 0.4435933147632312 0.29377880184331795 0.48746518105849584 0.27419354838709675 0.48746518105849584
27 0.30069124423963134 0.4435933147632312 0.32027649769585254 0.4435933147632312 0.32027649769585254 0.48746518105849584 0.30069124423963134 0.48746518105849584
36 0.3289170506912442 0.4435933147632312 0.341589861751152 0.4435933147632312 0.341589861751152 0.4763231197771588 0.3289170506912442 0.4763231197771588
0 0.34965437788018433 0.4435933147632312 0.3761520737327189 0.4435933147632312 0.3761520737327189 0.4867688022284123 0.34965437788018433 0.4867688022284123
8 0.3819124423963134 0.4435933147632312 0.4014976958525346 0.4435933147632312 0.4014976958525346 0.48746518105849584 0.3819124423963134 0.48746518105849584
37 0.40956221198156684 0.4435933147632312 0.4360599078341014 0.4435933147632312 0.4360599078341014 0.4763231197771588 0.40956221198156684 0.4763231197771588
0 0.4441244239631336 0.4435933147632312 0.4637096774193548 0.4435933147632312 0.4637096774193548 0.4881615598885794 0.4441244239631336 0.4881615598885794
4 0.4717741935483871 0.4435933147632312 0.4982718894009217 0.4435933147632312 0.4982718894009217 0.4867688022284123 0.4717741935483871 0.4867688022284123
37 0.5057603686635944 0.4435933147632312 0.532258064516129 0.4435933147632312 0.532258064516129 0.4763231197771588 0.5057603686635944 0.4763231197771588
2 0.5397465437788018 0.4435933147632312 0.559331797235023 0.4435933147632312 0.559331797235023 0.4881615598885794 0.5397465437788018 0.4881615598885794
0 0.5673963133640553 0.4435933147632312 0.5938940092165899 0.4435933147632312 0.5938940092165899 0.4867688022284123 0.5673963133640553 0.4867688022284123
2 0.6002304147465438 0.4435933147632312 0.619815668202765 0.4435933147632312 0.619815668202765 0.48746518105849584 0.6002304147465438 0.48746518105849584
5 0.6261520737327189 0.4435933147632312 0.6526497695852534 0.4435933147632312 0.6526497695852534 0.4867688022284123 0.6261520737327189 0.4867688022284123
26 0.25 0.4972144846796657 0.2764976958525346 0.4972144846796657 0.2764976958525346 0.5403899721448467 0.25 0.5403899721448467
12 0.28398617511520735 0.4972144846796657 0.30357142857142855 0.4972144846796657 0.30357142857142855 0.5410863509749303 0.28398617511520735 0.5410863509749303
34 0.31105990783410137 0.4972144846796657 0.33755760368663595 0.4972144846796657 0.33755760368663595 0.5403899721448467 0.31105990783410137 0.5403899721448467
36 0.34389400921658986 0.4972144846796657 0.3554147465437788 0.4972144846796657 0.3554147465437788 0.5292479108635098 0.34389400921658986 0.5292479108635098
0 0.3629032258064516 0.4972144846796657 0.3894009216589862 0.4972144846796657 0.3894009216589862 0.5410863509749303 0.3629032258064516 0.5410863509749303
6 0.39746543778801846 0.4972144846796657 0.41705069124423966 0.4972144846796657 0.41705069124423966 0.541782729805014 0.39746543778801846 0.541782729805014
37 0.4245391705069124 0.4972144846796657 0.451036866359447 0.4972144846796657 0.451036866359447 0.5292479108635098 0.4245391705069124 0.5292479108635098
2 0.45910138248847926 0.4972144846796657 0.48559907834101385 0.4972144846796657 0.48559907834101385 0.5403899721448467 0.45910138248847926 0.5403899721448467
0 0.4936635944700461 0.4972144846796657 0.5201612903225806 0.4972144846796657 0.5201612903225806 0.5403899721448467 0.4936635944700461 0.5403899721448467
37 0.5259216589861752 0.4972144846796657 0.5524193548387097 0.4972144846796657 0.5524193548387097 0.5292479108635098 0.5259216589861752 0.5292479108635098
2 0.5604838709677419 0.4972144846796657 0.5800691244239631 0.4972144846796657 0.5800691244239631 0.5410863509749303 0.5604838709677419 0.5410863509749303
0 0.5869815668202765 0.4972144846796657 0.613479262672811 0.4972144846796657 0.613479262672811 0.5403899721448467 0.5869815668202765 0.5403899721448467
2 0.6215437788018433 0.4972144846796657 0.6480414746543779 0.4972144846796657 0.6480414746543779 0.5403899721448467 0.6215437788018433 0.5403899721448467
5 0.6566820276497696 0.4972144846796657 0.6831797235023042 0.4972144846796657 0.6831797235023042 0.5410863509749303 0.6566820276497696 0.5410863509749303
