20 0.25 0.43175487465181056 0.2764976958525346 0.43175487465181056 0.2764976958525346 0.4756267409470752 0.25 0.4756267409470752
19 0.2828341013824885 0.43175487465181056 0.3093317972350231 0.43175487465181056 0.3093317972350231 0.47493036211699163 0.2828341013824885 0.47493036211699163
26 0.31682027649769584 0.43175487465181056 0.3433179723502304 0.43175487465181056 0.3433179723502304 0.47493036211699163 0.31682027649769584 0.47493036211699163
36 0.3490783410138249 0.43175487465181056 0.36175115207373276 0.43175487465181056 0.36175115207373276 0.4637883008356546 0.3490783410138249 0.4637883008356546
0 0.36981566820276496 0.43175487465181056 0.39631336405529954 0.43175487465181056 0.39631336405529954 0.47493036211699163 0.36981566820276496 0.47493036211699163
4 0.402073732718894 0.43175487465181056 0.4216589861751152 0.43175487465181056 0.4216589861751152 0.4756267409470752 0.402073732718894 0.4756267409470752
37 0.42914746543778803 0.43175487465181056 0.4556451612903226 0.43175487465181056 0.4556451612903226 0.46448467966573814 0.42914746543778803 0.46448467966573814
1 0.4642857142857143 0.43175487465181056 0.4769585253456221 0.43175487465181056 0.4769585253456221 0.4756267409470752 0.4642857142857143 0.4756267409470752
6 0.4838709677419355 0.43175487465181056 0.5103686635944701 0.43175487465181056 0.5103686635944701 0.47493036211699163 0.4838709677419355 0.47493036211699163
37 0.5172811059907834 0.43175487465181056 0.543778801843318 0.43175487465181056 0.543778801843318 0.46309192200557103 0.5172811059907834 0.46309192200557103
2 0.5495391705069125 0.43175487465181056 0.5691244239631337 0.43175487465181056 0.5691244239631337 0.47632311977715874 0.5495391705069125 0.47632311977715874
0 0.5777649769585254 0.43175487465181056 0.6042626728110599 0.43175487465181056 0.6042626728110599 0.47493036211699163 0.5777649769585254 0.47493036211699163
2 0.6129032258064516 0.43175487465181056 0.6394009216589862 0.43175487465181056 0.6394009216589862 0.47493036211699163 0.6129032258064516 0.47493036211699163
5 0.6457373271889401 0.43175487465181056 0.6722350230414746 0.43175487465181056 0.6722350230414746 0.47493036211699163 0.6457373271889401 0.47493036211699163
12 0.25 0.4853760445682451 0.2764976958525346 0.4853760445682451 0.2764976958525346 0.5285515320334262 0.25 0.5285515320334262
22 0.28513824884792627 0.4853760445682451 0.31163594470046085 0.4853760445682451 0.31163594470046085 0.5285515320334262 0.28513824884792627 0.5285515320334262
24 0.3173963133640553 0.4853760445682451 0.3438940092165899 0.4853760445682451 0.3438940092165899 0.5285515320334262 0.3173963133640553 0.5285515320334262
36 0.35023041474654376 0.4853760445682451 0.35599078341013823 0.4853760445682451 0.35599078341013823 0.5125348189415042 0.35023041474654376 0.5125348189415042
0 0.3629032258064516 0.4853760445682451 0.3894009216589862 0.4853760445682451 0.3894009216589862 0.5285515320334262 0.3629032258064516 0.5285515320334262
8 0.3957373271889401 0.4853760445682451 0.4153225806451613 0.4853760445682451 0.4153225806451613 0.5299442896935933 0.3957373271889401 0.5299442896935933
37 0.4216589861751152 0.4853760445682451 0.4481566820276498 0.4853760445682451 0.4481566820276498 0.5174094707520891 0.4216589861751152 0.5174094707520891
1 0.45622119815668205 0.4853760445682451 0.47350230414746547 0.4853760445682451 0.47350230414746547 0.5285515320334262 0.45622119815668205 0.5285515320334262
1 0.48214285714285715 0.4853760445682451 0.49942396313364057 0.4853760445682451 0.49942396313364057 0.5285515320334262 0.48214285714285715 0.5285515320334262
37 0.5069124423963134 0.4853760445682451 0.533410138248848 0.4853760445682451 0.533410138248848 0.5174094707520891 0.5069124423963134 0.5174094707520891
2 0.5420506912442397 0.4853760445682451 0.5685483870967742 0.4853760445682451 0.5685483870967742 0.5285515320334262 0.5420506912442397 0.5285515320334262
0 0.5743087557603687 0.4853760445682451 0.5938940092165899 0.4853760445682451 0.5938940092165899 0.5292479108635098 0.5743087557603687 0.5292479108635098
2 0.5996543778801844 0.4853760445682451 0.626152073732719 0.4853760445682451 0.626152073732719 0.5285515320334262 0.5996543778801844 0.5285515320334262
5 0.6319124423963134 0.4853760445682451 0.658410138248848 0.4853760445682451 0.658410138248848 0.5285515320334262 0.6319124423963134 0.5285515320334262
