16 0.25 0.6629526462395543 0.2695852534562212 0.6629526462395543 0.2695852534562212 0.7068245125348189 0.25 0.7068245125348189
25 0.2782258064516129 0.6629526462395543 0.2978110599078341 0.6629526462395543 0.2978110599078341 0.7068245125348189 0.2782258064516129 0.7068245125348189
17 0.30357142857142855 0.6629526462395543 0.32315668202764974 0.6629526462395543 0.32315668202764974 0.7068245125348189 0.30357142857142855 0.7068245125348189
36 0.33064516129032256 0.6629526462395543 0.3421658986175115 0.6629526462395543 0.3421658986175115 0.6949860724233983 0.33064516129032256 0.6949860724233983
0 0.347926267281106 0.6629526462395543 0.3675115207373272 0.6629526462395543 0.3675115207373272 0.7068245125348189 0.347926267281106 0.7068245125348189
3 0.3761520737327189 0.6629526462395543 0.4026497695852535 0.6629526462395543 0.4026497695852535 0.7068245125348189 0.3761520737327189 0.7068245125348189
37 0.4107142857142857 0.6629526462395543 0.4372119815668203 0.6629526462395543 0.4372119815668203 0.6956824512534818 0.4107142857142857 0.6956824512534818
3 0.4447004608294931 0.6629526462395543 0.4711981566820277 0.6629526462395543 0.4711981566820277 0.7061281337047354 0.4447004608294931 0.7061281337047354
0 0.4769585253456221 0.6629526462395543 0.4965437788018433 0.6629526462395543 0.4965437788018433 0.7075208913649025 0.4769585253456221 0.7075208913649025
37 0.5023041474654378 0.6629526462395543 0.5288018433179724 0.6629526462395543 0.5288018433179724 0.6949860724233983 0.5023041474654378 0.6949860724233983
2 0.5362903225806451 0.6629526462395543 0.5558755760368663 0.6629526462395543 0.5558755760368663 0.7068245125348189 0.5362903225806451 0.7068245125348189
0 0.5622119815668203 0.6629526462395543 0.5817972350230415 0.6629526462395543 0.5817972350230415 0.7068245125348189 0.5622119815668203 0.7068245125348189
2 0.5892857142857143 0.6629526462395543 0.6088709677419355 0.6629526462395543 0.6088709677419355 0.7068245125348189 0.5892857142857143 0.7068245125348189
5 0.6175115207373272 0.6629526462395543 0.6440092165898618 0.6629526462395543 0.6440092165898618 0.7061281337047354 0.6175115207373272 0.7061281337047354
16 0.25 0.7165738161559888 0.2764976958525346 0.7165738161559888 0.2764976958525346 0.7597493036211699 0.25 0.7597493036211699
26 0.28225806451612906 0.7165738161559888 0.30875576036866365 0.7165738161559888 0.30875576036866365 0.7597493036211699 0.28225806451612906 0.7597493036211699
33 0.31451612903225806 0.7165738161559888 0.33410138248847926 0.7165738161559888 0.33410138248847926 0.7604456824512534 0.31451612903225806 0.7604456824512534
36 0.33986175115207373 0.7165738161559888 0.3467741935483871 0.7165738161559888 0.3467741935483871 0.7437325905292479 0.33986175115207373 0.7437325905292479
1 0.3542626728110599 0.7165738161559888 0.36693548387096775 0.7165738161559888 0.36693548387096775 0.761142061281337 0.3542626728110599 0.761142061281337
2 0.37327188940092165 0.7165738161559888 0.39976958525345624 0.7165738161559888 0.39976958525345624 0.7597493036211699 0.37327188940092165 0.7597493036211699
37 0.4078341013824885 0.7165738161559888 0.4343317972350231 0.7165738161559888 0.4343317972350231 0.7486072423398328 0.4078341013824885 0.7486072423398328
2 0.4400921658986175 0.7165738161559888 0.4665898617511521 0.7165738161559888 0.4665898617511521 0.7604456824512534 0.4400921658986175 0.7604456824512534
7 0.47235023041474655 0.7165738161559888 0.49884792626728114 0.7165738161559888 0.49884792626728114 0.7604456824512534 0.47235023041474655 0.7604456824512534
37 0.5074884792626728 0.7165738161559888 0.5339861751152074 0.7165738161559888 0.5339861751152074 0.7479108635097492 0.5074884792626728 0.7479108635097492
2 0.5420506912442397 0.7165738161559888 0.5616359447004609 0.7165738161559888 0.5616359447004609 0.7604456824512534 0.5420506912442397 0.7604456824512534
0 0.5673963133640553 0.7165738161559888 0.5938940092165899 0.7165738161559888 0.5938940092165899 0.7597493036211699 0.5673963133640553 0.7597493036211699
2 0.6025345622119815 0.7165738161559888 0.6290322580645161 0.7165738161559888 0.6290322580645161 0.7597493036211699 0.6025345622119815 0.7597493036211699
4 0.6370967741935484 0.7165738161559888 0.663594470046083 0.7165738161559888 0.663594470046083 0.7597493036211699 0.6370967741935484 0.7597493036211699
