27 0.25 0.4296657381615599 0.2695852534562212 0.4296657381615599 0.2695852534562212 0.4735376044568245 0.25 0.4735376044568245
27 0.2782258064516129 0.4296657381615599 0.2978110599078341 0.4296657381615599 0.2978110599078341 0.4735376044568245 0.2782258064516129 0.4735376044568245
11 0.30414746543778803 0.4296657381615599 0.3306451612903226 0.4296657381615599 0.3306451612903226 0.47284122562674097 0.30414746543778803 0.47284122562674097
36 0.3369815668202765 0.4296657381615599 0.3496543778801844 0.4296657381615599 0.3496543778801844 0.4616991643454039 0.3369815668202765 0.4616991643454039
0 0.3565668202764977 0.4296657381615599 0.3830645161290323 0.4296657381615599 0.3830645161290323 0.4735376044568245 0.3565668202764977 0.4735376044568245
7 0.38940092165898615 0.4296657381615599 0.40898617511520735 0.4296657381615599 0.40898617511520735 0.4735376044568245 0.38940092165898615 0.4735376044568245
37 0.4176267281105991 0.4296657381615599 0.4441244239631337 0.4296657381615599 0.4441244239631337 0.4616991643454039 0.4176267281105991 0.4616991643454039
0 0.4498847926267281 0.4296657381615599 0.4694700460829493 0.4296657381615599 0.4694700460829493 0.4735376044568245 0.4498847926267281 0.4735376044568245
6 0.4763824884792627 0.4296657381615599 0.4959677419354839 0.4296657381615599 0.4959677419354839 0.4735376044568245 0.4763824884792627 0.4735376044568245
37 0.5046082949308756 0.4296657381615599 0.5311059907834101 0.4296657381615599 0.5311059907834101 0.4616991643454039 0.5046082949308756 0.4616991643454039
2 0.538594470046083 0.4296657381615599 0.5581797235023042 0.4296657381615599 0.5581797235023042 0.4735376044568245 0.538594470046083 0.4735376044568245
0 0.565668202764977 0.4296657381615599 0.5921658986175116 0.4296657381615599 0.5921658986175116 0.47284122562674097 0.565668202764977 0.47284122562674097
2 0.5990783410138248 0.4296657381615599 0.618663594470046 0.4296657381615599 0.618663594470046 0.4742339832869081 0.5990783410138248 0.4742339832869081
5 0.6267281105990783 0.4296657381615599 0.6463133640552995 0.4296657381615599 0.6463133640552995 0.4735376044568245 0.6267281105990783 0.4735376044568245
24 0.25 0.4832869080779944 0.2764976958525346 0.4832869080779944 0.2764976958525346 0.5264623955431754 0.25 0.5264623955431754
18 0.2834101382488479 0.4832869080779944 0.2960829493087558 0.4832869080779944 0.2960829493087558 0.527158774373259 0.2834101382488479 0.527158774373259
29 0.3029953917050691 0.4832869080779944 0.3294930875576037 0.4832869080779944 0.3294930875576037 0.5264623955431754 0.3029953917050691 0.5264623955431754
36 0.33755760368663595 0.4832869080779944 0.3490783410138249 0.4832869080779944 0.3490783410138249 0.5153203342618384 0.33755760368663595 0.5153203342618384
0 0.3548387096774194 0.4832869080779944 0.38133640552995396 0.4832869080779944 0.38133640552995396 0.527158774373259 0.3548387096774194 0.527158774373259
9 0.3882488479262673 0.4832869080779944 0.4078341013824885 0.4832869080779944 0.4078341013824885 0.527158774373259 0.3882488479262673 0.527158774373259
37 0.41359447004608296 0.4832869080779944 0.44009216589861755 0.4832869080779944 0.44009216589861755 0.5153203342618384 0.41359447004608296 0.5153203342618384
1 0.4475806451612903 0.4832869080779944 0.46486175115207373 0.4832869080779944 0.46486175115207373 0.5264623955431754 0.4475806451612903 0.5264623955431754
1 0.47235023041474655 0.4832869080779944 0.48502304147465436 0.4832869080779944 0.48502304147465436 0.527158774373259 0.47235023041474655 0.527158774373259
37 0.4913594470046083 0.4832869080779944 0.5178571428571429 0.4832869080779944 0.5178571428571429 0.5153203342618384 0.4913594470046083 0.5153203342618384
2 0.5264976958525346 0.4832869080779944 0.5529953917050692 0.4832869080779944 0.5529953917050692 0.5264623955431754 0.5264976958525346 0.5264623955431754
0 0.5587557603686636 0.4832869080779944 0.5852534562211982 0.4832869080779944 0.5852534562211982 0.527158774373259 0.5587557603686636 0.527158774373259
2 0.5910138248847926 0.4832869080779944 0.6175115207373272 0.4832869080779944 0.6175115207373272 0.5264623955431754 0.5910138248847926 0.5264623955431754
5 0.6255760368663594 0.4832869080779944 0.6451612903225806 0.4832869080779944 0.6451612903225806 0.5278551532033426 0.6255760368663594 0.5278551532033426
