23 0.25 0.3732590529247911 0.2764976958525346 0.3732590529247911 0.2764976958525346 0.4164345403899722 0.25 0.4164345403899722
34 0.2834101382488479 0.3732590529247911 0.3099078341013825 0.3732590529247911 0.3099078341013825 0.4164345403899722 0.2834101382488479 0.4164345403899722
33 0.31682027649769584 0.3732590529247911 0.3433179723502304 0.3732590529247911 0.3433179723502304 0.4164345403899722 0.31682027649769584 0.4164345403899722
36 0.34965437788018433 0.3732590529247911 0.3623271889400922 0.3732590529247911 0.3623271889400922 0.4059888579387187 0.34965437788018433 0.4059888579387187
0 0.37039170506912444 0.3732590529247911 0.39688940092165903 0.3732590529247911 0.39688940092165903 0.4164345403899722 0.37039170506912444 0.4164345403899722
4 0.40264976958525345 0.3732590529247911 0.42914746543778803 0.3732590529247911 0.42914746543778803 0.4164345403899722 0.40264976958525345 0.4164345403899722
37 0.4372119815668203 0.3732590529247911 0.46370967741935487 0.3732590529247911 0.46370967741935487 0.40529247910863514 0.4372119815668203 0.40529247910863514
2 0.4706221198156682 0.3732590529247911 0.4971198156682028 0.3732590529247911 0.4971198156682028 0.4164345403899722 0.4706221198156682 0.4164345403899722
5 0.5046082949308756 0.3732590529247911 0.5311059907834101 0.3732590529247911 0.5311059907834101 0.4164345403899722 0.5046082949308756 0.4164345403899722
37 0.5397465437788018 0.3732590529247911 0.5662442396313364 0.3732590529247911 0.5662442396313364 0.40529247910863514 0.5397465437788018 0.40529247910863514
2 0.5748847926267281 0.3732590529247911 0.6013824884792627 0.3732590529247911 0.6013824884792627 0.4164345403899722 0.5748847926267281 0.4164345403899722
0 0.6094470046082949 0.3732590529247911 0.6290322580645161 0.3732590529247911 0.6290322580645161 0.41713091922005574 0.6094470046082949 0.41713091922005574
2 0.6376728110599078 0.3732590529247911 0.6641705069124424 0.3732590529247911 0.6641705069124424 0.4164345403899722 0.6376728110599078 0.4164345403899722
5 0.6699308755760369 0.3732590529247911 0.6895161290322581 0.3732590529247911 0.6895161290322581 0.41713091922005574 0.6699308755760369 0.41713091922005574
21 0.25 0.4268802228412256 0.2764976958525346 0.4268802228412256 0.2764976958525346 0.4700557103064067 0.25 0.4700557103064067
15 0.28456221198156684 0.4268802228412256 0.3110599078341014 0.4268802228412256 0.3110599078341014 0.4700557103064067 0.28456221198156684 0.4700557103064067
32 0.31797235023041476 0.4268802228412256 0.33755760368663595 0.4268802228412256 0.33755760368663595 0.47075208913649025 0.31797235023041476 0.47075208913649025
36 0.3433179723502304 0.4268802228412256 0.3502304147465438 0.4268802228412256 0.3502304147465438 0.45473537604456826 0.3433179723502304 0.45473537604456826
0 0.3565668202764977 0.4268802228412256 0.3830645161290323 0.4268802228412256 0.3830645161290323 0.4700557103064067 0.3565668202764977 0.4700557103064067
7 0.391705069124424 0.4268802228412256 0.4112903225806452 0.4268802228412256 0.4112903225806452 0.47075208913649025 0.391705069124424 0.47075208913649025
37 0.41935483870967744 0.4268802228412256 0.445852534562212 0.4268802228412256 0.445852534562212 0.45891364902506965 0.41935483870967744 0.45891364902506965
3 0.45161290322580644 0.4268802228412256 0.478110599078341 0.4268802228412256 0.478110599078341 0.47075208913649025 0.45161290322580644 0.47075208913649025
0 0.4867511520737327 0.4268802228412256 0.5132488479262672 0.4268802228412256 0.5132488479262672 0.4700557103064067 0.4867511520737327 0.4700557103064067
37 0.5201612903225806 0.4268802228412256 0.5466589861751152 0.4268802228412256 0.5466589861751152 0.45891364902506965 0.5201612903225806 0.45891364902506965
2 0.5524193548387096 0.4268802228412256 0.5720046082949308 0.4268802228412256 0.5720046082949308 0.4714484679665738 0.5524193548387096 0.4714484679665738
0 0.5794930875576036 0.4268802228412256 0.6059907834101382 0.4268802228412256 0.6059907834101382 0.4700557103064067 0.5794930875576036 0.4700557103064067
2 0.6123271889400922 0.4268802228412256 0.6388248847926268 0.4268802228412256 0.6388248847926268 0.47075208913649025 0.6123271889400922 0.47075208913649025
5 0.6451612903225806 0.4268802228412256 0.6716589861751152 0.4268802228412256 0.6716589861751152 0.4700557103064067 0.6451612903225806 0.4700557103064067
